steps	episodes	elapsed	mean	median	stdev	max	min	average_value	average_entropy
31656	3	6319.95754695	2104.4235461	2095.55388617	56.8644090226	2211.973489726713	2045.9314030008527	13.0007087995	2.18940875566
31738	6	6341.09217691	2119.6222876	2121.22601599	36.8351542475	2175.374110946501	2067.3473454345626	12.9877689256	2.18942502119
31921	24	6348.2689898	2100.06401324	2102.10788692	19.0271053162	2125.7456624551714	2068.7799733674874	12.9353215111	2.18942520761
31869	14	6351.37495184	2074.63867104	2067.40342753	28.4125120099	2133.1440408496355	2044.70289014792	12.9539888251	2.18942149767
31912	22	6357.56323886	2092.56707705	2099.17525126	24.7000514719	2119.995834435419	2052.4822142576745	12.9169602096	2.18943095867
31857	13	6358.18240499	1998.37675728	1986.1178329	33.5074330214	2060.1953491890727	1965.280159084272	12.9780714536	2.18941647727
31945	26	6361.471524	2098.6895327	2097.43352152	19.7179958625	2137.936366562543	2071.2248163762024	12.9302038287	2.18945115648
31903	20	6368.87907696	2081.69474435	2071.85183126	32.1081317421	2148.9301677440535	2052.184852547857	12.9748498147	2.18943281373
31870	15	6369.97300601	2112.01183901	2116.09823849	40.220484339	2178.6794180167494	2058.860396607565	12.9354202556	2.18941954506
31993	30	6390.8503809	2078.04097691	2070.43918225	22.8453559783	2117.333099869234	2053.94976578865	12.9143459684	2.18949940616
31743	8	6391.07451582	2041.19802962	2039.22657295	9.87593306545	2060.35586652357	2027.8518521612189	12.9632429233	2.18940986049
31880	18	6402.96851492	2110.45584928	2115.01602926	15.5034423461	2127.6440767596764	2081.0221690738185	12.9342524891	2.18943051326
31943	25	6411.81475902	2065.07066305	2060.63322377	21.4793553175	2092.250627090546	2026.7906242533509	12.9020550203	2.1894768766
31990	29	6421.60828686	2093.54140068	2082.53133949	31.2121578844	2148.536523674622	2055.0432456080184	12.9422267999	2.18947249241
32000	32	6464.24878788	2098.81992736	2092.92525683	34.2723324754	2152.4482072086876	2053.171352579879	12.9165420339	2.18949143245
31873	16	6613.20690393	2137.79520827	2135.86347149	33.0519033688	2182.9324521057465	2078.695418151179	12.9357517441	2.18940685676
31662	4	6621.22522879	2165.41085987	2177.85709533	62.4065466319	2232.575351588122	2074.415580902759	12.9691090158	2.18942331069
31819	11	6621.4145689	2135.53589516	2118.27472509	60.0618396708	2256.1391667337753	2077.940623285341	12.9347145032	2.18944665777
31731	5	6623.46454692	2059.20734183	2057.33145431	17.2885525858	2091.1665523801453	2037.2997495035288	12.9505204127	2.18940416834
31799	10	6626.25876784	2107.93638012	2111.1498671	20.2652380794	2133.330617117598	2063.4693268439396	12.943611967	2.18944299981
31739	7	6635.47510099	2095.21719949	2092.10877919	16.9933792339	2124.751149707364	2065.5851237171064	12.9745449798	2.18942063638
31650	2	6639.50741696	2157.65324074	2135.51748126	67.8871981192	2251.186614351047	2069.304092640386	12.9505827249	2.1894246716
31749	9	6643.090415	2099.89981009	2101.23460063	16.3322754868	2120.705224131478	2069.0963958288553	12.9844259575	2.18941956465
31828	12	6644.2190938	2055.10178732	2045.75523192	26.1309177889	2091.8309279127307	2018.316162378913	12.9518745054	2.18942499887
31638	1	6645.79216695	2095.37844224	2094.87904003	30.1623630454	2145.6192196902475	2050.744346171103	12.9768765592	2.18941703947
31895	19	6650.94001293	2117.88027643	2119.77337666	29.662414642	2173.179460970367	2062.963212563375	12.9356232912	2.18946101641
31948	27	6652.12459087	2124.20576245	2128.12446018	42.8976111955	2184.6637749959664	2069.275226835232	12.9180719803	2.18945953048
31920	23	6670.74475384	2135.90678403	2138.25814869	24.7675117038	2171.7237184410246	2090.062965526102	12.8780371368	2.18944979403
31906	21	6671.03807282	2106.45952092	2103.6149214	50.9829807848	2170.571102996307	2048.7162352749738	12.9237237464	2.18946497307
31877	17	6671.48285484	2115.76721882	2110.56495381	23.2107759941	2157.366358889074	2085.129756556056	12.9599981489	2.18942401156
31980	28	6722.77055287	2123.57019634	2130.62750736	30.7473546641	2156.8197023405173	2063.9513533802537	12.9071333889	2.18948486711
31995	31	6745.07345986	2093.37474032	2094.40641624	16.6727655531	2114.929076268785	2068.219414551086	12.918131689	2.18948979794
52071	33	12666.6482699	2281.92712613	2261.91786222	64.3010946996	2388.2556173364496	2208.395159232504	17.7416768332	2.99595001858
53364	35	12697.5680258	2173.32371311	2180.14035435	56.7886217535	2282.5430813143594	2103.1011500424097	17.7495908929	2.99594940925
53702	36	12702.225852	2175.38866878	2172.53003422	15.639308153	2200.7040299068026	2151.9577220482597	17.7098990669	2.99595703737
53953	37	12710.5217869	2085.79669796	2087.9534844	18.6247376405	2114.3256836213454	2059.1984585283944	17.7201701184	2.99595875998
53180	34	12714.3279419	2100.25255353	2115.23559224	34.3662066312	2134.2363776603975	2044.901098768072	17.7539832537	2.99595269154
54015	38	12735.8870308	1994.01830603	1995.46215567	28.2485261341	2036.05740852927	1954.3008402773505	17.7828662169	2.99595035303
54656	40	12748.5249529	2275.96224582	2282.82284844	40.8861200195	2350.962763268762	2225.834704179778	17.747008013	2.99595962355
54663	41	12754.661402	2112.27484641	2100.87397698	31.7360255448	2151.7001481094226	2074.3799330283114	17.7262561422	2.99596328355
54397	39	12758.6266549	2139.54533278	2134.13153882	29.9087250628	2187.3515289949733	2109.6445138951644	17.7156733284	2.99596617878
55258	42	12781.656431	2087.81256697	2085.75183591	20.5587382263	2134.6197152955374	2062.284720659359	17.7458898346	2.99596801782
55622	44	12795.3538198	2076.46257284	2077.39520703	17.2102108082	2105.2845347399134	2050.603723393699	17.711891274	2.9959873716
55476	43	12803.5674038	2017.88415565	2018.32231729	36.0245155554	2081.0506085313273	1971.6699110868894	17.7202209673	2.99600450586
56060	45	12807.3814099	2036.06389636	2038.81325016	15.7506973241	2061.7309095410455	2004.2118418653451	17.6804349767	2.99601616811
56508	46	12839.0228369	2147.97699568	2147.16018933	18.0280939134	2177.9497619638814	2125.0632140381076	17.7507174276	2.99601869286
57813	47	12915.1575279	2091.9804445	2090.56849074	25.4481187018	2132.23537552797	2053.1471960234016	17.7255837715	2.99605778057
62777	48	13237.8697269	2149.55336805	2158.29730146	32.8390167873	2197.9419483903025	2085.042788663336	17.7030339921	2.99609764901
63131	51	13241.516623	2033.25174068	2033.20271997	18.7215231799	2061.4284176688184	2012.0670669872222	17.701654231	2.99610044686
63127	50	13245.0343318	2148.14321084	2126.43917114	44.8841269035	2239.744022359696	2111.6492963277997	17.7109823321	2.99610648009
63503	56	13250.347975	2119.27824299	2123.22853783	17.9202623449	2142.826013844222	2092.3915618196093	17.7543751987	2.99611117056
63119	49	13250.376102	2234.46568773	2239.83638876	20.6335577599	2258.1945071041036	2189.845889961527	17.7267395405	2.99611581114
63361	53	13253.20471	2122.48832013	2120.77798544	20.5940950688	2151.52954177213	2100.342025795905	17.773569808	2.99610940923
63142	52	13256.77526	2031.65682911	2031.35758279	17.1595168031	2072.529527531412	2012.650147662528	17.7374010907	2.99611575225
63463	55	13268.664119	2191.6044068	2207.8385835	37.4382770987	2243.266950529735	2135.6196186490133	17.7333943692	2.99610986198
63416	54	13273.2204969	2231.72681853	2228.04159046	15.613008007	2257.210392058255	2214.8288425693854	17.7251119791	2.99610919327
63553	57	13279.7460339	2091.92529007	2090.40211981	16.8196171088	2110.6995575342653	2067.207526926158	17.7323844193	2.99611506625
63781	60	13306.2624269	2146.50972447	2141.36257265	13.2389659575	2170.5861112543544	2133.190479588601	17.6860535283	2.99614191859
63794	62	13310.3927879	2209.63964385	2200.89629882	53.6091657342	2280.4123460295405	2147.4413705926972	17.7283332991	2.99612541655
63613	58	13312.303741	2145.36043681	2138.60890259	24.2386402243	2199.6358785948046	2117.853213839316	17.7137048766	2.99613169403
63622	59	13325.0700579	2137.98139611	2130.9924347	25.3105994396	2186.524754708831	2108.759748573356	17.6681879914	2.99613274711
63791	61	13351.1668549	2077.5752374	2074.2393179	24.57480274	2119.9049399989813	2045.6346863712172	17.6752181348	2.99613722503
63957	63	13439.7993679	2178.49503851	2177.49453145	10.7506640598	2191.5655170730697	2160.7255281485504	17.6880645507	2.99617740048
64000	64	13471.425308	2075.36636893	2071.98559678	30.2415679273	2115.9124132584852	2033.335542585454	17.6930092092	2.99619515508
76389	65	18997.5872629	2391.21633372	2398.13910039	28.4141754569	2433.884076905969	2338.9224491283803	19.5430153016	3.29291886591
77401	66	19026.0468738	2346.99278028	2339.82554265	40.1085054709	2423.3851357764624	2283.6066174858083	19.536276696	3.29291992692
77839	67	19048.658118	2202.08740383	2204.03855849	41.2989587015	2250.300783393886	2140.2179165538023	19.4816607948	3.29292224684
78029	68	19068.5421379	2126.48777624	2129.41565404	39.0770159935	2182.83268492326	2070.0044006420026	19.4721155743	3.29292239713
78155	69	19072.8344419	2052.97953198	2057.67042245	15.4479568069	2077.267262153563	2022.2617227600801	19.5411702275	3.29291951123
79852	72	19112.732137	2060.11637897	2067.30764355	27.9443197553	2088.7160773402097	2005.6794468441417	19.4864443469	3.29291804419
79525	71	19120.1581869	2287.65774691	2292.56022874	43.4266208614	2337.08438815441	2217.561675389807	19.5440385429	3.29291879641
79043	70	19134.7970338	2053.42077318	2048.5599283	13.2571887384	2077.3228209237614	2030.8841385497865	19.5241588649	3.29291536197
79931	73	19153.817286	2146.75676558	2141.31484014	20.252679241	2173.722159329924	2114.5729714867534	19.5061757645	3.29291708364
81754	77	19179.5583129	1971.65330622	1972.66014552	10.8809522934	1985.2365785218121	1950.1167338374216	19.4463795524	3.29292367396
81201	74	19181.6488559	2091.93323049	2082.9338933	27.1315918369	2128.569562197103	2054.3374963079855	19.516462153	3.29291783017
81576	75	19196.549526	1988.95488407	1996.63517561	28.0369873937	2022.9395386291617	1948.211651051119	19.4834357386	3.29291880618
82908	78	19285.0898988	2083.19140402	2081.12657948	14.8072210137	2113.9833140796127	2061.9158804103263	19.5281938435	3.29291475114
81613	76	19433.3954508	2110.45310975	2115.53393981	23.5101449602	2147.751249808194	2074.8452945162617	19.5382053848	3.29290350244
85180	79	19612.0371008	2128.69117163	2125.7114656	17.203881613	2154.4656572925596	2108.375662730454	19.5130466838	3.29292129619
95425	92	19720.1384099	2158.78811739	2144.3994697	30.475724034	2200.6225446820563	2123.064793869367	19.4935945076	3.2929655607
95639	94	19722.6076498	2091.82375251	2090.3013814	22.4102192486	2126.950604480056	2057.7082632988795	19.448378866	3.2929683963
94083	80	19850.027787	2158.23298148	2170.88806212	58.2545818873	2221.8845342050263	2077.3538791576852	19.5026855992	3.29294328853
94147	81	19852.613827	2079.0288338	2084.65164448	20.8545087289	2099.354848212192	2045.3046036236026	19.4682873251	3.29294149014
94336	82	19858.7021539	2195.6544955	2203.14679683	26.8759271586	2225.563290489419	2139.1830201701723	19.4816052858	3.29294412657
94584	86	19869.8769388	2046.36604416	2046.98674177	24.533236575	2080.5690585973057	2000.4747183830623	19.5221446003	3.29294872736
94478	83	19876.4347548	2277.91590252	2286.83016833	45.7915131392	2331.7393270423863	2203.177035868054	19.5213507386	3.2929483562
94514	84	19883.5450008	2078.95554571	2078.12431595	17.9201982336	2100.3286031838174	2051.1714791501645	19.5643300574	3.29294631499
94570	85	19887.7987669	2151.10934232	2149.04513795	8.92819139988	2166.4592609037077	2140.8773227005477	19.5712938489	3.292943013
94963	88	19893.9240439	2152.80058954	2155.74317224	42.1827629042	2202.503780549528	2093.1763039626967	19.5471560093	3.29295127332
95014	89	19918.552506	2307.17145017	2286.81911163	56.1548552335	2415.4657742585377	2247.011320697378	19.5346529476	3.29294534009
94886	87	19927.188664	2170.5230446	2195.42325962	52.0642616813	2222.202520485668	2077.5608361192176	19.5429234941	3.29294382367
95367	90	19953.7528219	2257.56095036	2259.06584516	19.1939643	2285.876341246789	2219.6247381251956	19.5002290216	3.29295911679
95504	93	19970.237792	2100.87272132	2103.49745674	16.3978913613	2121.7023249789677	2074.5034701340746	19.4003590253	3.29296397437
95415	91	19978.6954889	2175.13161989	2175.0267456	11.2698424611	2190.883655550121	2160.213666606494	19.5226792336	3.29295979764
95945	95	20147.7100298	2205.14356781	2208.38636068	13.9160584084	2224.185374076232	2186.2322114040076	19.4442792503	3.29300456902
96000	96	20180.328383	2060.71994951	2058.7901333	9.20242297477	2076.156601859387	2047.1551289725949	19.4551339176	3.29301720353
106382	97	25257.837528	2394.60862157	2388.93979301	25.9379449917	2432.541349637729	2345.803505293928	20.2483870883	3.40215921627
107048	98	25316.7155318	2367.83650506	2362.08808315	43.1919677845	2441.736040898438	2314.858382436439	20.2382940691	3.40215962026
107589	99	25350.6051939	2309.89553391	2315.17677343	45.1046080799	2362.7473783423065	2253.898028150503	20.2182034935	3.40215908998
107953	100	25358.178371	2225.76711268	2228.09163023	22.6643107173	2258.282107252911	2179.2428735890385	20.1684826585	3.40215950728
108014	101	25386.7178049	2070.72698832	2071.56908831	10.8184872227	2089.8363620859973	2055.5381446789966	20.222364122	3.40215701005
108887	103	25419.5626709	2471.26604817	2478.41265285	60.8252061148	2561.062939342697	2368.336331822225	20.3291320394	3.4021579635
108762	102	25442.9992559	1964.09725071	1953.61030081	24.064926568	2002.670254554161	1933.0141608183426	20.245273347	3.40215723829
109137	104	25452.7000079	2042.01862974	2048.23375801	28.9476858143	2083.827811707885	1996.8493396936174	20.2538721828	3.4021559842
109720	106	25481.4724209	2043.43779318	2033.78896483	38.0357342166	2100.00586444518	1978.6989471915626	20.1615066601	3.40215944104
109440	105	25496.9719038	2074.61535106	2063.19716385	40.3239385584	2134.8397174514703	2026.2248642454697	20.2407977051	3.40215694178
109748	107	25529.368659	2126.15249875	2117.8907039	32.505760809	2190.0882542203867	2091.0901191502344	20.2808535769	3.40215539559
109944	108	25537.0091829	1998.40417168	1995.35583559	17.0418033471	2027.702478952051	1976.1077103763664	20.1865093047	3.40215729873
110797	109	25640.072269	2103.38222542	2107.72157433	20.2696634242	2130.981294942572	2075.7840650383696	20.2519878127	3.40215421247
114299	110	25742.6664319	2124.89591914	2124.37106963	21.4717112858	2163.088285719014	2095.4775673358295	20.252832638	3.4021427352
121865	112	26052.024487	2160.69415664	2155.6016322	12.9163598054	2190.9235690870314	2149.6922415168883	20.1211878448	3.40214972847
119840	111	26351.231539	2167.16046109	2164.25276731	28.3847980618	2206.2193617804005	2129.0362468986878	20.2086606571	3.40214008593
122707	113	26483.858459	2139.09940261	2160.21069116	45.3259513599	2182.907393146491	2062.8419452916087	20.1881924564	3.40214691364
125926	115	26502.0914309	2142.69105158	2137.14381387	18.8138809896	2174.5410430807815	2119.7634878591475	20.1728282249	3.40212253069
125861	114	26511.8266718	2253.72730915	2250.37555441	31.3629771213	2298.3727472983765	2213.175266383527	20.1844220917	3.40212684112
125978	116	26540.9451358	2187.49301717	2182.03842349	21.3259678872	2237.5479408228052	2165.576371314647	20.1458371732	3.40212703986
126224	117	26545.9194398	2022.8690911	2023.06067202	7.78208073031	2033.2760181876058	2009.2578168515154	20.1840446441	3.40212711842
126602	120	26566.9430099	2063.0295699	2059.92123537	9.59634154541	2082.1620771136595	2052.2349028400718	20.2366289951	3.40212457145
126595	119	26580.973496	2161.66347831	2161.32897439	16.2647044058	2188.70225387634	2140.2008699085495	20.2456048708	3.40212192342
126446	118	26586.2981219	2277.55586804	2276.02824263	19.3559321966	2304.49408475742	2250.6375264063386	20.1952951301	3.40212618906
126657	121	26592.0378389	2180.53067357	2177.8665231	18.0699890536	2207.592263287656	2161.3075512409882	20.2321077081	3.40212619329
126921	122	26592.7214	2367.20453338	2369.29295537	38.1490646393	2417.9900248539902	2311.7956241161028	20.2357433271	3.40211973926
126996	123	26603.2740538	2156.89346965	2161.67420341	32.4164912893	2193.605470057513	2096.8144544986594	20.2589588343	3.40211959603
127334	125	26626.821188	2112.89886751	2104.78089886	35.4459763901	2160.0811165767172	2072.9540145793053	20.0495367815	3.40212755483
127227	124	26628.0269489	2172.58773444	2171.1734839	16.1844070316	2196.7743303183315	2141.3808242445534	20.1659809388	3.40212391303
127394	126	26707.9417799	2187.65173862	2186.4621118	7.70654510111	2204.880749891285	2175.6593094134773	20.1849181322	3.40212333648
127944	127	26887.582696	2237.91803917	2237.64649555	23.5657932455	2276.172449555269	2195.7781291220494	20.0810610743	3.40214276343
128000	128	26926.112232	2139.33444407	2142.08353278	55.4688897198	2215.467491141542	2074.2118989633927	20.1181302017	3.40214713687
137337	129	31611.4025218	2510.25569503	2511.06828574	62.6199786613	2614.1916263885428	2405.86121397164	20.5609016727	3.44230824238
138486	130	31635.7398689	2546.86847905	2549.72878743	90.9634418478	2688.8139774721417	2409.344202456075	20.5804111038	3.44230895535
139334	132	31677.6014919	2272.51304056	2271.70172973	33.5558278825	2314.209015998164	2213.7467419245245	20.4565219824	3.44231447153
139260	131	31682.5502799	2411.93441581	2384.28518518	80.7122611897	2527.6512339200144	2329.395870483206	20.5382988027	3.44231053898
139831	133	31737.1930909	2077.20001216	2075.89671728	14.9909259058	2098.5920985861776	2058.2781269056745	20.547166435	3.4423148865
140306	134	31757.577255	2464.19340337	2475.9889619	44.8654088793	2539.439779614515	2397.807815074739	20.6908061671	3.44231693929
140645	135	31800.6807969	1975.01888922	1972.34404366	13.1275518447	1998.2744028654383	1952.5978719010684	20.5981434343	3.44231668402
140761	136	31815.974983	2064.3723022	2051.19362376	47.5449869251	2148.5065357746607	2017.5343294786512	20.6171401554	3.44231979417
141089	137	31823.6380589	2117.81326238	2117.41859448	7.37418305411	2130.134813213298	2109.623754457867	20.5035037268	3.44232135956
141341	138	31871.8806329	2057.37161862	2053.02778969	22.1183899745	2086.856237512728	2021.0070389450314	20.5796513861	3.44232134879
141537	139	31898.128644	2193.50799629	2188.15814191	31.9979009903	2238.1460420769026	2151.4729134155327	20.6385622221	3.44232358135
141615	140	31919.3408439	2016.29258022	2014.69464209	6.08838374328	2032.375244165359	2011.3084341703338	20.5294909231	3.44232339858
142154	141	32037.1945639	2181.91170935	2194.41886421	29.9416629219	2218.2937967673665	2126.021813135364	20.617402057	3.44232622716
142479	142	32096.078882	2187.0547122	2177.23057163	36.493892378	2272.490330110857	2153.7075288769242	20.5807882052	3.4423225261
145226	143	32374.9347558	2184.27286565	2181.74822046	36.1213321539	2226.3565386986393	2139.8023247138103	20.382994679	3.44233220564
153023	144	33104.0012999	2283.09924413	2278.00627984	23.8257393331	2311.89330259764	2230.580084229252	20.497113657	3.44231709403
157096	147	33185.58707	2425.26501773	2430.530067	87.415260087	2529.840263055643	2305.8822085333636	20.4645914198	3.44229880277
156840	146	33185.927928	2130.94641861	2125.34067994	17.9688754952	2162.322547236885	2109.15476011454	20.4446912783	3.44229916247
157721	148	33218.829165	2258.4724978	2258.33644913	11.0164105672	2275.0808255275556	2233.461588899039	20.4220660356	3.44229803887
156685	145	33232.6148069	2039.19924934	2042.15349776	14.028451981	2061.165397607474	2013.9953834236928	20.4942914566	3.44230542747
157825	149	33237.9210858	2038.63356096	2043.0267327	29.1054832284	2076.0742778496983	1999.5054889331316	20.5120153605	3.44229812564
158231	150	33253.3286839	2053.83003428	2052.58562033	14.9475185804	2081.561758068131	2035.788783974769	20.5489252735	3.44229511572
158574	152	33261.735338	2198.85859869	2201.20478981	24.5649971165	2240.9808294998866	2154.992617878578	20.4746695036	3.44229661016
158627	153	33280.5749948	2379.45735466	2359.84512806	64.5977503847	2470.415354839457	2302.1745949199253	20.519404564	3.44229503384
158636	154	33282.1674969	2227.73596357	2230.96741038	29.2397717625	2260.516378607909	2175.9523526630433	20.5201854036	3.44229708288
158500	151	33300.1328518	2102.01373977	2107.07100983	16.784453888	2123.1825926280585	2071.2654849388236	20.5412410393	3.44229614542
158902	156	33312.4579699	2192.17987844	2201.60244757	38.9715695371	2235.539922168827	2143.2525360069494	20.3658482301	3.44229911463
158734	155	33329.5721478	2271.27774243	2276.9929478	28.8725187973	2298.4810527794234	2202.1074823437916	20.5814641767	3.44229366069
158947	157	33346.5663779	2139.45868068	2139.43762703	11.1731526506	2155.2458796325145	2121.5267423060354	20.4685486265	3.44229596362
159348	158	33423.7174199	2165.21464578	2180.53317944	37.7662919098	2206.4357900238433	2103.7790200344116	20.4794469282	3.44229531733
159945	159	33670.6071949	2349.21369283	2362.86526765	33.0015532957	2381.580757175087	2293.230892671286	20.363053695	3.44230113781
160000	160	33676.9228029	2216.09896612	2222.80325058	26.3443581814	2258.6456038030697	2163.4434828444864	20.4271987478	3.44230244924
169150	161	37936.3621049	2552.36371056	2521.90900918	88.174326032	2669.5156377226963	2452.9755879061745	20.719875274	3.45708749254
169678	162	37983.5460858	2663.58017797	2665.7509763	23.7739284257	2712.895778374605	2626.2914234657223	20.7703045712	3.45708905177
170650	164	38022.022521	2549.7644917	2539.22285779	61.2151665374	2625.232017537022	2463.983306147794	20.6882904311	3.45708941388
170581	163	38037.5648119	2359.10240502	2367.29396636	22.1687991717	2386.1583241905087	2314.514507634147	20.6221259592	3.45709155257
171545	165	38095.2182448	2075.80104345	2079.45387951	11.7665584217	2087.2612747431253	2057.655464442588	20.7144202356	3.45709246986
171883	166	38104.5942819	2426.86918706	2425.49056178	19.73671902	2461.742861848546	2397.6496733887434	20.8203157738	3.45709308687
172540	167	38158.2954309	1995.83384202	2000.95718809	11.1941139791	2008.5519137672252	1970.94976468739	20.7431419513	3.45709237132
172807	169	38183.4623969	2126.06162374	2128.71554206	11.3701863122	2143.26954363441	2110.319758150368	20.6264235589	3.45709459124
172746	168	38212.1135838	2141.98424538	2145.82618266	22.3989826402	2184.8469606783483	2113.47889178346	20.7827031354	3.45709630572
173315	170	38243.7718749	2088.94838622	2091.16191307	19.4905316502	2119.4941774582176	2063.320401907239	20.7587194267	3.45709442579
173551	171	38279.664634	2194.97893417	2192.41635723	26.8549900184	2242.6499943112203	2162.591870533386	20.7784410195	3.45709245567
173709	172	38306.0719359	2013.36745375	2011.17690007	13.9054028523	2038.150788821398	1997.3178642498217	20.6941058456	3.45709333476
174327	173	38440.061321	2258.55108587	2251.34128271	29.238817017	2306.4443711147774	2215.3049787432383	20.7445671058	3.45709333779
174520	174	38659.161592	2255.62013214	2265.47405028	34.275755179	2307.8314923785565	2210.5796894291575	20.718609316	3.45709529398
175000	175	38760.0958078	2232.77670317	2230.43858597	15.5311161397	2258.05306531438	2208.7326330692736	20.7250325355	3.45709881344
188190	177	39785.6615069	2601.99572346	2601.43912837	43.599736352	2646.905768227862	2520.9711401677223	20.608054418	3.4570688003
186531	176	39795.9220059	2268.36173466	2277.49122148	35.1368667508	2317.216033834719	2207.858064845337	20.6559782967	3.45708970368
188285	178	39796.714798	2099.16240594	2090.54224877	29.9128079759	2145.5687757978676	2061.9680954256123	20.6047252245	3.45706511533
189057	179	39845.5132279	2251.23105367	2246.18641454	15.1148373161	2279.8694578895916	2234.035103482224	20.6218328133	3.45706675167
189414	180	39863.7890069	2098.87274364	2092.25884024	30.8054294757	2160.016032261287	2069.1079542336456	20.7204793818	3.45706194646
189743	182	39865.352268	2144.13058641	2137.69340386	38.4619141179	2190.0452045006164	2094.826435423224	20.7114753001	3.45706014322
189876	183	39888.6492379	2166.58476937	2165.97279393	30.9543154202	2219.3539528523584	2120.461569716553	20.6265298057	3.45706013088
189495	181	39905.450784	2011.25370559	2009.01006925	12.6975391342	2036.5793416759539	1990.8811555428736	20.6830782323	3.45706602262
190124	184	39914.7439029	2570.0505489	2589.96285474	63.5371067989	2681.640460995025	2485.3773406218884	20.6514565761	3.45706189012
190144	185	39916.8790069	2191.13174293	2182.46195502	30.9074665185	2235.3721454669767	2157.784772834517	20.6865032169	3.45705604334
190478	187	39921.5428109	2206.50957255	2218.73837681	34.6054051226	2245.7014642673194	2160.0888151599333	20.5056384728	3.45706124259
190407	186	39926.3207488	2091.23695144	2095.49895849	19.961551499	2117.9305863679315	2056.3972606704433	20.6991342794	3.45705972725
190636	188	39971.505213	2326.28140776	2323.51467697	40.7026757361	2386.1205943535424	2279.7043517194693	20.7477396179	3.45705804228
190777	189	39978.5464778	2040.91814352	2040.76415083	42.3147083872	2105.8806652319827	1993.2207521822872	20.6388524626	3.45705118073
191183	190	40091.7942119	2164.95399472	2176.47927227	48.9542503281	2218.7614415313437	2086.1326520696603	20.6364673813	3.45705090293
191981	191	40118.1877759	2392.95445735	2400.04106828	21.3000380433	2417.5706944164954	2358.6916911396906	20.4523262433	3.45704930158
192000	192	40349.713964	2133.73851824	2132.39639506	23.5589940416	2172.6588617512416	2103.9600992788587	20.5398368706	3.45704713114
200281	193	44293.2975419	2743.51424563	2752.82622685	76.9433428133	2828.845404188099	2578.217814416596	20.7199851297	3.4625197334
201153	194	44345.2375638	2744.49351143	2738.72166952	37.9865573956	2798.8060407182857	2672.922380048613	20.7838503732	3.46252094375
201954	195	44373.841857	2614.53433778	2609.16844146	38.5012972428	2677.75507310007	2565.280041266476	20.7051635476	3.46252459283
202196	196	44421.835413	2378.59878933	2390.93360681	37.1165616743	2423.1836121835263	2323.920464400309	20.6841593514	3.46252404535
203055	197	44462.3798389	2032.67404961	2031.88596188	11.1987321382	2049.0565109289764	2016.3904736077188	20.7650622197	3.46252599548
203215	198	44471.8173158	2549.87081909	2551.58468428	56.3705803926	2615.6985663969276	2456.634479386401	20.8361356523	3.46252427997
204248	200	44554.4734969	2162.08705063	2162.39388447	23.6922143314	2195.3019415119006	2133.327009468848	20.6189541885	3.46252246612
203994	199	44557.798126	1948.41314928	1940.75133727	19.0667619117	1979.1756763566477	1926.7074736349148	20.7742538298	3.46252217423
204606	201	44592.8544898	2205.48944983	2209.67189519	22.8000688623	2233.888936320486	2177.8455368051978	20.8313565088	3.46252291976
204924	202	44625.501009	2026.35751765	2025.74812307	18.0175195821	2055.501099799562	2001.1126742937047	20.7867970613	3.46252479203
205207	203	44685.2321899	2251.44659079	2242.95528233	25.3559056327	2299.26756518222	2222.590296391427	20.7838910546	3.46252212748
205465	204	44719.5676389	2018.7138711	2009.7370914	25.5991102924	2061.067463370906	1993.6560687748774	20.7106073391	3.46252019614
206109	205	44858.0625038	2299.25824116	2309.01104039	30.8374499907	2336.9746854006544	2235.215456307978	20.7767538324	3.46252424644
207000	207	45117.248065	2301.63514238	2308.22390624	38.7599946846	2365.842125542056	2221.320350328319	20.7616309397	3.46252926909
206847	206	45357.0369799	2183.34811371	2182.03395818	31.5810008334	2223.356857828235	2144.0216155209328	20.7108899517	3.46252625516
219661	208	46442.8738139	2749.05865542	2744.44991348	52.2332984862	2840.0597969436985	2661.088072204942	20.6698348064	3.46249480417
223587	223	46489.378453	2528.27000942	2550.45759083	50.2832509811	2580.2410829625755	2434.5975048849723	20.4624301432	3.46248764387
220036	209	46514.5189729	2031.67790054	2028.92761268	17.5504634014	2060.6448373597177	2007.2131639932416	20.6300392841	3.46249173247
221587	212	46548.6186609	2159.60152759	2166.01413533	19.3218145082	2187.166131090688	2116.398614958306	20.7646250291	3.46249044175
221609	213	46563.4145248	2142.72716148	2142.04728856	34.8162493075	2188.3203520452344	2090.6874383440677	20.7513234105	3.46249007279
221290	211	46567.8329129	2245.05212365	2239.49367537	16.5206735925	2280.5235968815928	2229.415407032319	20.6656213065	3.46249318359
220211	210	46577.9336228	2227.00892907	2228.55410524	14.4161662679	2244.8483061971547	2206.138396793484	20.7251242834	3.46250239606
222448	218	46602.970876	2148.37754026	2146.26055274	12.9445651804	2172.577329547407	2129.821895981095	20.5341933381	3.46249429009
222031	214	46620.8571658	2158.3028317	2172.62564048	36.4513944743	2195.0187708268686	2089.579655660194	20.6657092791	3.46249193709
222344	216	46628.2038729	2551.02573876	2561.81430777	31.1462566667	2582.6641881265728	2483.071026760192	20.6446881586	3.46249065461
222404	217	46630.728977	2150.06837652	2151.14061389	16.8088273801	2173.4958605296547	2126.5051637534307	20.6839864424	3.46248983064
222549	219	46632.6088798	2056.54332915	2058.28035193	22.1348052429	2087.204684448779	2025.7672624077418	20.7057737493	3.46248957868
222172	215	46638.023392	1951.88901417	1945.5239824	32.513299578	2011.8176395972914	1917.2428152474245	20.7045347849	3.46249151678
222914	220	46688.411927	2405.15957173	2414.45561049	39.7171974379	2466.1190351876294	2344.1773307343046	20.7691407091	3.46248984147
222995	221	46713.59443	2005.16988694	2005.96281474	7.46008367374	2017.2845291647125	1990.8006977597609	20.6693193494	3.46248673442
223556	222	46845.2299559	2280.3812674	2277.36335295	23.2239189422	2313.0242892986403	2235.71181939426	20.6017535115	3.46249032134
224000	224	47102.742157	2183.36280462	2178.23822647	21.5434555826	2218.273926175872	2140.8171080675647	20.455422914	3.4624932462
231436	225	50625.0559468	2895.21980525	2881.24648161	48.8476618199	2969.5406300720033	2822.961140122299	20.7406009567	3.46452755739
232601	226	50691.4799809	2547.21913278	2491.80974307	109.301202523	2725.442132701533	2440.5572470838497	20.790967078	3.46452699291
233208	227	50715.2118099	2571.99541022	2577.29169064	30.173334842	2612.334187889937	2525.8902944325437	20.7388012473	3.46453118208
233982	228	50764.8681159	2299.81288777	2299.38823321	20.3253187002	2326.0337738574885	2265.1004001099277	20.7135924169	3.46453178051
234651	229	50821.726995	2027.66650016	2029.68313138	9.90937775756	2039.741446130257	2009.8414760344679	20.8023555273	3.46453006489
234695	230	50821.7787859	2754.60899011	2768.38456794	106.950046992	2885.9815159720133	2618.656225819951	20.8778359976	3.46452993638
235729	231	50900.024575	2201.96429341	2201.63940175	13.6739779938	2225.251902789832	2180.7257057972124	20.6738853677	3.46453306106
235831	232	50919.914444	1960.28894076	1952.35469649	18.5383155172	1993.3761766970904	1936.2304232599936	20.8545424272	3.4645321295
236199	233	50958.3916938	2232.84373452	2229.26882488	17.514330555	2262.976480479199	2207.9860525793306	20.9122960136	3.4645307812
236484	234	51004.4107628	2004.76148717	2003.74186482	16.2288426774	2031.8868946664918	1978.5821264352849	20.8399526239	3.46453154328
236890	235	51072.469193	2258.48664774	2249.27052725	39.2226623629	2322.666896830808	2214.640162836925	20.8870203943	3.46453198532
237089	236	51135.573813	2044.09277741	2045.51914997	12.2163313185	2059.6968974830784	2021.088607029681	20.8117431427	3.46453243054
237680	237	51258.889982	2310.56788628	2311.1636033	12.2036524384	2334.171215164037	2292.211151152155	20.9161090623	3.46453465448
238552	238	51496.9648769	2391.93560854	2389.31870294	25.9249356232	2425.8564201874237	2354.720048639677	20.85348326	3.46453708672
239000	239	52024.3102119	2242.76264298	2260.88514196	56.3491177641	2308.308633678749	2138.06814617729	20.505216892	3.46453411642
251316	241	52992.395308	2433.78991012	2433.31278454	22.8464401932	2467.2868563366924	2401.281453828353	20.5116784917	3.46448908738
250609	240	53032.355793	2702.03084215	2690.38420023	48.3819812671	2790.921911761622	2643.244770295967	20.6372327888	3.46449773469
252354	242	53116.855947	2055.97622959	2059.28100305	11.827607455	2068.8132928939754	2030.1096894062355	20.5881464091	3.46448805361
253154	243	53129.4898798	2209.32351504	2207.77167716	20.4391071528	2241.0979626479652	2181.1163822300314	20.7550125519	3.46448894162
253535	244	53151.8288648	2167.09126917	2163.93800046	19.4184605155	2193.1013966638434	2142.5456939461214	20.7347630904	3.46448786941
253645	245	53168.6275878	2210.53343306	2216.32940434	23.4371858848	2236.3877551296105	2171.347430718703	20.6336627326	3.46448951277
254209	247	53174.6176929	2134.89474515	2141.77197611	29.286884959	2165.743536068644	2088.906244204792	20.4774410895	3.46448524951
254501	248	53222.5995848	2079.90745498	2086.10607359	36.8893882924	2125.499965630028	2029.363022652743	20.60434919	3.46448760404
254654	251	53243.6550779	2053.61549684	2051.91104761	26.5654353926	2092.8265271674863	2021.3875790508598	20.6600455392	3.46448137762
254616	250	53244.278177	2375.55297086	2393.5238371	63.7554673021	2453.6311381791415	2266.1114390120815	20.5938544077	3.46448522003
255037	253	53244.7113039	2366.30288029	2357.77013985	45.280572072	2463.4094381222835	2319.5536361989666	20.7405068308	3.46448091775
254593	249	53247.8749528	2065.60615502	2086.22838961	56.1291589738	2136.552051912191	1993.1415585012999	20.6503979318	3.46448591119
253954	246	53258.9540679	2186.21198695	2190.52459307	48.4252767506	2253.744910757013	2122.481734745017	20.7367216387	3.46449060495
254723	252	53285.8464589	1945.11993599	1943.44912173	15.4645337733	1966.246881718741	1926.4619596288903	20.671793445	3.46448299526
255160	254	53326.459954	2081.99479093	2081.86137174	34.5099548192	2127.065565495155	2023.313047061891	20.642252403	3.46447835759
255582	255	53479.745162	2264.92748916	2281.69293203	41.5073218445	2318.916653727296	2200.2784478353565	20.527363603	3.46448047331
256000	256	53749.0057838	2215.44689992	2219.22150732	16.2082835919	2240.4184464593773	2188.903662952804	20.3442246174	3.46449920864
262999	257	57049.5496418	3007.50652792	3005.33372974	45.8403475088	3088.0014399255115	2952.1966715402805	20.7831831633	3.46526217969
264294	258	57135.7949519	2467.87365861	2480.86612877	37.7657259921	2525.2973165592257	2418.49970410127	20.810069136	3.4652598129
264833	259	57153.2288449	2524.02788148	2521.12225276	42.1814317055	2594.9083653265147	2479.160037096406	20.7560732048	3.46526444546
265619	260	57211.6640749	2292.06363341	2286.56788618	17.3761551335	2324.7275156460873	2268.383413628251	20.7389761409	3.46526568377
266471	261	57294.219589	2015.60235067	2013.11979914	20.1413103577	2047.901508710568	1988.067435934804	20.823132325	3.4652649134
266498	262	57297.9305089	2843.44799019	2848.68452456	49.7762986111	2923.6157678090703	2767.21782089485	20.9262550328	3.46526527068
267338	263	57356.7746799	2189.16173918	2194.94573095	28.1150070905	2227.035376812449	2152.830010045147	20.7412263564	3.46526551594
267606	264	57401.5677409	1913.64979262	1912.72941649	9.05901592048	1930.9065596886544	1903.1792442935973	20.9300214056	3.46526625927
268028	265	57440.489898	2246.11662579	2259.81627595	30.9222003916	2281.103017288278	2207.4453032497063	20.9966476593	3.46526545508
268397	266	57467.7362208	2055.08049848	2053.94862314	23.0972970918	2090.777937476195	2016.7417683671617	20.9163930835	3.46526793723
268873	267	57552.5207539	2313.47993467	2304.76624943	40.0196177995	2394.5902478216617	2270.8931403013503	21.0059614512	3.46526589843
269203	268	57649.2176239	2039.19004875	2039.52646623	15.0245045577	2059.9661431987192	2014.3826668045633	20.9469410495	3.46526411128
269611	269	57793.3078048	2337.43533067	2335.51024327	16.411253361	2365.4950179890593	2317.2841969141614	21.1196863319	3.4652671587
270123	270	57949.3089509	2373.17289353	2368.4404487	19.0182906292	2400.376813587359	2350.176974016889	21.1061761546	3.46526819079
271000	271	58613.750433	2254.46045211	2256.24592167	19.8505060527	2288.0977038950864	2223.162251636276	20.3544740644	3.4652689197
280984	272	59535.6523719	2489.91736439	2492.46886328	31.833274187	2531.9525539660444	2452.0466811272936	20.5433904681	3.46524299357
282157	273	59598.3599648	2890.83437849	2893.38796681	85.3025099465	2991.2317784764223	2725.090240214064	20.6389858963	3.46524284112
285265	277	59671.7522769	2271.47240611	2262.13872208	42.4336192525	2326.7968424678556	2219.989218239179	20.589739207	3.4652311298
284125	274	59688.0143988	2032.29123458	2029.75561307	14.2829871035	2056.392284425094	2014.9790446396428	20.5532110984	3.46523341777
284435	275	59692.2496898	2164.64132381	2159.77304167	34.4097335856	2228.257247978621	2102.3232325135295	20.7662074805	3.4652318319
284973	276	59738.2853768	2105.47021938	2096.60146645	41.588717248	2163.421344662774	2051.567046737986	20.7640293081	3.46522851364
285315	278	59746.8179898	2129.68366909	2133.83417269	24.3534916122	2164.0694649259026	2096.2066027628293	20.4958526	3.46523107966
286237	279	59829.7704558	2050.87856881	2042.51045085	15.8034355136	2084.14147523697	2034.1396366680851	20.5964659665	3.46522904762
286534	281	59831.088428	2396.05449974	2354.80513969	74.985117611	2516.0526493938764	2317.5808552507433	20.7768576213	3.46522991627
286499	280	59836.0916119	2002.44889634	2002.73153943	15.2065823843	2024.762282352641	1980.6493903443209	20.6548088238	3.46523088567
286570	283	59851.9676578	1965.95105868	1965.99327416	10.8485100422	1983.6161216341666	1947.735228605862	20.6543985416	3.46522881401
286551	282	59861.4328089	2237.11513683	2236.84907118	29.8196735054	2277.548836722018	2171.533972356568	20.5961599544	3.465231059
286883	285	59897.1005628	1962.43633268	1962.97685693	25.1079966238	1998.2115477383054	1922.8205270669164	20.6645840268	3.46523220626
286727	284	59910.6743579	2128.28212364	2126.36591701	8.4844788528	2143.757134301297	2114.0059194793976	20.7309486263	3.46523266487
287054	286	59937.179842	2061.71169179	2053.64672235	42.0163763904	2132.1196142133886	2002.5677214211948	20.6464042223	3.46522837829
287555	287	60097.8799109	2164.34382651	2159.62490193	24.8073897596	2205.7901688948223	2129.3082666948276	20.4753981429	3.46523682424
288000	288	60369.4498808	2238.87580459	2239.81847356	19.3646595942	2260.2499924779577	2207.987906704974	20.2749597559	3.46525049051
294258	289	63466.1014779	3105.2667278	3109.29620426	49.3953122555	3173.4618169997425	3017.2954167306657	20.7758634349	3.46553444696
295821	290	63569.765867	2480.6501364	2468.51194916	33.7466315752	2535.2551308905417	2441.6688532492703	20.8129636481	3.46553755762
296079	291	63601.201622	2549.10842236	2559.18273337	58.2434166486	2628.2182226535165	2458.749303416376	20.7322282831	3.46554084143
297151	292	63662.298085	2356.5107947	2364.47332292	23.6424524564	2375.730392637258	2300.955225473001	20.723786989	3.46554152455
298242	293	63738.8533309	2025.46063896	2025.836481	7.91881209346	2039.281413248581	2011.4415487481997	20.864245819	3.46553737566
298318	294	63758.9640779	2724.6750456	2742.39879178	73.9111532682	2817.281409893749	2602.974954847071	20.9526102513	3.46554076477
298999	295	63819.3324878	2140.67622707	2129.99569667	28.733567887	2192.375366405617	2105.137946427499	20.8076526071	3.46553622158
299551	296	63880.4828169	1900.74820845	1902.30878907	10.2771720695	1912.9848078066173	1883.3754893127837	20.9847986332	3.46553821031
299945	297	63909.640517	2287.97428933	2287.13717117	15.9439562959	2310.7515824759635	2259.9171609818045	21.0626045088	3.46553611577
300164	298	63923.8410718	2120.15504857	2090.47201285	55.2448030827	2226.5088396957826	2075.781265247139	20.9892224378	3.46553669537
300768	299	64065.3245289	2467.67892178	2471.70651631	25.9002991	2496.8759221252985	2426.779974844425	21.1049623	3.46554048113
301267	300	64143.9423749	2081.45262092	2093.9238324	36.2817845776	2122.0348367318943	2030.4853256254057	21.057308627	3.46553908515
301749	301	64301.9812949	2260.76082168	2246.17875595	28.9832656342	2305.147740859829	2230.8854079923303	21.2923171337	3.46554160316
302000	302	64411.5415759	2384.34817114	2392.67483769	29.4821368812	2418.243127233849	2327.0260418882026	21.3401875204	3.46554521045
303000	303	65226.927037	2281.1709271	2281.12917097	26.2741161061	2318.955486109025	2246.284713103953	20.3630331681	3.4655496533
311999	304	66054.6676178	2471.04608834	2457.06209833	40.9041562289	2534.879411643022	2429.895024233645	20.6148536318	3.4655310953
315391	306	66128.409972	2256.69172787	2251.56231663	55.9411274259	2331.7348138376838	2169.0029033862993	20.6109600408	3.4655153175
313503	305	66146.980583	3047.50354084	3011.84360407	127.532205974	3220.3009988041704	2897.696104847776	20.6813230221	3.46552172056
315778	308	66277.6423728	2070.45093737	2069.79784337	17.0748485042	2104.2991391013516	2044.735503464561	20.7969113905	3.46551376752
315731	307	66299.1672969	2124.21997536	2118.04996308	48.5517411515	2217.1582514750858	2056.0261630237874	20.5385073621	3.46551420166
316796	310	66325.1767449	2143.3406143	2149.93469071	16.3436121277	2160.4442261939685	2109.642065481515	20.4982628025	3.465511544
316626	309	66329.515923	2047.0298464	2046.91822747	9.40163963805	2058.1417989384113	2030.20018110547	20.7956243321	3.4655102662
318087	311	66397.122072	2273.93216383	2267.01808076	36.7789469753	2347.155796795885	2220.8506968521724	20.7651490663	3.46550876414
318173	313	66435.4493489	2006.12991404	2007.97085929	12.9837919426	2019.3030662112035	1978.8502689382765	20.6262207429	3.46551017101
318128	312	66444.1116509	2106.74692614	2103.8187168	30.7705762203	2154.454221753621	2068.7406315473136	20.5793144901	3.46551154617
318475	315	66448.556798	2147.02278325	2149.59752029	18.4281939132	2172.261706372471	2120.9087191818776	20.5730358554	3.46551293762
318364	314	66458.2772739	2015.32304943	2016.06513544	13.6118456977	2034.580314886532	1992.6558379178111	20.640558005	3.46550953351
318819	316	66546.9583249	2044.76003717	2044.48677748	30.0487518426	2091.41801658469	2003.0799012935827	20.6192913628	3.46550986378
319009	318	66555.310303	2016.72538111	2015.06687237	8.08748908702	2035.8490041633174	2007.0387967437007	20.6391822676	3.46550792012
318916	317	66592.3880548	2159.17339094	2157.89242741	14.2795720035	2181.807315093156	2135.965391370852	20.7311551839	3.46551344256
319546	319	66721.9411168	2127.87089903	2128.01635393	13.4167307197	2150.045508893175	2105.573898132999	20.4208181724	3.46551386377
320000	320	66993.9629419	2252.59531769	2249.48920977	22.0835518176	2289.4371172555902	2223.760557943259	20.3161748785	3.46552740047
325375	321	69894.8498969	3160.89918002	3166.6251884	85.7333290476	3267.136783571556	3039.538725661805	20.8021247678	3.46562370138
327138	322	70031.9447989	2566.7736692	2567.95831145	32.8158797507	2625.224013597026	2524.8363961132045	20.8409813947	3.46561564627
327663	323	70038.5997589	2540.94460224	2549.49697244	62.9267612894	2628.550931298965	2438.395178849016	20.7632940054	3.46562024025
328598	324	70112.8868999	2331.46819584	2329.12271718	35.4112603545	2381.177718982558	2289.4958279567027	20.7478690265	3.46561783821
329721	325	70197.8616438	2051.74330045	2055.0198041	15.2420002194	2071.0012123716624	2022.2280258293497	20.9294827128	3.46561230703
329954	326	70230.8619418	2611.68286	2609.60445254	30.6134808872	2652.8501436078536	2569.0418953042863	20.9884210594	3.46561493615
330675	327	70298.1132839	2216.66321306	2220.29337893	33.078357389	2258.2089618612026	2163.7774543339247	20.8369272398	3.46561357624
331429	328	70363.6916308	1927.45104649	1920.6456834	20.8090824398	1964.70553558475	1905.2440880822953	21.0286796778	3.46561100855
331717	329	70386.7574699	2300.78970843	2307.07767173	34.2773962155	2344.3024548745084	2245.702749612978	21.0470055995	3.46561607187
331848	330	70407.052042	2188.2861953	2183.6173726	15.9431359463	2218.0491689731057	2166.147164553062	21.0035885035	3.46561365745
332982	331	70571.8275838	2507.36234288	2492.12247284	48.5385106603	2582.287286699947	2458.6678826524635	21.1180404818	3.46562611181
333268	332	70675.980248	2121.05751061	2116.69827127	15.3425228862	2149.37126498325	2105.4750459006996	21.0490155333	3.46562366514
333815	333	70836.6215768	2313.16198446	2322.11103701	35.8732268664	2355.2557895874875	2240.697582209306	21.3070103908	3.46562923607
334000	334	70913.2133079	2424.89922019	2418.7303228	40.7960694866	2496.293893954687	2371.504909641149	21.3738185364	3.4656376619
335000	335	71810.9540379	2212.97849998	2214.64420413	33.0637091051	2271.0857179097916	2174.6192606472787	20.4215781466	3.4656475809
342248	336	72613.2476418	2589.68972757	2607.90358505	83.4159036777	2701.410650541903	2423.368914756299	20.6478831698	3.465638027
343883	337	72618.6891599	2112.29218103	2116.8955194	27.9943354024	2150.104467587376	2069.6413050031065	20.6157848753	3.46562768841
344436	338	72682.0061369	3286.60153267	3284.36984024	56.654048248	3382.923480510864	3204.290045944762	20.6870066974	3.46563011589
347237	339	72822.544317	2053.39280354	2055.02711738	11.0920957176	2071.985542920979	2036.1725018339944	20.8035621644	3.46562252757
347701	340	72859.6312108	2249.86008885	2254.7707698	27.5212379396	2280.8259054211676	2202.018991463667	20.4657153922	3.4656222207
348195	341	72865.7107549	2192.77826901	2201.05139211	22.5515509883	2215.462300806269	2144.6888748787637	20.4575565431	3.4656190192
348343	342	72906.6105559	2057.84937963	2055.73201851	12.8073638723	2081.3246383405767	2038.1668558357192	20.7572699358	3.46561798867
349244	343	72935.4845309	2337.77291941	2333.22934161	27.1084562404	2390.6751350087	2298.234679395871	20.7639742535	3.46561622874
349878	344	72975.975045	2020.1563931	2025.72150909	30.9638346786	2070.254138636869	1983.2607732904387	20.5920291369	3.46562221612
350022	346	73004.7399888	2153.29189659	2150.43438051	14.7170988774	2177.057355025594	2134.5975729742254	20.5571340409	3.46561856985
349998	345	73019.4249518	2128.95770047	2132.59202298	21.1913485741	2154.9838456372345	2085.078978021138	20.566758213	3.46561616208
350127	347	73025.2628	1979.3200259	1977.27573467	25.049003217	2011.1999779198181	1947.8004954159828	20.6050585927	3.46561564408
350909	349	73116.0433939	2007.63108753	2010.49176657	17.5042495807	2030.3129492399255	1979.2322504653514	20.6156793745	3.46561855787
350905	348	73150.6704299	2113.05798116	2110.47354516	18.8171040734	2152.7952684051875	2090.4823122050852	20.6051306385	3.46561772513
351138	350	73247.0436499	2145.07464208	2152.90222168	21.0270526991	2166.8105332989885	2103.4311333832757	20.7037674619	3.46562211021
351546	351	73302.1501379	2194.80778957	2181.79965163	35.8405583088	2279.087402155442	2167.9797618746497	20.4049604487	3.46561911246
352000	352	73606.776464	2306.42810393	2305.50342545	52.1270057077	2396.824631083417	2238.0725964176495	20.3696036343	3.46563188346
356947	353	76373.9860899	3098.95471845	3108.27096655	24.7127591999	3124.900221445134	3045.329608803196	20.8594892126	3.46566908753
359031	354	76470.137764	2693.20320057	2699.75793473	57.8896500462	2769.171020047982	2599.9257449974452	20.8869195163	3.46566140477
359145	355	76481.0406258	2384.0152947	2389.23323457	28.8167142115	2415.6493480763565	2335.827595414697	20.7761760319	3.46566518788
360221	356	76580.0375998	2348.2145472	2345.7754154	63.5983790951	2439.2451289182018	2268.6633093784253	20.7361865725	3.46566412989
361375	357	76669.2662249	2032.43772849	2034.5355522	21.8695403269	2067.9632003763904	1994.9169848562128	20.9511846478	3.46565954464
361753	358	76704.8355708	2630.9041869	2627.41565382	24.4192344722	2667.64383224488	2592.4393927020924	21.0197052927	3.46566025714
362506	359	76742.615253	2192.07110211	2198.58500732	41.4257610361	2254.5497601653524	2137.8473779087994	20.7927843909	3.46566057456
363263	360	76814.1746769	1984.28959332	1986.36444492	7.20881081298	1994.0988842960949	1971.5174644797899	21.008793662	3.46565527316
363496	361	76851.3086748	2295.88113539	2288.19498896	27.2340013511	2339.9637065113666	2256.5116341056746	21.0052932862	3.46565680706
363670	362	76938.0278609	2086.75986815	2072.34645228	60.6365920733	2201.597354464273	2024.5594339130446	20.974578873	3.46565692021
364772	363	77063.095541	2559.40849465	2566.59265374	36.0741328602	2605.2996675484374	2506.7093666474966	21.0384316861	3.46566790131
365321	364	77182.0581059	2129.29589623	2126.98664534	17.6406885834	2170.3829798329784	2107.275211386303	21.0583684387	3.46566459615
365849	365	77344.3456359	2361.83516075	2358.00655814	31.7481842962	2400.09401495366	2319.044515687389	21.3819632298	3.46567085425
366000	366	77413.6910329	2476.48692093	2475.29019367	71.7557369458	2586.717988086557	2378.398978045477	21.4936637756	3.46567694941
367000	367	78389.1438448	2229.06574041	2225.57136638	20.2115332981	2259.0222179497196	2192.6202005301334	20.3547207154	3.46568600693
374231	369	79068.0646429	2078.98852977	2080.70957139	23.602070352	2111.854980947691	2033.5792170268835	20.6248156751	3.46567830718
374201	368	79141.4671319	2685.36437869	2689.31925874	24.1663330978	2720.3748941948875	2653.7396457486493	20.7163029083	3.46568273789
375786	370	79232.801944	3165.86273749	3161.76512189	58.983404361	3261.915433929887	3097.5988576299683	20.6833242715	3.46567417414
379446	372	79314.1269839	2248.58430718	2247.93781119	19.0335478812	2273.696008543272	2222.094070140345	20.3933207642	3.46566294311
378745	371	79352.3141818	2074.22307714	2074.38814522	11.044960929	2094.197889947889	2056.749135586452	20.8113733467	3.46566438543
379608	373	79448.8630559	2214.76050459	2208.58925729	21.247373932	2252.893112880586	2192.348042190015	20.4272836335	3.46565882468
380690	375	79455.650331	2251.02602713	2246.93991505	40.6034965631	2318.0966154361276	2189.990875275985	20.7296862441	3.46565705662
380302	374	79459.0184519	2042.34831751	2044.02572021	26.1231902734	2078.0309122106414	2002.6020931909952	20.7467177761	3.46565870456
381234	376	79529.753628	2047.28798592	2046.78612333	8.63559701868	2057.742652728927	2031.6333145184851	20.5595576422	3.46565735129
381559	377	79577.0944009	2226.51643896	2232.42086574	34.2084387331	2265.3338699982846	2176.3769578953743	20.4949977773	3.46565710059
381818	379	79590.6914229	1948.62958124	1951.95299523	17.0760432841	1972.4684057730938	1916.509392275892	20.5432953847	3.46565454038
381793	378	79602.468616	2277.94047586	2279.0184553	61.5914327709	2374.7655673172485	2177.9876622073507	20.5476609768	3.46565475929
382603	380	79689.9395559	2013.0571814	2010.43916665	18.0369753518	2053.81925444892	1985.7780338470877	20.5643031183	3.46565597462
382838	381	79758.6941099	2225.89681494	2225.25140945	39.2433486502	2295.9818436967184	2174.560654013496	20.542455741	3.46565456506
383492	383	79890.73557	2361.11685573	2359.08364176	24.7251039682	2391.751771773992	2322.851298061389	20.4169911926	3.46565590012
383328	382	79918.8768029	2079.44845284	2078.30637151	15.7662710462	2101.7207834303845	2055.9537778883105	20.7021839831	3.46565662529
384000	384	80234.716336	2500.87500933	2487.20284019	64.864695186	2580.8518397249927	2415.178787546915	20.514548666	3.4656663263
389016	385	82800.872685	3023.62051655	3019.64964959	79.0938375334	3138.748818596213	2915.4660827851326	20.862796048	3.465672852
390469	386	82908.5934498	2924.26940625	2948.99188496	49.6368917956	2973.4583635506924	2831.897436454041	20.92368281	3.46567157886
390683	387	82915.3516979	2301.55179678	2298.13128173	27.6648738373	2347.2127391888926	2258.2517995940893	20.7620277314	3.46567503612
393209	389	83112.5738959	2033.85095962	2033.64046154	18.222723695	2059.8237840379816	2001.1869798824343	20.951597408	3.46566199021
392234	388	83138.288976	2443.55531085	2434.98038581	34.2582202734	2519.786677690698	2402.287979830636	20.7488024837	3.46567578126
393654	390	83161.302999	3022.92216087	3014.13286619	244.499085702	3345.929776786743	2712.164650873286	21.0607512671	3.46566562636
394043	391	83204.590348	2091.2088859	2093.1696891	14.5962951294	2117.650063331288	2072.8842236082855	20.751533328	3.46566139558
394721	392	83286.6885018	1975.87201946	1975.48594473	15.7953364205	1999.0734721299998	1949.0843357126232	21.0122401805	3.4656510088
395137	393	83308.6886249	2387.72330981	2373.97604174	53.9242096816	2488.306049997435	2302.938841927492	20.9947618681	3.4656560653
395960	394	83448.667388	2071.6227074	2067.70690837	14.0630253972	2097.4770926447836	2055.6264601091093	21.0324100449	3.46564970554
396712	395	83524.478173	2618.47128106	2627.30992959	37.6653075991	2666.4599449446746	2545.813276935839	20.998727815	3.46565785443
397335	396	83683.942168	2173.22248397	2185.92713438	26.2903289937	2198.6803684703054	2130.0928290694496	21.0745843074	3.46565431422
397895	397	83850.8952339	2326.36227363	2326.75733325	24.6695784237	2368.3176066226465	2280.1594240314644	21.4008609471	3.46566438517
398000	398	83917.3679109	2747.46215318	2747.65959699	115.252362414	2890.467497763377	2572.953421299948	21.4643201097	3.46567031232
399000	399	84979.6388359	2234.64558062	2238.81209848	20.8796420539	2265.113324372243	2209.523383142543	20.3424727916	3.46569042817
404270	400	85529.2309449	1977.85904039	1969.05590747	40.8063581421	2038.7368831210583	1924.8357624801513	20.6212725288	3.46568576549
405880	401	85748.2114098	2625.05258949	2620.08862372	31.9930275123	2679.0909963940244	2583.665374270381	20.7141684397	3.46568543002
408980	403	85766.252224	2244.81181311	2249.7112084	21.9901296956	2270.7280456764024	2208.9194170149767	20.3651403461	3.46567920787
407680	402	85808.4426968	3289.36500866	3282.69635745	146.223998352	3482.9419246097277	3074.8126065628644	20.655914387	3.46568160078
409891	404	85902.521235	2172.84842232	2158.71510924	59.9575113966	2268.460660301913	2096.1163437448695	20.8051129669	3.4656773735
411837	406	85985.8497019	2197.14137175	2191.53227183	15.619224702	2222.469104481056	2179.09116685566	20.7391888552	3.46567249828
411688	405	85999.350188	2115.18309108	2107.48831121	33.1752513787	2178.079364366144	2078.5749699383264	20.4017476252	3.46567614454
411920	407	86030.6022668	2127.06824594	2125.81897505	14.7687643826	2155.1781058452634	2096.347870000857	20.7317105496	3.46567171878
412823	408	86104.8766658	2061.18433415	2064.98038485	18.7957368254	2088.1693268066792	2031.1503794579924	20.5433432927	3.46567400752
413365	409	86136.205071	2351.04749486	2363.97021764	35.6651083363	2396.9423329508904	2292.9862535765556	20.4350719082	3.46567252504
413470	410	86143.0226839	1901.59391442	1902.02176526	8.48352227095	1915.626464014573	1884.2668014904493	20.4724762344	3.46567592726
413545	411	86177.339412	2449.87164935	2457.25390545	38.7695763238	2492.2046350439505	2380.6698837365916	20.5023947145	3.46567312283
414248	412	86274.3868608	2056.1060687	2066.48916244	28.2095390337	2086.326238759717	2006.7708213084532	20.5314678949	3.46567145366
414725	413	86359.219008	2381.30104177	2374.99183011	33.770919877	2437.2902604040373	2321.631209253963	20.5233312882	3.46566950419
