steps	episodes	elapsed	mean	median	stdev	max	min	average_value	average_entropy
31012	6	7255.498209	1973.94072512	1968.21762448	81.8485492526	2157.571583938802	1878.5231547291992	12.8470921363	2.18952283521
30779	1	7255.69670701	3488.19118806	3179.95454636	1287.33647246	6139.336410571168	2111.1192516348274	12.7706121191	2.18954163715
30991	4	7265.02791905	9969.76456174	6985.22753782	8737.17584333	23764.462118974436	2150.4194979175522	12.6910335324	2.18953239475
31041	7	7276.13281798	2650.77917107	2564.36422109	459.526622237	3475.2524961417957	2106.234290727572	12.9898014668	2.18955370441
31116	9	7289.42681694	3252.55386487	3418.00076565	644.275145862	4273.789862630116	2161.213821699194	13.0209240557	2.18950254343
30818	2	7289.83624291	2686.36952696	2702.79729328	345.952098089	3374.5730582866213	2277.113266065857	12.6158148867	2.18958293594
31007	5	7290.70725298	7929.57517304	2976.2716998	10741.7192967	33666.02325799153	1946.4836869755577	12.7746032066	2.1895356011
30951	3	7291.32302904	2279.98431723	2246.05249778	164.794355739	2625.6192300104644	2071.938604749348	12.9237803863	2.18953220833
31071	8	7306.23043609	2227.43052753	2060.24260671	334.267569236	2762.2631709539446	1918.1968400337125	12.7053958408	2.18955415889
31801	16	7308.71601009	4012.10836622	3671.25083022	1802.68184305	7959.3036480684395	2090.6488309825436	12.6067494227	2.18967215382
31152	10	7323.77330899	1679.75651727	1616.45309534	133.173385245	1994.530015400935	1584.0993393458748	12.9173439331	2.18950912532
31876	21	7327.04506302	6805.73466189	4135.29557278	8103.04848761	28818.799497011787	2061.846356285173	12.7678169774	2.18966675023
31186	11	7327.57550812	2865.88887566	2735.31079377	785.040963651	4333.879470585599	2061.346701811208	12.7612681027	2.18957011896
31345	14	7366.8841989	3249.12943339	2966.76003366	1188.85679016	6326.320038490447	2067.4537742567018	12.8956595912	2.18955684867
31333	13	7373.328933	3333.16942938	3165.99753238	737.779571225	4779.461121950846	2376.111301750214	12.6358189906	2.18958048054
31484	15	7391.33787298	3002.78647995	3140.74075249	558.58178608	3620.0999661927735	2155.4743697830672	12.920730088	2.1895820538
31813	17	7516.72470999	7466.75318219	4039.18874153	6108.53152964	19250.03230179216	2287.1370985476474	12.7946354731	2.1896412981
31875	20	7529.06860495	2457.4401525	2231.13659375	653.484669244	3987.7204286757683	1973.5644490748084	12.8273505367	2.18964768784
31844	19	7542.39768291	2430.07248293	1968.98953213	772.406334932	3862.9021928553702	1821.9542583407354	12.9705041781	2.18959563204
31923	25	7552.76707006	3212.73611364	2839.21558349	1280.02329143	6576.830971548803	2226.111570495659	12.6360992449	2.18967478005
31943	27	7567.41599798	2418.69245382	2313.50905221	399.403956693	3031.6803921711885	1992.6830640606472	12.8715921923	2.18964088371
31827	18	7572.34484792	4516.81305284	4621.38197101	1717.08123623	8251.373182967758	2109.48420841924	12.7655936251	2.18963265566
31905	24	7577.02283406	9284.10466404	4143.62545294	9204.26540132	30276.50076203279	2157.8158717388815	12.6505802076	2.18961996704
31926	26	7577.95641398	2857.98681812	2688.97434707	508.895499542	3884.085011581516	2318.664338432927	12.8801217246	2.18964852359
31889	22	7581.3353219	2935.25560632	2774.58990989	647.453623151	4038.0978928129434	2189.484950359911	12.6909513432	2.18963662477
31218	12	7599.94273806	6129.03042341	3836.29936559	4857.54803377	15229.261594658466	2044.2464989006808	12.5578278047	2.18962543754
31898	23	7601.21824408	3567.06936125	2364.80759021	2937.9605798	11556.643295910355	1974.2733560507377	12.6896514178	2.18967006641
31957	28	7605.39977813	9504.71269376	2871.26726239	13700.088691	41314.650515660265	2138.73862062471	12.7663732468	2.1896556387
31990	29	7614.99526501	2737.78196467	2608.80502753	616.636689685	3849.070277294989	1991.8525559595328	12.8183887835	2.18967507837
31997	31	7644.744977	2704.18637675	2180.13414703	868.005177626	4283.695810774763	1982.2482289945174	12.5704616849	2.18973012096
31994	30	7674.51142907	3641.13076844	2673.27571682	1953.93677462	7790.8451783882165	2201.1757953022725	12.9062543449	2.18963875047
32000	32	7693.45660806	4750.51474482	4753.3710949	1847.02341408	7584.590917508279	2071.127409776975	12.7872040968	2.18969436996
54035	33	14460.221554	4314.20734827	3804.72645948	956.539357166	5843.547578322947	3331.1611534692006	17.8115686433	2.99593343974
55611	37	14462.573452	4752.93056558	3703.2847265	2529.48821969	8781.620178343013	2324.6886893286187	18.0800045373	2.99592742104
55666	39	14497.5434411	4494.71816997	2904.58963002	2828.21059192	9913.984451752072	2406.9670331511256	17.5663599713	2.99599785988
55617	38	14509.084748	7502.81277396	3463.16004731	7674.39179903	20347.363925091922	1121.0442677324702	17.7850561315	2.99589706657
56931	43	14536.686686	4247.00393128	1524.08287466	5079.96819961	17326.47557490565	1154.8971703158227	17.9588174356	2.99593291233
57055	44	14557.5281761	2334.98021416	2062.62469465	834.693683842	4112.8968566888	1587.028699031857	17.7710321855	2.99589321582
58689	48	14659.789834	4480.5107355	3677.31795366	2685.09562311	11335.98589965555	2480.7803733505575	17.8832850133	2.99588443815
58130	46	14688.2754669	14357.3918792	13563.4014775	5482.93042611	24030.943169357823	7421.098031522687	17.8561260897	2.9959034153
55128	36	14749.4389009	14536.5209611	16717.5363553	9404.52790049	27329.63155501639	3317.9863318004795	17.7605375053	2.99595989197
63275	54	14752.8598871	3841.73302434	3818.71832368	1252.01123377	6994.420913956411	2644.0734662611067	17.9173877247	2.99591364469
62465	50	14926.013381	31137.279944	33736.2824664	17645.3575491	53356.54757525886	5838.95598749598	17.7262315167	2.99594748728
62075	49	14935.9788899	26911.9720209	24384.2843151	7555.02258225	41093.94351265877	16695.58406028656	17.7370780088	2.99593532918
62761	51	14953.3020821	13888.5968289	9884.58532488	9516.68284273	37142.10529863128	5434.416311581103	18.0406320679	2.99592699952
62959	52	14993.3599391	16493.0554778	10621.1036714	11445.8031437	41195.415398313446	7783.403887592346	17.5367256548	2.99594356623
63343	55	15001.4848311	14853.6165277	13717.5741103	7058.76908242	32926.41303666161	7876.258798536479	17.8670119574	2.99594433082
63400	57	15010.01862	16734.4167245	10716.6820883	16235.8797087	47066.73924067229	3265.7686319045238	17.7938127778	2.99591795961
63582	58	15014.544534	12829.6718092	11030.6689076	4284.54187197	19445.309666895697	7298.498523898472	17.4185024225	2.99599198424
63274	53	15025.7501819	4476.5765222	4756.65854632	1359.59072568	6012.905602962411	2323.6534816931544	17.7101090436	2.99595694904
63666	60	15038.020364	11111.8159869	8706.67796035	6305.46460632	22127.686562669212	4970.663608078199	17.7544693602	2.99597492588
63356	56	15039.4924111	11807.6491535	9765.01580601	8852.5447741	30853.715263018912	3551.149069115166	18.0788756625	2.99590113551
63730	61	15053.7769251	3644.69097352	2787.43234359	1958.66866797	8567.209351131532	2356.440591794869	17.7610551573	2.99598200134
63647	59	15084.6856329	10455.691783	11027.0026023	3001.68779816	15526.66845532606	4924.228225221184	17.5587274239	2.99598694859
63884	62	15093.504905	3232.49031777	3243.44949549	115.586758598	3405.0458076286936	3053.9330149481393	17.7062719329	2.99602727911
63967	63	15136.577065	23447.7321899	18653.3080903	16335.5863888	67609.97314447987	10111.57881673504	18.3024317334	2.9959630975
64000	64	15188.1060619	33644.3969429	38002.4610853	14232.1604507	52714.83526411532	12333.663911461226	18.0404295419	2.99597259306
72201	65	20596.3594141	11723.5353119	10743.348897	6029.7686908	24899.181058010727	6142.790903882921	20.4661732109	3.29254781591
74467	69	20649.352463	4227.92007385	1970.16258729	4337.09371496	13859.525937478982	1130.752687766846	20.6551916359	3.2925341939
78291	71	20780.3646359	15645.5271136	14060.2020249	5537.22260083	24282.004399422494	8444.674020487635	19.8893048112	3.292531251
81012	74	20795.4466209	3162.83986848	1701.06990713	3403.05426115	11599.501169333185	1149.5584662237836	20.397010707	3.29256055456
80802	73	20819.5337131	17609.2473501	13729.2113308	13375.3072493	43637.35402089692	5091.1575613658	20.2174901011	3.2924603207
86605	77	21150.9973869	4723.96786099	1235.06268069	7104.23878929	20657.234806751378	1120.0164570349814	21.0287257719	3.29247860015
87556	78	21202.044981	7940.13170221	3890.96018015	9760.91866067	28089.33673181396	1131.099145461824	20.982754223	3.29247684451
87892	81	21210.986501	16524.7758879	6022.95513612	16761.116373	41224.820202089984	2232.3827474239474	19.6969143535	3.29250676137
88114	82	21241.0921881	12622.1629217	11181.772484	8907.01732946	32120.983654033782	3476.6652996790203	20.1061612358	3.29248007923
88453	85	21249.1749401	8389.40120289	6379.96933996	8549.89576742	24768.62195000348	1081.5498254646545	20.5730912285	3.29247107394
88315	84	21255.061233	2931.99562337	1977.66798007	2251.00615327	8754.510313530562	1401.4960754516164	20.8068298824	3.2924306925
88917	88	21354.5986681	3464.41147824	1708.75364093	2831.0568096	7873.531079938979	1094.0781008031715	22.1562119472	3.29240825057
89000	89	21354.9484301	2932.15126481	1313.2530917	3990.32846303	13905.634282025174	1087.9031444525335	20.5778927947	3.2923995925
92772	90	26137.7988319	6062.83963529	1602.20596527	9800.05743729	30943.16792167388	1077.7816951002746	27.3700734758	3.40113949512
93224	91	26183.228682	1218.18961236	1197.32207052	172.045306444	1684.406069060472	1060.2815340913596	27.8654260978	3.40097688852
95056	93	26313.7765381	1212.95899496	1195.76790311	136.784019974	1555.7673773910183	1077.8976181248247	25.7209919892	3.40119275954
95389	94	26451.0739391	1226.58543086	1102.94227471	374.767806474	2288.829382211547	1071.644007149219	24.272014471	3.40101304817
100380	95	26631.069669	1143.73431766	1122.01950774	59.3306804003	1262.0864685985625	1083.9342763778734	24.3985638218	3.40095809929
101489	98	26707.2188091	1165.65187616	1095.9450773	238.515561227	1840.2024234499906	1049.6843830082405	22.6825307027	3.40104721688
101585	99	26728.4554529	1174.73347734	1151.75909687	113.933392898	1489.8034750146956	1089.4102813314728	23.2520706901	3.40093759508
101605	100	26753.633585	1656.15848701	1330.17446805	678.037036541	3229.1365481527937	1092.1508953443883	25.1205280363	3.40098004414
101377	97	26788.6828871	1284.87110016	1209.45868895	316.559950717	2155.9581275186306	1069.5777675344646	22.2866786385	3.40095651324
101186	96	26793.1997931	1441.81036174	1206.79841149	516.226547417	2570.228219500736	1078.9327847771685	24.274635601	3.40103156766
105347	104	31528.8657191	1215.70815486	1168.09215066	135.481926685	1537.043280563217	1089.7565489530393	42.8647402519	3.44061358233
108593	106	31792.1598179	1089.64969091	1080.99794737	42.848269775	1201.433961560181	1046.1419542393119	33.6797377476	3.4404669915
111726	109	32198.008249	1120.87164721	1107.46108541	43.7371549911	1226.3641958952778	1082.2468927386474	29.3364261767	3.44022178993
111562	108	32202.2037921	1078.722069	1073.26680348	22.5022524778	1114.0996448027881	1055.1231861546344	29.9593923464	3.44054277812
111886	110	32228.7256219	1146.65503618	1127.94962736	73.4877131116	1284.8325820818725	1065.2816211144557	37.9960083753	3.4401705928
112000	112	32235.3375399	1138.7005791	1110.39335459	72.3064758471	1306.2399019219642	1066.7928779023284	31.7249834886	3.44037968918
117942	116	37272.042021	1051.15039704	1047.1291302	14.620089008	1082.8245395727154	1037.104588987381	74.6437599371	3.45441527595
117984	117	37399.3022871	1101.92251354	1071.86662998	57.8743000525	1221.775845611193	1056.5160854634153	90.4879131478	3.45347462299
118000	118	37406.947279	1158.22318891	1090.99512931	121.483285919	1456.380601981661	1069.0468476244077	78.9432259747	3.45416946978
117842	115	37410.02548	1097.84631421	1091.32880858	26.5079751836	1166.9032254102685	1067.0572424318013	74.0490105003	3.45384669708
121891	120	42146.6480739	1107.18003575	1095.54564325	27.2728319065	1151.9475797512973	1081.6786080248687	161.050332627	3.45840652547
121247	119	42424.052886	1055.25899357	1054.74465545	8.81817983468	1071.5869047062795	1040.4759386739718	140.34780247	3.45880126767
