steps	episodes	elapsed	mean	median	stdev	max	min	average_value	average_entropy
31662	9	6135.26928806	2000.53351775	2001.31618538	4.26847034049	2005.7915711092571	1992.890734974197	nan	nan
31469	1	6144.202914	2000.51111951	2002.05172955	3.97697949992	2004.7956656060217	1991.495005300057	nan	nan
31639	8	6164.58262706	2000.4597923	2001.73841639	4.2845551191	2005.6747518773273	1992.4598864951722	nan	nan
31962	26	6174.11144805	2000.78444878	2002.03403375	3.641106646	2005.0429620892332	1994.3150292217817	nan	nan
31785	17	6183.87379789	2000.05989721	2000.67000238	3.9219902232	2004.6659296692549	1993.0275342174657	nan	nan
31877	21	6184.84852004	2000.37546061	2001.6300419	4.01023165902	2004.5704769987137	1993.1621948345332	nan	nan
31835	19	6188.10069489	2000.59391839	2001.68090569	4.2914267112	2005.6699434661516	1992.1274236658448	nan	nan
31765	16	6193.75323701	2000.5195807	2001.03013394	4.35604457174	2005.6548386021204	1992.3465383520722	nan	nan
31696	13	6194.78389788	2000.42359008	2000.9006502	4.47829593978	2005.6563257784487	1991.7069575966068	nan	nan
31945	23	6208.27767801	2000.40003182	2001.32472065	4.18942633788	2005.869915688795	1992.3305244959138	nan	nan
31986	29	6210.228127	2000.0469213	2000.90924369	4.34888158598	2004.63313826906	1992.281849645427	nan	nan
31801	18	6215.8210659	2000.86716742	2002.34176867	4.41653590991	2005.722810247566	1992.705055830298	nan	nan
31869	20	6230.47627997	2000.64667381	2002.32420383	4.02915906738	2004.660542440842	1992.1463278731785	nan	nan
31949	24	6237.43775201	2000.52001622	2000.92017799	4.33555487429	2005.5741283439904	1991.8795541606487	nan	nan
31999	31	6241.85562801	2000.58016986	2001.50691841	4.0402352066	2005.0674640909108	1992.7774629969474	nan	nan
31605	6	6422.98744893	2000.10494003	2001.17567931	4.38108101865	2004.037437427075	1991.2654627283046	nan	nan
31694	12	6423.39679503	2000.75039186	2001.77779935	4.09692249546	2006.0502259004334	1992.6238577882136	nan	nan
31542	3	6426.50668597	2000.18388083	2001.90383114	4.6603371669	2004.981436934298	1990.3705593866737	nan	nan
31588	4	6440.52388501	2000.91687291	2002.3082367	4.00476168315	2004.6850172833194	1993.051171612715	nan	nan
31601	5	6445.84353805	2000.57760189	2001.72539147	4.31765672107	2005.46777727409	1992.1722798606022	nan	nan
31608	7	6457.12912893	2000.5700236	2001.78366132	4.13465384335	2004.8092142511202	1992.6968270364525	nan	nan
31761	14	6462.31956291	2000.20826136	2001.49589719	4.31197185129	2004.856619545272	1992.5617291049982	nan	nan
31666	10	6464.24040008	2000.52888158	2001.56423878	4.10888030375	2005.0925790228778	1992.519458745701	nan	nan
31670	11	6471.52761984	2000.66676438	2000.56703046	3.96623886327	2006.0051144755914	1993.240650528261	nan	nan
31762	15	6477.29271984	2000.4826574	2000.80764393	4.07568706961	2004.860387805623	1992.7577308614136	nan	nan
31903	22	6479.47131896	2000.08158553	2000.78949935	4.28533568894	2004.5791005892538	1991.2010542897997	nan	nan
31501	2	6487.36752391	2000.782821	2001.42418457	3.85885913293	2004.7061377895418	1993.0591020455472	nan	nan
31972	27	6500.32067204	2000.42907825	2002.2064247	3.956282145	2004.3538471626323	1992.669385521178	nan	nan
31982	28	6518.90037489	2000.57061582	2002.2622915	3.90814313522	2004.1290402201817	1993.08234101561	nan	nan
31960	25	6535.88149691	2000.41273494	2001.67324577	3.93137703578	2005.3535128465448	1993.2323170321677	nan	nan
31991	30	6555.94078398	2000.21373031	2001.41228922	4.21183102248	2004.418355041459	1991.282195870187	nan	nan
32000	32	6575.11961102	2000.17337956	2001.00670247	4.3792901215	2005.6926097855458	1991.0738653671838	nan	nan
51987	34	12340.0329759	2007.81326279	2007.82621015	1.99360807241	2011.6093745442588	2005.2984888029655	nan	nan
51623	33	12387.328047	2007.77544706	2007.83384288	1.45542499918	2009.6010145560922	2006.0342993790744	nan	nan
53039	35	12411.7350779	2008.36264114	2008.92492961	1.65472226877	2010.241339438444	2005.6397030431938	nan	nan
53826	36	12416.622673	2008.03866525	2007.95796756	1.58797252749	2010.2686733865257	2005.752536046098	nan	nan
54152	37	12418.580056	2007.68043962	2007.8227309	1.48543152043	2009.7876116426771	2005.019283156992	nan	nan
54321	39	12428.753963	2008.26355694	2007.82688723	1.83838470506	2011.0088972546328	2005.8770309805038	nan	nan
54740	40	12441.2282689	2008.06027251	2007.82542225	1.78624263886	2011.0877538962436	2005.5760034852992	nan	nan
54787	41	12468.612078	2008.04451563	2008.14230888	1.32917828073	2010.207127532816	2005.5301675350129	nan	nan
55238	42	12469.6219239	2007.63289041	2008.35223937	1.64766570557	2009.80618128038	2005.0579249835855	nan	nan
55301	43	12469.813164	2007.81566389	2008.06128036	1.93062207422	2011.7169216792086	2004.8973079269842	nan	nan
54316	38	12473.100152	2008.08718368	2008.31181301	1.84816345237	2010.4806384285896	2004.9008292810754	nan	nan
55430	44	12503.250617	2007.95795052	2008.24615241	1.33906020862	2010.1728374830006	2005.2417853463246	nan	nan
55959	45	12521.6449299	2007.92473284	2007.51676344	1.43326218443	2010.0699416463578	2006.3919978230283	nan	nan
56243	46	12528.427665	2008.16407063	2007.89154809	1.56598715724	2010.4528084862447	2005.9670892180313	nan	nan
56363	47	12538.3708699	2007.85912259	2008.22357095	1.53478038732	2010.1876312560696	2004.8484902873447	nan	nan
62348	50	12779.266923	2007.90858112	2007.8116002	2.05610031105	2011.4119836571065	2004.6800748213914	nan	nan
62334	49	12806.0285649	2007.78363472	2008.14474722	1.67581945502	2010.614559477941	2005.5766665568135	nan	nan
62320	48	12807.148684	2007.92660978	2007.59688086	1.94468102327	2011.081385964479	2005.6829349688787	nan	nan
63085	53	12842.648746	2007.67863028	2007.86077462	1.69667684632	2010.8492903446186	2005.2712045631397	nan	nan
63678	60	12844.461467	2007.73752363	2007.98474143	1.75888880963	2010.2267549733097	2004.2542624965683	nan	nan
62841	52	12849.306082	2008.14189829	2007.95515854	1.31674597381	2010.2792349966298	2006.4303916387958	nan	nan
62734	51	12852.428803	2008.07921646	2008.13414591	1.37315885497	2009.8647778148018	2005.2530463098142	nan	nan
63129	54	12869.4079149	2008.195416	2008.25079517	1.61990315765	2010.53081297599	2005.4074771412813	nan	nan
63437	58	12884.985117	2007.83919633	2007.67007803	1.4976534772	2009.8401487484898	2005.3544583811897	nan	nan
63482	59	12891.915473	2008.31359603	2008.6395231	1.76794861384	2010.7489359274236	2004.5986390520438	nan	nan
63409	57	12900.5777059	2007.84539091	2008.05299627	1.64735221276	2010.2968146918422	2004.7259886790002	nan	nan
63361	56	12901.210166	2008.23049806	2008.20627066	1.97979193684	2011.3502436147255	2005.1079990464111	nan	nan
63217	55	12908.422498	2007.66568318	2007.65147418	1.14911735007	2009.9640418189683	2006.187965517631	nan	nan
63809	61	12994.0097969	2007.75148132	2008.62151964	2.13458561449	2010.097594823788	2003.8571314410115	nan	nan
63893	62	13007.9037209	2007.89780521	2007.21061876	1.66819612871	2010.5991042397625	2006.2381212734501	nan	nan
63954	63	13041.3832059	2007.53243005	2008.26131627	1.86184576012	2009.3223426427417	2004.621197588361	nan	nan
64000	64	13060.789299	2007.89250105	2007.46108129	1.33471986462	2010.2838466959502	2006.0093874516572	nan	nan
76871	65	18495.683352	2012.0419761	2012.13817908	1.17830896417	2013.812195084553	2010.028362806269	nan	nan
78983	66	18595.5195599	2012.08577924	2012.58180082	1.2670326321	2013.5459663932077	2009.7199751714402	nan	nan
80317	68	18600.8362679	2011.62860295	2011.70351332	1.26379783941	2013.2169524047113	2009.5579196792103	nan	nan
80055	67	18604.844943	2012.33466124	2012.45733552	0.966123872927	2013.5368510693331	2010.891719761169	nan	nan
80821	70	18625.3507199	2011.80181842	2012.0971493	1.4026528522	2013.596646637176	2009.2248997177276	nan	nan
80344	69	18634.259167	2011.96805181	2012.1306877	1.01716171804	2013.117200359417	2009.6294808216674	nan	nan
81322	71	18645.797909	2011.72151149	2011.56043125	1.34863560469	2014.6506485143966	2010.0266296625482	nan	nan
82403	72	18704.584866	2011.66187499	2011.68464762	1.12105995529	2013.7951611843869	2009.563219986983	nan	nan
82644	74	18707.125879	2012.03512591	2011.95418267	0.78010756402	2013.2882450514153	2010.6478671818443	nan	nan
82601	73	18710.3708599	2012.03169668	2011.52526148	1.10937960578	2014.5558717658587	2011.095503334931	nan	nan
84388	77	18754.302103	2011.83204639	2011.82608234	1.31511352447	2013.7830086464817	2010.229470827832	nan	nan
84535	78	18763.825423	2011.68421117	2011.88108488	0.757176987069	2012.3619385807863	2009.9203441308152	nan	nan
84997	79	18790.91101	2011.61163777	2011.51659043	0.854652302213	2013.3897081545135	2010.4648665338134	nan	nan
83816	76	18856.5179	2011.69374683	2011.61833922	1.01205905955	2013.5569939482568	2010.5192197547387	nan	nan
83753	75	18865.379669	2011.29770375	2010.93333882	0.950112892066	2013.1088420880815	2010.1061612902542	nan	nan
93410	82	19081.6788259	2011.55073253	2011.32191545	1.1346474652	2013.2619884345281	2009.961091260118	nan	nan
94600	87	19126.3908401	2011.76318297	2012.24148141	1.43276515942	2013.5031717066895	2009.4948714808686	nan	nan
92652	80	19142.923975	2011.93291755	2011.83341328	0.97394530875	2013.7756468955292	2010.7860323755779	nan	nan
93327	81	19177.093919	2011.97319105	2011.71060052	0.920999574441	2013.2630147014677	2010.6702376154935	nan	nan
93417	83	19224.8580759	2012.03727919	2011.91085192	1.25988277095	2014.368531384537	2010.4299547010805	nan	nan
94297	85	19237.2874639	2012.1194056	2012.25375113	0.755812675111	2013.294308293714	2010.3480489515164	nan	nan
94244	84	19263.407939	2012.11975846	2012.40036684	1.08597370443	2013.5844938056705	2010.3377858253361	nan	nan
94425	86	19286.255393	2011.80162426	2011.69389648	1.23363784945	2014.4589201049948	2009.839650858788	nan	nan
94925	89	19314.7124779	2012.09805355	2012.49513851	1.53914309925	2013.9474648723435	2009.802775313784	nan	nan
94918	88	19321.107969	2011.56810081	2011.303831	0.860620655367	2013.281726535083	2010.4250545297368	nan	nan
95146	90	19332.8649299	2011.37262856	2011.4734215	1.12538126231	2013.0103884539703	2009.3130419566705	nan	nan
95222	92	19345.6326818	2011.85530744	2011.93515478	1.29886187356	2013.335124134265	2009.6311818843583	nan	nan
95160	91	19349.7992709	2011.42930015	2011.43050431	1.27844276221	2012.9024383876167	2009.1823371778942	nan	nan
95783	93	19463.2246969	2011.97201199	2012.29264434	0.995237653874	2013.1365505382635	2009.9723029329584	nan	nan
95847	94	19466.863049	2011.67755048	2011.43536353	1.06331749605	2013.4066152921941	2010.2916770108	nan	nan
95962	95	19546.1385479	2011.46960107	2011.23719001	1.24991794474	2013.508777790194	2010.1340409166635	nan	nan
96000	96	19559.3895791	2011.65819368	2011.73765337	1.37747556007	2013.6554690320738	2009.4885188579533	nan	nan
105882	97	24698.0512459	2014.58758001	2014.44988607	1.13176092997	2016.42202500511	2012.978210040698	nan	nan
108548	98	24813.4559491	2014.2752251	2013.94623408	1.18637458776	2016.2714107262236	2012.4787635145633	nan	nan
108788	100	24836.9591949	2013.84340219	2013.9764008	1.0405875853	2015.0215547907221	2011.591020134573	nan	nan
109593	102	24868.210788	2014.66241032	2014.58489833	1.30151187007	2016.265667873973	2012.1471457330604	nan	nan
109517	101	24872.2584999	2014.496748	2014.59176831	0.729553477633	2015.8747103092815	2013.4274548359692	nan	nan
109979	103	24878.6540339	2014.19494851	2014.17826637	0.778714688703	2015.656763192514	2013.2279813557666	nan	nan
111249	104	24950.7706311	2014.0584902	2013.6753304	1.04524625121	2016.0608709409535	2012.5530033691887	nan	nan
111254	105	24957.3450871	2014.46376039	2014.43648979	0.871568622049	2016.4377108259491	2013.0277664611187	nan	nan
111478	106	24976.6488481	2014.47774743	2014.46440966	0.719421818478	2015.4503648724967	2013.0918211269159	nan	nan
112330	107	25016.145822	2014.37255052	2014.55119863	1.14217033798	2016.2644286271914	2012.3493030451295	nan	nan
108689	99	25018.5089669	2014.44252872	2014.65890633	0.846080852709	2015.5671873495269	2012.9264659831579	nan	nan
112619	108	25053.46067	2014.43229812	2014.40862545	0.862389791481	2016.0729682361257	2012.995791253276	nan	nan
113244	109	25153.0385001	2014.45176688	2014.39821298	1.27197328674	2016.453776441325	2012.6676731245077	nan	nan
115517	110	25265.0564539	2014.64819443	2014.85284927	1.07463768832	2015.8867094465068	2012.630803549051	nan	nan
115661	111	25298.5675099	2014.95057492	2015.09320846	1.12436500916	2016.3159628241071	2013.279364291275	nan	nan
121425	112	25322.433074	2014.72542829	2014.67710945	0.768656093188	2016.1930462280002	2013.7470620647061	nan	nan
122813	114	25329.9988329	2013.85361586	2013.75680621	0.658418126132	2014.968003941186	2012.8697647668107	nan	nan
122266	113	25337.0986528	2014.89181787	2015.16419766	1.12116494432	2016.41967997868	2012.787701053728	nan	nan
123892	115	25572.228245	2014.33306469	2014.38380347	1.1677759293	2016.2366897130378	2012.3273367883942	nan	nan
124968	116	25623.8825929	2014.12062688	2013.89822896	1.1163753582	2015.9724255609763	2012.833859807402	nan	nan
125167	117	25632.729012	2014.8756559	2015.16858414	1.25933686736	2016.7040649861503	2012.902242378171	nan	nan
125610	118	25662.288017	2014.27303057	2014.37557063	1.00310650968	2015.6767849218281	2012.093796691295	nan	nan
126006	119	25725.4219429	2013.90773943	2013.8687625	1.00082532729	2015.9218322208333	2012.7822378506012	nan	nan
126538	120	25728.367862	2014.16386035	2013.90906327	0.965190635112	2016.0902772491652	2013.1028931689016	nan	nan
126740	122	25757.8799319	2014.75478109	2014.55816724	0.94352962775	2016.7476669176813	2013.3551705549964	nan	nan
126569	121	25764.368912	2014.55859661	2014.45949531	0.604414446127	2015.7187731050362	2013.6938530507246	nan	nan
127712	126	25775.809669	2014.20180385	2014.30597938	1.04914335069	2016.1487696527233	2012.6758176482801	nan	nan
126863	123	25784.906626	2014.40087249	2014.94106949	1.32776495199	2016.1259828467114	2012.188625111401	nan	nan
126892	124	25797.1571939	2014.29639741	2014.20953093	1.01061960188	2015.6669699386093	2012.948529570763	nan	nan
127685	125	25921.5889919	2014.36961553	2014.352491	0.858371865711	2015.8329894892252	2012.8870769259343	nan	nan
127981	127	26040.7588289	2014.53391007	2014.61201635	1.24568177963	2016.4721285427686	2012.1123954778136	nan	nan
128000	128	26060.7757459	2014.66037174	2014.53501927	0.858226521856	2016.1382432191933	2013.4888446047992	nan	nan
135521	129	30903.537627	2016.48694947	2016.5859001	1.0880030359	2018.282538169937	2014.638110525044	nan	nan
139190	131	31051.9395211	2015.96940525	2015.99769452	0.900669242151	2017.8875929621063	2014.6970293483112	nan	nan
138637	130	31065.4594979	2016.45953358	2016.46707278	1.04720377433	2017.8975890249978	2015.1142156063904	nan	nan
140154	133	31120.3460009	2016.49679599	2016.50908064	1.24001362505	2018.1575920554988	2014.1741700651644	nan	nan
140124	132	31122.4985631	2016.20627716	2015.81478705	1.49266879483	2018.963567013987	2014.44168827985	nan	nan
140353	134	31147.946703	2016.32568133	2016.37244776	1.5279729926	2018.2591088249433	2013.5875709248485	nan	nan
142050	136	31232.3254158	2016.22377291	2015.91333839	1.01532067714	2017.9308823875324	2015.1560625887967	nan	nan
141939	135	31238.263335	2016.54716631	2016.25224856	1.37048278097	2019.2654132609962	2015.0581088189358	nan	nan
142418	137	31251.7033639	2016.42126243	2016.63751608	0.840665331729	2017.7875227290788	2014.6089806035923	nan	nan
143094	138	31274.131129	2016.35092335	2016.43650751	1.01139926187	2018.1232846572043	2014.6974505720152	nan	nan
143453	139	31295.9298921	2016.33789546	2016.35834578	0.918275131244	2017.5437824709963	2015.1204969244093	nan	nan
143706	140	31342.1939039	2016.36446841	2016.20209389	0.930249142458	2017.8354961996654	2015.0326798830404	nan	nan
145599	141	31426.13325	2016.27181706	2016.4338785	0.804256739463	2017.2080078908373	2014.7400504430075	nan	nan
149785	145	31530.4417129	2016.53526114	2016.35002684	0.927712353066	2018.2055127244269	2015.3076340592454	nan	nan
149704	144	31570.7261069	2016.63398393	2016.797107	0.820758756039	2017.8934246855624	2015.2824833556951	nan	nan
148149	142	31651.9238889	2015.79817925	2015.93694192	1.05113855447	2017.3498527989618	2014.0501453888735	nan	nan
149043	143	31724.660918	2016.02304159	2015.89770165	1.32843398204	2018.5870866981884	2014.2783458766212	nan	nan
149923	146	31730.7533789	2016.21473237	2016.05759773	0.889954592995	2017.5319405984405	2014.923940092574	nan	nan
155045	147	31848.7902639	2016.6239592	2016.42633391	0.583688722488	2017.437522150175	2015.7944582029932	nan	nan
156415	149	32035.79406	2016.79301814	2016.90751352	0.778572022087	2017.6070398631373	2015.2439008304605	nan	nan
156326	148	32038.5651219	2016.3201585	2016.14914597	0.877632953361	2018.258480649631	2015.3887185357678	nan	nan
157058	150	32078.0401599	2016.95906347	2017.26015353	1.03789552723	2018.2719732051794	2015.2751147200602	nan	nan
158071	152	32129.5199449	2016.72655769	2016.94720637	1.51248628603	2019.8560186324573	2014.6337714953181	nan	nan
158039	151	32140.9914529	2016.30101401	2016.40722808	0.877748081214	2017.5524459167393	2014.9794812553405	nan	nan
158508	153	32146.4765151	2016.71852075	2016.71361193	0.998342259673	2018.3572888126184	2014.8659006900223	nan	nan
158575	154	32169.202668	2016.31239395	2016.34424759	0.809334589043	2017.7450660222132	2014.9884215155666	nan	nan
158775	155	32178.2795849	2016.36936805	2016.27800298	1.24610384868	2019.020755439476	2014.8260169406701	nan	nan
158844	156	32205.4783869	2016.44120318	2016.44252986	1.02291360341	2018.1420335660332	2015.1884401478453	nan	nan
158919	157	32250.256299	2016.8093392	2016.54455768	0.831168418684	2018.3481601981748	2015.875529614489	nan	nan
159538	158	32339.091702	2016.20118913	2016.4565072	0.735065450193	2017.1261055348418	2015.0005175604585	nan	nan
160000	160	32536.9521179	2016.48631255	2016.22024111	1.09482172315	2018.2799244148362	2014.629545964631	nan	nan
159972	159	32542.8569129	2016.67558713	2016.45141676	1.25049005782	2019.2316291055342	2015.064406876399	nan	nan
166344	161	37014.8070118	2017.69613247	2017.41587358	0.945370081772	2019.4717773114246	2016.1679321896984	nan	nan
170048	163	37202.0878499	2017.68023849	2017.41671986	1.25877889355	2020.0044396207138	2016.3932663503554	nan	nan
169808	162	37205.02036	2018.03334861	2018.14012466	0.981425232725	2019.4852808176352	2016.2514039957941	nan	nan
171394	164	37267.1774259	2017.86023794	2018.02838901	1.02158265336	2019.393190456533	2016.2398064647884	nan	nan
171492	165	37310.6112859	2017.49470855	2017.34480873	1.10375650156	2019.1387445890387	2015.9579504417727	nan	nan
171943	166	37327.5531659	2017.94154152	2017.50912095	1.44489980344	2020.4049112341643	2016.0195690233134	nan	nan
173794	167	37416.4380939	2017.63577381	2017.90638023	0.768492515686	2018.3920118837252	2016.2481980965383	nan	nan
174142	169	37426.310524	2017.81362103	2017.7371016	0.623252760275	2018.7042801921154	2017.0658981881359	nan	nan
173856	168	37426.5389819	2018.15099617	2017.83721379	0.950704236741	2020.092487561039	2017.0597718243462	nan	nan
174421	170	37459.9527431	2017.58969981	2017.42013051	0.989253037286	2018.999383440058	2016.3939010180375	nan	nan
174695	171	37473.1310101	2018.00911892	2018.07391054	0.763273749969	2019.0614674089682	2016.7488338510796	nan	nan
175433	172	37513.8320041	2017.87678223	2017.68421426	1.2456705662	2019.8202939690577	2015.3973674055292	nan	nan
176450	173	37613.3828719	2018.26412935	2018.22464704	0.676309950207	2019.6168428544036	2017.4804047789285	nan	nan
177682	174	37660.9680851	2018.08325478	2018.01614117	0.926355477616	2019.5663893302687	2016.8037501465155	nan	nan
178369	175	37714.8226919	2017.65120326	2017.83677265	0.720747424483	2018.440949340784	2016.3091495078932	nan	nan
180105	176	38120.1776891	2017.62350921	2017.69919268	1.09628442263	2019.708384981992	2016.0032196879588	nan	nan
181818	177	38220.5062749	2018.37442464	2018.40927855	0.961728646932	2019.5932424772852	2016.912678311167	nan	nan
181863	178	38224.5090759	2018.29293355	2018.26309239	0.566033710639	2019.5493570393573	2017.5095849113402	nan	nan
184138	179	38379.0149949	2018.01031809	2017.95921862	0.582958155869	2019.1050293912856	2017.1587337215258	nan	nan
188028	181	38528.3998899	2017.65129572	2017.83941768	0.758230847392	2018.7944497601566	2016.3342539648563	nan	nan
187971	180	38534.815172	2017.96409696	2017.93340112	0.824690360158	2019.38893317717	2016.8500854531442	nan	nan
188892	182	38600.327302	2017.69422328	2017.99487646	0.789633774549	2018.6603792002843	2016.4569550076717	nan	nan
189674	183	38627.5886359	2017.78832008	2017.96244577	0.770918429997	2018.5773518183735	2015.8605914376908	nan	nan
189938	185	38640.5734119	2017.53165525	2017.26654449	0.896518941081	2018.873243808768	2015.9067777261544	nan	nan
189857	184	38655.9621921	2017.90208996	2017.93960863	0.996105932175	2019.7376768631677	2016.2035919160405	nan	nan
190215	186	38669.489217	2017.62437193	2017.71951826	0.720859307568	2018.7497486345342	2016.375610814886	nan	nan
190337	187	38684.470681	2018.29288095	2018.21128265	0.674084208913	2019.5504721120346	2017.275340745938	nan	nan
190598	188	38743.843806	2018.24288245	2018.22698801	0.752824552453	2019.2790113931992	2017.0869911352756	nan	nan
190874	189	38795.787317	2017.45963667	2017.48486302	0.822804612068	2018.8786217029228	2016.18463451232	nan	nan
191327	190	38881.6899099	2017.72373879	2017.79999211	0.673335822467	2018.7402167397818	2016.547545068564	nan	nan
191980	191	39094.83376	2017.74792122	2017.78219852	1.12792859101	2019.2153032014712	2015.4740778089135	nan	nan
192000	192	39111.6854429	2018.06052028	2018.51439279	0.942113019115	2018.992911287274	2016.4264314410864	nan	nan
197185	193	43228.50542	2018.92225745	2018.81391599	1.00742842675	2020.7350825993217	2017.4714677659429	nan	nan
201361	194	43469.7625329	2019.05171129	2018.46285351	1.11088492066	2021.116760035572	2017.752438986105	nan	nan
201504	195	43486.3958199	2019.70306473	2019.70654301	0.996167828891	2021.6012338254882	2018.5384882322617	nan	nan
202781	196	43500.1799939	2019.29905217	2019.31767183	0.67510650739	2020.4732291395562	2017.918596284318	nan	nan
203602	197	43581.8332241	2018.75109729	2018.81582778	0.878579373726	2019.991621633924	2016.8835762994227	nan	nan
203969	198	43611.979203	2019.43561048	2019.62590468	1.13319762865	2020.9518309468842	2016.6894968898562	nan	nan
205320	199	43685.8465359	2019.07064775	2019.11579318	1.01334487919	2020.3892846647952	2017.3375259581185	nan	nan
205495	201	43702.5824699	2019.59585054	2019.63539394	0.685509535409	2020.5321795517923	2018.3835188153412	nan	nan
205493	200	43739.9059639	2019.23060911	2018.80321353	1.46235154422	2022.2571285197166	2017.1984964006817	nan	nan
205821	202	43744.884042	2018.89682335	2018.98791972	0.816724355133	2020.5348799254848	2017.5150526195123	nan	nan
205946	203	43760.266598	2018.76685677	2018.88958761	0.849297999104	2019.9775193087835	2017.3276879047114	nan	nan
206239	204	43838.0705309	2019.06816988	2018.92455043	0.695459191152	2020.9402471188002	2018.4619953522147	nan	nan
207063	206	43868.8561759	2019.28674541	2019.24110309	0.797258219933	2021.1232282596102	2018.2978913498298	nan	nan
206834	205	43894.946137	2019.63713083	2019.58090141	0.608781411608	2020.8613692950364	2018.8136126675483	nan	nan
207460	207	43973.9364331	2019.38032825	2019.35211749	1.11588436707	2021.1424932442535	2017.4681830915354	nan	nan
211469	208	44430.2021849	2019.30038712	2019.33845259	1.0622560021	2020.3730360172415	2016.7364927289268	nan	nan
213536	209	44635.4073749	2019.47909999	2019.16876136	1.24044202536	2022.4549428277505	2017.9816439858976	nan	nan
213616	210	44665.073225	2019.36979634	2019.55457507	1.30858627597	2021.171510342613	2016.750760503751	nan	nan
216577	211	44781.3857698	2019.2509723	2019.17499939	0.784306725667	2020.4029983919254	2017.9257017946431	nan	nan
219583	213	44916.0127759	2019.01732039	2019.28342082	0.670414160688	2019.924041373275	2017.72010686315	nan	nan
219392	212	44916.6556349	2019.79921118	2020.22002434	1.13053088031	2020.843790775755	2017.0747336508014	nan	nan
220777	214	44999.9088769	2019.12731164	2018.99993664	0.622972469919	2020.4696351526318	2018.1454687503117	nan	nan
221213	215	45015.8473589	2018.97707841	2018.99424464	0.739875470621	2020.1304158653456	2017.738145325065	nan	nan
221433	216	45042.0912061	2018.95628352	2018.88953124	0.972420206103	2020.8975520607898	2017.7639797147242	nan	nan
221592	217	45076.2939799	2019.54415209	2019.30253712	0.962358079399	2021.9561060026342	2018.7125705987196	nan	nan
221750	218	45078.689568	2019.27240505	2019.06323754	0.779141840895	2021.1061756523454	2018.5155777368257	nan	nan
221925	219	45087.6505749	2019.5786646	2019.66500189	0.725037116764	2020.4373424139794	2018.3028516504824	nan	nan
222433	220	45171.579499	2018.76195612	2018.54122532	0.798609982644	2019.998852760112	2017.637670261473	nan	nan
222761	221	45217.2852011	2019.11866316	2019.21886588	0.955222008549	2020.1999466472528	2017.2654046138196	nan	nan
223227	222	45317.6821821	2019.0927079	2019.20805624	0.871355503251	2020.4513342620578	2017.4310723835736	nan	nan
223991	223	45598.3238409	2019.79001665	2019.76219597	0.977229972303	2021.1383550904443	2017.8838941874737	nan	nan
224000	224	45609.042372	2019.15860614	2019.43854403	1.04240001819	2020.5403019580037	2017.7784171333096	nan	nan
227986	225	49519.9795709	2020.14536893	2020.20411571	0.912489646975	2021.504637646195	2018.7286183047156	nan	nan
233248	226	49656.151988	2020.02677316	2020.26551443	0.843786362898	2021.133918848051	2018.6989325070751	nan	nan
233651	227	49670.879035	2020.27788656	2020.38691562	1.06422492647	2021.7502117767533	2018.7748832130983	nan	nan
233946	228	49693.1975091	2020.16466557	2020.34991415	1.1625201676	2021.8695533453752	2017.8790542438207	nan	nan
235538	229	49777.4530671	2020.62540097	2020.75419976	0.780026374567	2021.4863815564115	2019.5958443501095	nan	nan
236055	230	49814.015568	2020.75937189	2020.70399978	0.580800974551	2021.6688216115351	2019.8295318377948	nan	nan
237163	231	49887.0798581	2021.00186644	2021.0037789	0.724099136112	2022.5236163509455	2019.8144078582854	nan	nan
237458	232	49934.118618	2020.52662166	2020.88950202	0.749560355866	2021.152170096756	2019.0714573949028	nan	nan
238099	235	49954.2318549	2020.32979859	2019.86958669	1.31590704635	2022.0927051925999	2018.1974311957679	nan	nan
237890	233	49961.278888	2020.2562588	2020.61025799	0.786311844947	2021.0321915489455	2018.9195775604244	nan	nan
238776	237	49992.902046	2020.00472174	2019.9668973	0.793880487937	2021.1114510061939	2018.88734211376	nan	nan
237928	234	50049.087266	2020.52539415	2020.49821176	0.393116112463	2021.1690589635898	2020.0518473534783	nan	nan
238617	236	50052.163702	2020.57956837	2020.55165133	0.878909577297	2021.8454901069636	2019.4573521493223	nan	nan
238929	238	50096.4031749	2020.32118753	2020.68403705	0.737766267532	2021.1841418493661	2019.2438393833058	nan	nan
239205	239	50124.1104019	2019.96326183	2020.40585743	0.992130122574	2021.0020782752697	2018.411910909838	nan	nan
241804	240	50587.2442629	2020.37738497	2020.35188025	0.609565613822	2021.6587418398656	2019.334052120599	nan	nan
245710	241	51139.614222	2020.20277285	2019.82648184	0.751285632634	2021.586117233203	2019.3831581156476	nan	nan
246363	242	51239.9237339	2020.31108343	2020.30995367	0.77322918167	2021.7688312234225	2019.1237219469501	nan	nan
248523	243	51277.7239671	2020.57474882	2020.45867463	0.446991939315	2021.1687950871244	2019.951004439334	nan	nan
251058	244	51385.306459	2020.3684247	2020.32782996	0.758540436704	2021.9823051913156	2019.5403226395522	nan	nan
251100	245	51422.6760221	2020.7370474	2020.68057039	0.828802050278	2022.3148642812234	2019.4826082251454	nan	nan
252340	246	51502.6374528	2020.46997392	2020.34483669	1.08397909795	2022.1470163847605	2018.9936032843802	nan	nan
252537	247	51513.632736	2020.43663887	2020.42680578	0.965027048385	2021.9267126736295	2018.851062666804	nan	nan
252970	248	51531.792938	2020.57377788	2020.69122662	1.0043403826	2022.1493041497415	2019.2383837629795	nan	nan
253450	250	51581.2932839	2020.1843782	2020.33519277	0.592192660485	2020.9346653024545	2019.1931313378107	nan	nan
253421	249	51604.473371	2020.89351809	2021.06486684	0.582525183946	2021.7640154101935	2019.730927251655	nan	nan
253514	251	51604.7099719	2020.75714156	2020.84860842	0.990873889916	2021.8717960009287	2018.9416198640477	nan	nan
254228	252	51680.4912848	2020.10506961	2020.02839828	0.943585860963	2021.927697804912	2018.687136897688	nan	nan
254547	253	51751.820591	2020.30898019	2020.1954664	0.694741969158	2021.6532184186442	2019.0885619929936	nan	nan
255039	254	51831.727392	2020.38368069	2020.38645906	0.389144533351	2020.924919640175	2019.7174640830822	nan	nan
255988	255	52173.7642169	2020.65273965	2020.34809053	1.15317680762	2023.400981359114	2019.3092145369724	nan	nan
256000	256	52190.0008349	2020.56009355	2020.6264772	0.602779255902	2021.4147594570886	2019.2417470969465	nan	nan
264836	258	55834.3156519	2021.5006461	2021.34994504	0.723762119249	2023.1119131307973	2020.5407284098726	nan	nan
265210	259	55836.513078	2021.35265876	2021.16317973	0.919803598535	2022.6824262599805	2020.013970503253	nan	nan
265583	260	55859.775131	2021.69072381	2021.61330972	0.606872601844	2022.5197644420034	2020.7297374013483	nan	nan
267157	261	55943.856262	2021.45411557	2021.40263644	1.19330175955	2023.4779244772885	2019.380853631401	nan	nan
262380	257	55991.537323	2021.74044404	2021.76196423	0.989409968601	2023.193151499705	2020.1335208886026	nan	nan
267926	262	56016.8075681	2021.54194665	2021.68139466	1.07090390519	2023.115753412633	2019.3155338877173	nan	nan
269097	263	56081.380522	2020.98366478	2020.89805475	0.962242837054	2022.809198281338	2019.7657815345847	nan	nan
270323	267	56117.928057	2021.81536223	2021.48962129	0.851778988548	2023.8557901398644	2021.0602872034433	nan	nan
269798	264	56127.0196209	2021.77698629	2021.85054551	0.692032537856	2022.7525451975346	2020.703495032237	nan	nan
270039	265	56144.3602579	2021.25099995	2021.06770324	1.38386910311	2023.1994857370523	2018.8576680459971	nan	nan
270106	266	56202.8587849	2021.77258113	2021.84072555	0.775943209338	2022.657354944045	2020.4123444535517	nan	nan
270817	268	56256.3262429	2021.32619647	2021.10101115	0.980310538475	2023.2048289950972	2019.9761785898568	nan	nan
270824	269	56269.668915	2021.11851202	2021.0691646	0.874126502871	2022.3278892040973	2020.0627930291982	nan	nan
271176	271	56287.1665709	2021.52153175	2021.3266686	0.93602633078	2022.938904762882	2020.5299160060977	nan	nan
271099	270	56308.0933979	2021.10661567	2021.12232135	0.905331312925	2022.8791264028173	2019.3660078566927	nan	nan
272015	272	56754.01825	2021.5588127	2021.45682384	0.573175028455	2022.3371973428189	2020.7857659634228	nan	nan
279553	274	57608.46486	2021.34960461	2021.04104279	1.09390644557	2023.9000621464907	2020.2275844245576	nan	nan
277615	273	57630.937084	2021.32607951	2021.11202452	0.912946272923	2022.8622829271887	2019.4768134571668	nan	nan
280382	275	57801.3443649	2021.46491104	2021.2306471	1.00378771019	2023.1444163968504	2020.1544195718116	nan	nan
282322	276	57853.0537839	2021.24157884	2020.95308527	1.15390494327	2023.0501674777913	2019.735897994348	nan	nan
282910	277	57896.896323	2021.37481011	2021.23473736	0.987461016386	2023.6250676202471	2019.9872008008135	nan	nan
284330	279	57989.0250978	2021.46873055	2021.34829233	0.867635811519	2023.490768146479	2020.5969453544183	nan	nan
284269	278	58003.2262819	2021.32208974	2021.34227747	0.533140381529	2022.2910700781802	2020.489648833606	nan	nan
284566	280	58023.632905	2021.46655388	2021.34606483	0.887132426426	2023.0813329955927	2020.3881312010699	nan	nan
285312	282	58096.3251379	2021.32250443	2021.15832444	1.25087501455	2023.6060695445003	2019.233082596583	nan	nan
285067	281	58104.4140439	2021.69261647	2021.99099826	0.970719522219	2022.8999703514362	2019.8112868040268	nan	nan
285348	283	58121.1331301	2021.41204301	2021.23540182	0.730292135491	2022.811633376154	2020.5451439784977	nan	nan
285932	284	58175.3728681	2021.80724055	2021.77936145	1.08558817382	2024.291151890885	2020.1759529265594	nan	nan
286401	285	58264.2555029	2021.4515825	2021.34484983	0.728621855134	2022.4257630938237	2020.6226296829475	nan	nan
286832	286	58347.5273259	2021.08967675	2020.75289294	1.03356102996	2023.2079467147953	2019.458136013185	nan	nan
287970	287	58721.7212551	2021.27079528	2020.96347546	0.963450479263	2023.1028719067451	2020.2529696190516	nan	nan
288000	288	58737.7853858	2021.16231872	2021.32039559	0.873641282507	2022.9557360200838	2020.1027004296925	nan	nan
296135	289	62049.7172561	2022.57441918	2022.37240718	0.655281429246	2023.341435445489	2021.732935552516	nan	nan
296280	290	62064.2785408	2022.45351623	2022.16280492	0.780464608572	2023.764431483324	2021.6670320588655	nan	nan
296808	291	62086.8965249	2022.53667064	2022.37124502	0.80823762989	2023.848744698432	2021.5775271124862	nan	nan
298560	292	62148.1877661	2022.28212338	2022.17763565	0.765454277716	2024.052881464957	2021.2209998296505	nan	nan
300054	293	62239.495126	2022.0006707	2021.88827714	0.828895795184	2023.115207559533	2020.878665515381	nan	nan
301554	296	62278.9623079	2022.21924698	2021.8834313	1.1684790617	2024.7179032631052	2020.9818293573173	nan	nan
301014	295	62294.8242691	2021.80722233	2021.53253181	1.08029779495	2023.6669630129077	2019.7974091773985	nan	nan
301691	297	62367.6729519	2022.15760867	2022.19568776	0.626827961118	2023.256712740472	2021.1330129954188	nan	nan
300185	294	62382.072288	2022.2947814	2022.25272859	0.879430771429	2023.817031183481	2020.4424513103463	nan	nan
301870	298	62385.8645658	2022.37116484	2022.32821041	0.469466730929	2023.2959899497225	2021.7094750866413	nan	nan
302982	300	62516.2574089	2022.83396686	2022.99723441	0.828126919418	2023.826084852636	2021.7179047197453	nan	nan
303138	302	62522.680999	2022.58327648	2022.94193746	0.756369877501	2023.2864811933518	2021.2453583421186	nan	nan
303054	301	62523.3463099	2022.26300324	2022.46044094	0.951229759933	2023.9121881309215	2020.9682419018902	nan	nan
303208	303	62535.7492669	2021.92535867	2021.77400606	0.82897532219	2023.2291810925378	2020.8591607994024	nan	nan
302706	299	62634.460428	2022.07854514	2021.91821575	0.94169756418	2023.4495355496713	2020.7853003592654	nan	nan
304000	304	62982.349406	2022.15073257	2022.44124048	0.98183206181	2023.5061946379626	2020.6470187016141	nan	nan
308697	305	63882.2849109	2021.83599661	2022.08945972	1.02120222836	2023.150152864021	2019.7702015379532	nan	nan
309743	306	64019.0612979	2022.24271301	2022.32646273	0.800996362772	2023.9694430475586	2021.0081741393844	nan	nan
312872	307	64214.552165	2022.13011293	2022.12792003	0.816199652179	2023.249568959939	2020.9342189436354	nan	nan
313800	308	64244.285578	2021.75111737	2021.97202497	0.985053237347	2022.9087005864699	2019.7740900107913	nan	nan
314529	309	64296.8875179	2022.07548987	2021.81283442	0.869399162801	2023.7433679377666	2020.895708738796	nan	nan
315950	310	64384.8019121	2022.40882883	2022.5408139	0.998062973403	2024.3758388041506	2020.9142030664632	nan	nan
316412	312	64430.041249	2021.99800887	2022.55337046	1.44197008593	2023.766641864418	2019.1374432109678	nan	nan
316210	311	64431.7534978	2022.25898768	2022.20248145	0.630080421636	2023.5803388236127	2021.4147650685115	nan	nan
317116	313	64492.7373641	2021.96245757	2022.18403513	1.20033155905	2024.0213120352453	2020.138712768689	nan	nan
317176	314	64512.9416199	2022.50481228	2022.57532857	1.21205346223	2023.858960233282	2020.3878125403762	nan	nan
317286	315	64557.3160739	2022.29063945	2022.22249265	0.796554288276	2023.7143685143342	2021.1099691396369	nan	nan
317717	316	64591.3415658	2022.28184407	2022.32426519	0.692004376767	2023.4595560316964	2021.325755396424	nan	nan
318277	317	64678.6615798	2022.11542409	2022.25020599	0.7636999288	2023.1058492700251	2020.7388363621205	nan	nan
318690	318	64774.857749	2021.92779669	2022.16153404	1.03050414505	2023.3933518320541	2020.146088701906	nan	nan
319960	319	65067.9518349	2022.41252075	2022.34099364	0.667119348565	2023.5801586934604	2021.459634617825	nan	nan
320000	320	65245.2193899	2022.67665037	2022.56379358	0.676062449213	2023.945707442126	2021.7848088638807	nan	nan
327961	322	68210.8629479	2023.09185156	2023.3092352	0.94852746854	2024.136002320197	2020.789136652088	nan	nan
328472	323	68256.4101388	2023.03980395	2023.10417683	1.23695780759	2025.0171110524532	2021.2149440474511	nan	nan
329569	324	68293.62643	2022.75838928	2022.68891218	0.869067104818	2024.28115935281	2021.8177476004557	nan	nan
332015	326	68385.1666529	2022.66930075	2022.64527071	0.914694424435	2023.6652193711702	2020.7336162096517	nan	nan
331498	325	68420.53162	2022.89277115	2022.66343634	0.811129364694	2024.4467643900434	2022.0533405199003	nan	nan
332412	327	68466.876476	2022.84744091	2023.10956169	0.905720951722	2023.991053071496	2020.9354272913786	nan	nan
327693	321	68491.886853	2022.88208693	2022.92398549	0.547685897666	2023.739930745847	2021.6981490596595	nan	nan
333409	328	68544.89605	2023.33595582	2022.98243174	0.798665041923	2024.7563779507157	2022.532087022089	nan	nan
333597	330	68547.6954229	2023.05549249	2023.20583097	0.515762100699	2023.707885848737	2022.0005613925255	nan	nan
334969	333	68667.414335	2023.00216694	2022.90348035	0.900067032179	2025.0001209757304	2021.4762086799194	nan	nan
334945	331	68714.555619	2022.73381914	2022.5524672	0.787753338034	2024.1769581220822	2021.5871350432526	nan	nan
335040	334	68726.9044249	2023.26936486	2023.43623647	0.684294568497	2024.0682185600012	2021.719963285461	nan	nan
334968	332	68741.750052	2022.92747614	2022.63469385	0.887804020374	2024.6071310460886	2021.793459061157	nan	nan
333589	329	68829.608263	2022.93092662	2022.50577388	1.3887167495	2025.057681288351	2021.0640296308004	nan	nan
336000	336	69111.772361	2023.54835593	2023.39896735	1.12504905374	2025.550415524882	2022.0390309343813	nan	nan
335417	335	69138.808393	2022.86238498	2022.88886375	0.718019479022	2023.9319676663717	2022.060027453117	nan	nan
338890	337	70030.3918419	2023.47788671	2023.42988977	1.32605623771	2026.1544211928356	2021.7247904015235	nan	nan
341407	338	70498.307708	2022.88229822	2022.94077933	0.637156645906	2023.646094230852	2021.7437044805915	nan	nan
344829	339	70672.4012659	2022.60820924	2022.30933465	0.946970144988	2024.4679984244665	2021.1389760673512	nan	nan
345419	340	70719.0317171	2023.22724643	2023.17026462	0.775479785948	2024.7646355272045	2021.9489884767447	nan	nan
346286	341	70765.926028	2022.82609175	2022.71363207	0.651519978741	2024.00604804078	2022.0278607655396	nan	nan
347673	342	70855.9867909	2023.52418105	2023.56820862	0.957694029695	2025.2706462129051	2021.676744802666	nan	nan
348304	344	70893.0916829	2022.95914389	2023.12645809	1.1845935727	2024.6479263941535	2021.3978713810754	nan	nan
348249	343	70902.5571189	2022.86076028	2023.12478177	0.763157592856	2023.916755519761	2021.363996200799	nan	nan
348973	345	70998.114831	2022.7649725	2022.44504528	1.00680847486	2024.6015135329947	2021.4355142334923	nan	nan
349106	346	71009.2909589	2023.03505466	2023.00205786	0.763360996613	2024.224022653773	2021.9456130392875	nan	nan
349560	347	71045.032366	2022.76537066	2022.9383798	1.05478592288	2024.2580406182037	2021.1453340304686	nan	nan
349787	348	71086.2809689	2022.64531112	2022.51083456	0.819539049258	2024.1253110998477	2021.3112604817402	nan	nan
350284	349	71178.706975	2022.57784843	2022.63694427	0.648309049162	2023.338689225398	2021.5379607965565	nan	nan
350774	350	71296.3917749	2022.83709342	2023.00800492	0.463722926287	2023.3432384934179	2022.098675014664	nan	nan
351639	351	71330.6734591	2022.67445579	2022.52282482	0.783758120716	2023.7844972402581	2021.607470219897	nan	nan
352000	352	71818.876862	2023.32504285	2023.27996006	1.17919155556	2024.5767998407116	2020.6701434537842	nan	nan
358440	353	74432.134099	2024.11435833	2023.87318377	0.95007656456	2025.3534991176366	2022.4618260043944	nan	nan
359370	354	74454.7010219	2023.2691421	2023.03771105	0.727954484702	2024.8989020051092	2022.3861395379085	nan	nan
360063	355	74498.5417809	2023.7627001	2023.79544205	0.852073630954	2025.2922807282296	2022.2949645290814	nan	nan
361780	356	74570.1610639	2023.52772146	2023.73101326	0.791199556733	2024.564248122719	2022.206740476596	nan	nan
362576	357	74682.236887	2023.45379605	2023.49689746	0.644344474219	2024.4821869421587	2022.4920908549036	nan	nan
363224	358	74718.103791	2024.09594845	2024.1294655	0.939761089684	2025.0964744753362	2022.5623588466794	nan	nan
364038	359	74761.3069398	2023.65796724	2023.7397213	1.20137409882	2025.4253418035632	2022.0777089432916	nan	nan
364277	360	74780.9934359	2024.15398151	2024.39338223	1.14153004915	2025.9456434174922	2021.780064286555	nan	nan
364293	361	74871.754844	2023.69851682	2023.49792533	1.09430545023	2025.808747246324	2022.0944735869782	nan	nan
365759	362	74905.960695	2023.10339413	2023.18939581	0.951074804489	2024.2738352921651	2021.3173887929743	nan	nan
366385	364	74986.5244789	2024.08572609	2023.99357098	0.754865279556	2025.5716299183173	2023.302149114026	nan	nan
366451	365	75020.3450661	2023.92903645	2024.00146789	0.586296818426	2024.8818763230327	2022.800122079572	nan	nan
366236	363	75119.5253758	2023.76975762	2023.72494909	0.908078236094	2025.684625612472	2022.2730038444975	nan	nan
367008	366	75206.2294691	2023.69041286	2023.38116886	0.836073384995	2025.2634943705496	2022.3945090300988	nan	nan
367947	367	75348.5672309	2023.71767247	2023.92590305	0.758685602949	2024.9498007319673	2022.4204687914219	nan	nan
368000	368	75574.86905	2023.99070746	2024.1047309	0.605813240414	2024.7130315527475	2023.0051955673648	nan	nan
369191	369	76284.8073719	2023.90465158	2023.72751707	0.93872294663	2025.4196040145805	2022.2430227555512	nan	nan
373265	370	76935.3977139	2023.50811617	2023.52128775	1.04419668733	2025.9439489112171	2022.33213244299	nan	nan
376194	371	77144.0399189	2023.98471687	2023.54791734	1.01324154421	2025.6163119187668	2023.077165127218	nan	nan
377045	372	77160.037605	2024.00582062	2023.96303733	0.423123631531	2024.5833088783868	2023.4540770667033	nan	nan
377941	373	77211.2227631	2024.07326667	2023.80864789	0.528063837397	2025.0173141675286	2023.4851207690067	nan	nan
381355	377	77251.055578	2023.35116691	2023.24416506	0.615258753573	2024.4254776630128	2022.5502884492923	nan	nan
379526	374	77315.2165129	2023.88732946	2024.11938625	0.688410266716	2024.8033203403068	2022.701833704475	nan	nan
380019	375	77356.8522758	2023.98317815	2023.95235359	0.673946959756	2025.3697608353837	2023.236150315421	nan	nan
380225	376	77361.8694859	2023.83499931	2023.53421573	0.921162750347	2025.229002053854	2022.6976025357123	nan	nan
381461	378	77484.2989299	2023.75348347	2023.7087923	0.901648009505	2025.2951931406947	2022.4877452537742	nan	nan
381781	379	77519.0345669	2023.59807181	2023.54732434	0.996793393258	2025.0803832872703	2022.2470076823972	nan	nan
382065	380	77552.287636	2023.77305869	2023.75348567	0.537734848201	2024.563140654411	2022.6845146232106	nan	nan
383142	383	77595.742276	2023.84127579	2023.65969628	1.00469851073	2025.5665497722557	2022.2796263989894	nan	nan
382552	381	77671.524709	2023.84010547	2024.08358044	0.747898376414	2024.815829881841	2022.5662993521162	nan	nan
383109	382	77804.564117	2023.72612487	2023.82206124	0.887062041753	2025.1263524666456	2021.823777052395	nan	nan
384000	384	78383.591572	2023.47389321	2023.73654261	0.83718201261	2025.0266140743354	2021.9510464614877	nan	nan
389930	385	80583.3617129	2024.52583945	2024.6640719	0.805678325655	2026.0033386432574	2023.135657605482	nan	nan
390368	386	80614.9586349	2024.50732501	2024.83806771	0.975298091037	2025.6658902991524	2022.7362917156424	nan	nan
392112	388	80666.859339	2024.1294893	2024.08546473	0.616726083823	2025.052553562132	2023.1834152225092	nan	nan
391070	387	80699.061605	2024.50202292	2024.37950125	0.739541368542	2025.9107739946978	2023.209125579421	nan	nan
394073	389	80826.9819329	2023.95350929	2023.88015352	0.641244185346	2024.9193753896577	2022.9817191758557	nan	nan
394648	390	80877.253448	2024.27074854	2024.1238018	0.865299626868	2025.9852311505583	2023.0536936203812	nan	nan
395249	391	80917.640877	2024.8202056	2024.75232701	0.80638869938	2025.8720863613191	2023.8141464584253	nan	nan
395511	392	80949.8720279	2024.37397178	2024.35476675	0.859034382487	2025.4797627023017	2022.7905752604922	nan	nan
396955	394	81050.4623189	2024.24463926	2024.09951663	0.487644916902	2025.0386211587413	2023.7534101390881	nan	nan
397673	395	81159.3068259	2024.30157621	2024.2674356	0.610656633284	2025.2609813268061	2023.202301001041	nan	nan
397967	396	81209.716965	2024.73580857	2025.06654205	0.935569646693	2025.625828133308	2022.5881288568935	nan	nan
398612	397	81288.6100459	2024.85544979	2024.74537781	0.735540944688	2026.309134518838	2024.0248444522626	nan	nan
396844	393	81353.7437449	2024.54712684	2024.51184863	1.1143937281	2026.297077297467	2022.5999354483638	nan	nan
399575	399	81495.041961	2024.78989801	2024.47676129	0.997650329754	2026.507078893033	2023.546030947112	nan	nan
399158	398	81646.7767088	2024.71989287	2024.64419214	0.836074307022	2025.9713203131614	2023.6085246229782	nan	nan
400000	400	82075.6830719	2024.43688203	2024.48381057	0.701888413875	2025.4862492160703	2023.0217243864079	nan	nan
401000	401	82617.0579469	2024.44024047	2024.83708113	1.10695458579	2025.7286358957317	2022.613364471502	nan	nan
405400	402	83390.2023599	2024.47116371	2024.57674759	0.820891534155	2025.3281104472176	2022.6892030421789	nan	nan
410582	406	83492.6295979	2024.23013101	2024.0752424	0.740550553432	2025.6458781796398	2023.0053957798978	nan	nan
409148	403	83569.8540699	2024.44365458	2024.45242065	1.13497824213	2025.8589343907634	2022.357753647552	nan	nan
409551	404	83610.131959	2023.86717221	2023.64761673	0.75326735084	2025.4493172023122	2022.8905893326207	nan	nan
410332	405	83617.3882649	2024.09428801	2023.98835049	0.739228782969	2025.8317347403522	2023.1669878310345	nan	nan
411915	407	83749.062726	2024.47121062	2024.76104516	1.03177178315	2025.6062811037345	2022.7769974494167	nan	nan
412494	408	83778.6080019	2024.52813312	2024.69324685	0.979094954708	2025.5528718414869	2022.756769990513	nan	nan
412576	409	83812.240284	2024.5007353	2024.59776213	0.84005128542	2025.7891722609043	2022.7438617913006	nan	nan
414418	413	83863.8783729	2024.66576934	2024.559394	1.04720180793	2027.1668071146908	2023.2983589594267	nan	nan
413816	410	83926.1555231	2024.42886086	2024.33958005	1.17748561042	2026.1383349061516	2022.403423407206	nan	nan
414121	411	83980.731518	2024.72181358	2024.97028483	1.12594383609	2025.9683152236707	2022.4886661348557	nan	nan
414340	412	84015.6356239	2024.51124097	2024.47058804	0.507539151614	2025.3650292224638	2023.5784717647905	nan	nan
414775	414	84124.927387	2024.4701706	2024.31438288	1.20240347022	2027.2270558714338	2022.8777501322918	nan	nan
415041	415	84282.002847	2024.06116314	2024.15331286	0.450331170357	2024.4955584296388	2023.0302915796274	nan	nan
416000	416	84897.248961	2024.70642856	2024.49551203	0.857741773616	2026.52439218637	2023.39674665307	nan	nan
