steps	episodes	elapsed	mean	median	stdev	max	min	average_value	average_entropy
31295	1	6383.08133602	2112.38345032	2064.7450622	198.483525253	2533.734047270081	1898.430180408334	28745.4229058	2.17256137997
31428	5	6390.83006597	2007.32443907	1883.63219342	247.729487464	2469.874591186944	1783.3056484824367	28348.5384122	2.17226752193
31378	3	6408.70026684	2403.61722297	2288.73092529	303.995657296	2995.1457236780975	2091.306581360753	29013.4158376	2.17170752873
31380	4	6414.02275991	2339.3170977	2306.05149637	226.667946292	2788.697062296754	2084.920281171006	28529.1825348	2.17273160592
31376	2	6415.001719	2415.69495279	2345.62350825	218.249837019	2842.629593013418	2199.2901324507247	28745.4986337	2.17270789276
31625	12	6420.76306987	2129.19063873	2104.57008239	147.167561063	2417.715893609623	1961.9448470637747	29496.5961264	2.17170214518
31600	11	6424.7800138	2262.50428556	2281.72642908	193.324079869	2622.146666559965	1947.870020250685	28694.8820776	2.17278234516
31558	8	6433.4440248	2187.86788803	2168.81436829	153.134383962	2488.099021180745	2014.7174521201619	28689.1345396	2.17274239977
31505	6	6437.61921	2247.78705489	2101.21044266	366.046373188	3033.851360465277	1883.5136387336452	29007.9842602	2.17251762302
31741	13	6446.67542386	1982.78643222	1964.95104057	130.69843477	2224.2768226552544	1821.8093394868476	29108.554794	2.17304864531
31569	9	6452.06104183	2331.80273838	2210.72426231	372.74393182	3057.85716352774	1994.8686494577746	28800.4972943	2.17231196358
31545	7	6459.65887094	2102.02360172	2045.09886887	244.564542637	2486.342835719909	1832.1007824517287	29005.2293786	2.17230533755
31768	14	6466.39860797	2588.87250669	2447.77966984	426.570528953	3521.1332524161503	2094.6727976389966	29608.7922394	2.17204246419
31880	21	6490.16494584	2546.71029619	2594.68902507	389.02656858	3054.728971781744	2012.3961172894763	30545.971875	2.17129389281
31976	29	6556.48466182	2305.59330904	2150.66217239	389.442736073	3022.492223587782	1899.6124518126178	30858.8943998	2.1712572472
31851	18	6624.6256938	1887.72150482	1799.3375353	204.21565387	2290.7967496809492	1707.952008611572	29591.1649937	2.17141593377
31905	23	6628.50477195	2343.53385402	2369.75850447	290.454471729	2836.4007005632097	2007.3097998396947	29575.979277	2.17180386865
31891	22	6630.34127498	2077.22464802	1939.93615694	325.097675691	2765.3207623502635	1794.016315834109	29202.1014125	2.17224197651
31837	17	6642.67486	2146.22932392	2026.2110345	232.063311531	2634.2562971772822	1949.29898833452	29484.0199785	2.17136681069
31866	19	6646.2878468	2184.77166517	2079.99800735	334.36304186	2814.2407386745444	1802.875813342202	28917.0941598	2.17259393708
31834	16	6662.02252197	2467.91469887	2207.66525583	439.758340198	3270.4048109186924	2112.8967343546365	29154.891492	2.17236878167
31811	15	6663.89852691	2020.51144509	1957.87649931	175.274716506	2429.229698447541	1857.8546035591678	29272.8422244	2.17195985506
31925	24	6668.17571497	2267.01609265	2311.77213665	296.112938569	2716.6968254716494	1902.509463201821	29447.4646092	2.17228771746
31932	25	6674.00434089	2204.25127713	2128.97335575	209.238335862	2617.4910473272134	1989.5915893931785	30058.6904811	2.17132089814
31867	20	6680.74786091	2272.45486369	2257.27807866	278.980189768	2788.140188670735	1889.6706668395577	29331.3305614	2.17163349536
31960	27	6683.45269084	2043.19586373	1947.2488223	221.018847763	2503.590409007747	1835.077585377288	29576.6981859	2.17222312415
31949	26	6683.50106502	2001.45445207	1919.31479383	228.311242757	2444.1326297154756	1792.7171595581708	30284.7995615	2.17174381098
31970	28	6697.00585389	2229.19935673	2125.49158864	276.512425183	2826.5439139499886	1971.3856403448913	29543.7099414	2.17186154009
31995	31	6717.39037991	1979.86260821	1912.83992975	189.875986176	2342.761821110146	1764.397281023309	30004.1577698	2.17265185895
32000	32	6725.48281097	2344.25220507	2129.83582919	419.806780629	3204.4727295874345	1994.1878787058215	31085.2250739	2.17071130561
31988	30	6739.93134499	2059.9400186	1969.98429661	223.732724732	2535.7775266114145	1859.2888298655405	30506.9658808	2.17149023159
52287	33	12431.7357619	3430.42357316	3525.10572449	266.700534399	3660.784080979211	2839.3370730801817	141941.643107	2.94791149923
54051	36	12438.0596039	3388.2819474	3441.04215911	174.968330528	3578.041769246758	2978.3668705013874	153058.492075	2.94630388104
53754	35	12450.6646619	4148.66329681	4299.19862631	317.974833293	4384.825762597261	3396.411366185373	155588.931554	2.94143757102
52846	34	12459.4604409	2973.16044553	3007.29845578	137.3816496	3116.013752293846	2645.212749271795	142761.26623	2.94707039231
54350	39	12474.229152	3462.17026064	3544.74641744	270.7101172	3675.416587259382	2821.088740456665	154987.784039	2.94641108962
54065	37	12474.397187	3474.3948208	3528.32246679	166.68522213	3630.6668218818277	3091.938737215107	155164.387061	2.94534225008
54328	38	12522.0624468	3244.37193975	3350.57817601	264.956678696	3458.4467585912203	2642.6911260871343	158466.747141	2.94272151373
55148	40	12531.1320179	3140.24039306	3229.90093531	198.506135073	3298.004400078346	2691.35714937104	161294.891535	2.9465312838
55260	41	12532.560133	3395.22752493	3421.01506665	140.829747483	3569.861965430224	3166.5513729125073	162844.326463	2.94599993582
55584	42	12540.194165	2848.38160227	2932.99183967	202.758292431	3007.144715025951	2369.7578765332364	164241.333031	2.94703458643
56076	43	12587.4335289	3266.98558652	3342.7034816	243.628063487	3462.3921108626287	2693.7754633605805	168755.556544	2.94689146189
57072	45	12617.1887548	3324.2378101	3305.70469789	146.276400815	3545.263873155922	3113.209641909481	188448.541165	2.94127109557
59023	47	12679.171427	3465.21202871	3481.5676866	130.516517267	3645.207182585822	3258.4775193544046	213838.344292	2.94055976853
61813	50	12744.6625919	2986.53989498	3035.73103443	128.275838073	3082.2145599377855	2682.6382864455477	262897.494577	2.93735693032
61816	51	13047.8353839	3344.01339333	3372.41882595	112.803126893	3460.7841879266066	3080.1198606411076	253838.706819	2.93951830946
61786	49	13064.0650568	3346.49240923	3360.13884525	165.036761646	3543.5305890908558	3101.558802523869	253355.329018	2.93952251663
62180	53	13075.460546	3269.09307583	3266.27634956	160.60807595	3495.6833752150696	3039.9428934495713	256104.877795	2.94181763844
62162	52	13075.8354778	3400.33544356	3492.50667736	275.40132495	3655.53426343052	2806.802129125896	265161.485728	2.93686813132
62424	54	13089.0198359	3541.93854653	3544.40820236	144.476067918	3747.4776881616594	3336.376302141518	268070.61594	2.93816375702
62721	58	13095.441644	2907.66854845	2897.52538892	123.118757086	3080.924557192612	2678.752700147812	274770.554252	2.93912897169
62595	55	13104.833807	3249.88312275	3266.64631158	87.12107157	3356.8912294681977	3058.4563187276012	265069.317252	2.94184905731
62741	59	13130.1383228	3072.49764546	3112.80306982	156.700114876	3222.7605063423557	2684.4497853395337	284839.04084	2.93756952717
62682	57	13135.6655998	3252.0958754	3279.70021947	173.19600054	3467.4049277895206	2917.4139725701457	276942.154611	2.93654504148
62823	60	13145.5157959	3473.18393874	3535.73765688	151.283217057	3606.1559996263436	3115.9156363477377	275352.321157	2.93953207787
62973	62	13188.6111419	3405.72266181	3431.73767424	109.471884445	3537.6792555668317	3236.355557366786	294451.704313	2.93601409087
63000	63	13189.632529	3264.3152187	3348.91061435	306.720393557	3589.1331068077266	2683.1631078937717	301901.344558	2.9364302788
74210	64	17988.9518769	3311.82881764	3302.51749352	37.0021949341	3407.5629981883085	3278.6172950044634	605595.771547	3.2055192897
75222	69	18013.324841	3255.09920127	3233.91136468	46.6341468062	3368.0654294196424	3223.7960092340463	646623.458374	3.20189462284
74970	67	18027.1274109	2857.25747858	2847.51661639	38.1453943406	2932.1533018150167	2822.469594921547	613990.2696	3.20498311264
75215	68	18040.519388	3363.93346015	3353.74162353	36.7852393992	3434.3706228296915	3325.4597735497205	633228.986422	3.20431613483
74559	65	18060.371243	3181.10137707	3165.10388503	47.6692557272	3279.7843918906065	3138.8831846028706	621702.358206	3.20251592002
76144	72	18061.702425	3054.11822647	3047.98288492	26.8526965263	3112.194248177187	3030.6341684866425	686975.36175	3.20112649733
75957	70	18094.0262668	3093.2999808	3066.23100897	79.9349061856	3259.049322241149	3019.8213377172506	677332.869271	3.19969338709
76076	71	18098.320267	3032.62198199	3022.84465644	30.5752420727	3098.6549931261034	3000.0153401392213	681881.68212	3.2031847293
76230	73	18105.995436	2746.4483876	2728.78931341	41.9909501322	2843.3446044309567	2715.047205344329	691371.119878	3.20310660535
77950	75	18148.3200309	3024.95037059	3019.81179569	25.7354632583	3066.381092845906	2995.1534427026613	764584.269652	3.19776959533
77140	74	18154.0439909	3116.92713639	3109.07829191	34.6857426893	3197.522605805691	3081.1511408658316	701271.365	3.2081204248
79232	76	18249.281081	3247.63610037	3240.41365312	23.7643890781	3300.8536470461045	3227.1392107828196	803866.824006	3.1992194193
74756	66	18303.669312	4076.80367226	4059.29664439	72.2507530494	4197.966738062012	3987.368490077397	644299.951428	3.19384760233
80775	77	18365.635818	2800.77819918	2782.20497387	41.6639736185	2893.264977851405	2767.3457452983107	887284.706993	3.19429713188
87451	78	18588.902247	3160.97237097	3150.27301832	23.6010163411	3213.029312599441	3137.8699225476867	1187686.51084	3.18913255127
87783	79	18595.5062568	2989.00928853	2976.75076817	32.260034244	3059.3618077200435	2958.911330024561	1207835.23494	3.19139265821
88212	81	18596.4293978	3282.781413	3281.82702103	16.4357038676	3307.576490130287	3257.500360279553	1249322.58217	3.18723794098
88336	82	18612.961	2696.01242588	2691.7829124	19.8869554882	2744.0208397361225	2679.275835879667	1232430.7791	3.19194256817
88483	84	18648.402997	3038.52836553	3027.92291247	30.2035585882	3111.50320646026	3013.2792126933696	1231291.32214	3.19475961266
88037	80	18661.6775658	2935.63003161	2931.39519206	22.7353936404	2984.286839826501	2912.883819472379	1209989.34146	3.19379146545
88699	85	18665.4329939	2970.40599799	2968.90230215	13.8286066636	2996.110499745727	2951.739874931108	1327471.87949	3.1865699021
88769	86	18693.7717419	2939.33773184	2916.88493703	44.7733435079	3039.9053468072134	2903.812816551465	1315624.52477	3.18550977496
88849	87	18712.315836	3248.54900281	3239.00731601	32.5553979202	3315.3067578008017	3218.633926071145	1289993.43287	3.19097268431
88458	83	18719.331455	3273.15037878	3251.68592829	56.3816131608	3386.10638768025	3223.418915330638	1281112.95335	3.18388419466
89000	89	18732.011956	3099.31366616	3082.92640157	53.3252778758	3220.8377469196234	3049.57305100995	1369871.05308	3.1869191814
88996	88	18739.1239219	3187.89238432	3185.78998693	18.61103117	3218.593350406599	3166.5666819589114	1346295.8875	3.18802214573
99885	91	23517.4310338	3233.61588114	3233.8094528	8.20684131321	3244.729525438385	3223.2599235751354	2289001.05576	3.26279839834
99304	90	23523.573221	3354.89457268	3357.58250536	17.6893076077	3376.195861855874	3326.398355882205	2207498.81113	3.26755146231
100828	94	23526.9783618	3195.69236504	3194.41128451	16.316330754	3220.3380224780735	3171.6445324348642	2370084.37925	3.26307717049
100271	92	23554.0393879	2905.85015058	2905.264491	18.5412483355	2932.9353949585698	2877.0926273156606	2263375.12843	3.26467219538
100910	95	23570.992064	3085.4604748	3084.00701408	13.5229115735	3106.4017293409574	3067.8988718631936	2446749.50304	3.25555008939
100481	93	23598.4820659	3371.81899254	3375.81337474	26.7650063179	3410.0929315138183	3332.654634187152	2322318.21396	3.26106772505
101516	96	23611.2900229	3061.71571988	3064.82612648	19.9301232238	3089.0765981909353	3028.8734315110714	2499425.54155	3.25609953056
101614	97	23642.5286889	3059.24671319	3057.7002165	17.8068335504	3086.9392890555973	3036.1127437238783	2482562.92552	3.26133520951
101767	98	23656.9732149	2753.22215198	2754.92836125	12.2586938199	2768.018595603393	2735.111996660948	2520589.95	3.26174424503
102704	99	23743.303026	3178.85313638	3178.933832	22.2736861663	3205.600472085571	3145.5435617393005	2514148.5687	3.27378407515
106442	102	23781.660388	4039.95761352	4038.33828081	19.7458652061	4083.3136627750087	4017.8552041711614	3038352.03799	3.24394238425
105044	101	23807.166837	3281.43283119	3279.61028008	16.7991218648	3305.4927074582774	3259.646571376301	2820770.77927	3.26076316912
108108	103	23932.6576209	2815.69478253	2817.70760288	15.3248801566	2840.9645728914406	2792.3906989292946	3228878.71672	3.25072724166
103275	100	24045.92453	3095.63672963	3094.79465559	21.9656925278	3128.3096346036555	3062.1881577319095	2698637.5889	3.25400548672
113330	105	24077.6914589	3326.42466098	3327.33203032	12.3101899551	3343.1618322914314	3305.522978928789	4103311.32967	3.23757398019
113180	104	24093.3177629	3223.19671185	3222.03961628	20.0757598831	3248.727147283833	3194.310316688276	4019623.7604	3.23768298068
113675	107	24134.978483	2734.292139	2737.02764558	17.4837972903	2757.173981861606	2706.245857957445	4111323.532	3.24180937153
113368	106	24143.1921329	3010.36040176	3008.61260257	13.8586448587	3034.7729753531535	2991.4058961635023	4065921.78408	3.24358409704
114257	108	24178.9088788	3068.19913395	3067.68981246	11.9966292818	3086.147762294908	3052.6962245770133	4148450.23887	3.24774487916
114451	110	24208.1591539	3017.58330924	3019.49087739	16.1386536859	3037.3203609872376	2993.0577737866747	4467522.54447	3.23303701525
114713	111	24213.8372009	2941.8839993	2942.22544993	10.9696871201	2958.2574539253096	2923.6827026937003	4526310.75251	3.22977395466
114443	109	24240.2146339	2995.4326786	2993.93629653	13.4600812079	3016.5485568235085	2971.9052691971883	4214194.27217	3.24659562957
114924	113	24260.5323758	3248.16910359	3246.76464898	15.233068576	3269.8961270389455	3223.459190945032	4637179.05945	3.22524811243
115000	115	24267.149092	3262.35690008	3262.98684898	17.0675533921	3286.9047711722515	3236.6193671738583	4530982.77198	3.23840471087
114981	114	24271.483238	3127.06597323	3124.84908916	42.2064115611	3172.6682543038346	3078.3163288038413	4606199.86834	3.23347560767
114906	112	24272.062541	3291.03558059	3299.22083539	22.1099378611	3316.937778942946	3250.7581782157226	4503362.43011	3.23421868792
124685	118	29003.646214	3233.28865878	3233.34982422	7.07005319102	3241.4326564521584	3220.9369090646496	6965038.65416	3.23773415561
124498	116	29011.2902629	3252.33413609	3253.35833563	3.59698207302	3256.725658783148	3246.5346616799343	6971672.93952	3.23004189833
124631	117	29017.1518519	3393.5114126	3390.20089183	9.59436686856	3408.213983411846	3381.984823904579	6926452.20429	3.23600438224
125386	119	29095.355865	2946.53468797	2946.19419075	6.67216852372	2956.6609814814497	2937.0268522791075	7015625.15417	3.22964696534
126517	121	29131.1996548	3099.239911	3099.59118432	4.93548505137	3104.606310077147	3089.472655225112	7638975.13692	3.21822822826
127448	124	29146.1730509	2783.36262139	2784.80434896	7.41429411113	2792.5836686253824	2773.022598395744	7924988.24868	3.22456276119
127187	123	29162.9590418	3101.60908094	3102.64843129	9.25974135418	3115.3940989811717	3089.6353713610015	7706948.65265	3.22837084735
130275	126	29251.895191	4135.60522407	4139.52439232	53.2716813496	4193.198568644231	4079.078434355899	8980281.54599	3.20281212034
127166	122	29274.872314	3429.04760474	3429.96601103	7.62053082506	3439.410642159295	3416.934929898165	7456304.53506	3.22917797356
129334	125	29295.4170759	3226.81619037	3225.93661208	11.3630155932	3245.1022745469513	3212.063329431808	7865503.09765	3.25143831675
131307	127	29387.7765019	3318.80085873	3318.53878004	5.77535826742	3326.272233871049	3308.706939187295	8633290.91328	3.2276091387
125628	120	29421.1895919	3118.39341779	3118.02639783	6.8287385509	3128.1786672431017	3108.383643163729	7482061.71001	3.21627285134
134680	128	29498.7440979	2854.60174398	2854.48583167	7.51259958804	2865.0577612552233	2841.358878886418	9891191.55415	3.21287293704
137384	129	29533.182626	3146.32030973	3147.88201412	8.34923532569	3157.4864744719707	3134.8810883860824	10500693.762	3.21510484245
138123	130	29565.3495929	3353.22855272	3353.23419214	5.95931763418	3360.3492127047125	3343.6215824702513	11368486.1416	3.20298047212
138491	131	29580.718019	3261.28346931	3262.04521263	6.94577001104	3272.5113749051598	3251.652295528151	11435191.1408	3.19872651494
139334	132	29641.5480299	2774.67494726	2774.70333011	6.42468488624	2783.7466442485515	2764.1155062738762	11838715.135	3.20356193642
139472	133	29657.0878129	3051.14019122	3050.23372036	7.60771235265	3061.1325156835846	3039.9986098030026	11955472.2697	3.20502667934
140063	134	29706.9171259	3093.91343875	3093.76040165	5.07009700854	3101.312762818521	3086.4526433707765	11930725.0871	3.21483114806
140482	136	29750.9661908	3056.46167257	3056.65666263	10.3813077462	3071.6306548047783	3043.034863739295	12865921.9371	3.19347976507
140769	137	29757.098608	3035.75490734	3035.35233717	9.9950615859	3047.010329260229	3018.794419353511	12403816.6868	3.21493535999
140925	138	29794.0021079	3282.32900579	3281.76535642	6.15890312471	3289.6492401773075	3272.6984817894054	13299052.9036	3.18270131542
140979	139	29806.1856449	3304.39417259	3306.56690382	6.98115652408	3312.7203447059005	3293.567784518185	12801098.4603	3.20111414837
140985	140	29808.9123049	3113.34471904	3112.57459706	11.0970516635	3131.1208549088005	3098.9623928535657	13236086.5209	3.18938288202
141000	141	29887.31077	3336.43957073	3338.35696837	7.80582871214	3346.720838067403	3324.5020419632574	13193531.9442	3.18639400979
140476	135	29938.379586	2982.57312364	2984.14110994	11.9125456889	2999.4395559490054	2966.9013056197064	12892124.7078	3.18640064235
148757	142	34448.9056718	3250.16356335	3249.87240639	5.21354365137	3258.850670681441	3241.711292793844	18134432.4743	3.16145351091
149099	144	34519.7388558	3417.58620847	3418.09298106	5.04173014443	3423.3019082119517	3409.051149385288	18245790.0125	3.16054161473
148946	143	34584.8001299	3260.68028623	3261.20006815	2.2032007387	3263.913860092583	3257.1327136515856	18366875.2726	3.14945336401
152035	147	34656.8112299	2800.80932229	2800.76102524	1.43483741366	2803.3406863223026	2798.7244581279397	20320352.8769	3.14275246594
151777	146	34666.9884028	3111.69293672	3111.82484464	2.79746951343	3115.3667637774615	3107.0474192030433	20221456.5503	3.12674420833
151026	145	34669.633996	2962.34008066	2963.29523696	4.21113930172	2968.189618889602	2956.380309682459	18703234.2211	3.15315558837
152451	148	34681.291353	3120.74500896	3120.42134738	3.55811664166	3127.2651370896488	3116.1539646826413	20091119.7592	3.15343701416
154411	149	34715.549716	4088.14122535	4087.13130511	4.31635186258	4097.00614430911	4081.326124381594	22435103.8772	3.11632590099
155099	150	34798.7119949	3445.93145464	3445.59441109	3.9205270134	3451.4401679735656	3440.109513638552	21116702.4215	3.15249808419
155676	151	34837.1037898	3248.18317128	3248.41664913	3.14174759024	3251.8313592012	3242.4012651549106	20863314.3575	3.18105136967
158255	152	34942.997617	3328.77435929	3328.31530662	2.20867423754	3332.486335998711	3325.350764166879	22945141.956	3.15285145067
162044	155	35053.1738729	3165.50471343	3166.4808827	4.49436536628	3171.7775112798713	3157.8039653156543	26752385.5448	3.12320917468
162803	156	35082.663574	3364.44205056	3364.74443333	2.06215698072	3367.398262641869	3360.8569860159673	27643159.3413	3.11820844289
164361	158	35158.4263349	2789.33240382	2790.27409814	2.46230118616	2792.092964306832	2784.712910813399	29215445.667	3.11700571342
161334	154	35166.0020249	2872.13309789	2872.18065297	4.39060027123	2877.434904282507	2865.7816907411957	25784356.8027	3.1295255122
163192	157	35188.361594	3276.16174609	3275.95134576	2.50482263226	3279.0253853040317	3271.6408772428495	28041321.7604	3.11014112581
160448	153	35201.7735078	3132.86149743	3133.70030968	2.4355136974	3135.4467323837935	3129.4603263812196	24485316.081	3.12381176694
165408	160	35252.756371	3106.77512915	3107.5847002	2.80275934284	3109.7785067161535	3102.571299183774	29729464.7939	3.12979024053
164629	159	35269.575567	3069.7818692	3070.97392998	3.61595006537	3073.8309701511325	3063.882303538236	29736135.6381	3.11237588033
166014	161	35292.843735	3073.24494373	3073.49243729	2.95532744981	3078.4892896053943	3069.1346967099767	31756847.2266	3.10861984115
166082	162	35308.2802298	3053.82837931	3053.41048214	2.24910984102	3058.008837806111	3050.9860668673323	30438809.3853	3.13606050671
166448	163	35335.2557659	3297.39762436	3297.66561407	3.82464506561	3303.1223908783813	3290.1820313544076	32748400.5816	3.09035178026
166561	165	35336.1171129	3134.20152621	3133.49632356	3.10990198149	3140.4742458637693	3128.672128940115	32867305.451	3.09859600605
166546	164	35345.3201489	3319.79989496	3321.35600383	3.48535255509	3323.030322397999	3312.9248707221504	31564165.8746	3.11690233692
166843	166	35410.7536879	3349.07687595	3349.21487373	2.44551913871	3351.9392831691343	3344.0790215055727	33515743.6612	3.09579407162
167000	167	35564.2657449	3003.49797846	3003.03894795	3.09762491152	3008.1858192663544	2999.608128231202	34674497.522	3.08857269466
172879	168	39919.4789059	3259.43436378	3259.70448819	2.74125066056	3263.4718962223806	3255.7287077450483	42364969.4806	3.05172987403
174302	169	40024.730911	3428.21996337	3427.93724183	1.47312858545	3430.194414668951	3425.997495246667	43030591.1073	3.05765460709
175768	170	40130.2363129	3265.51189576	3266.06997949	2.31937899305	3267.9743271742645	3261.034271364921	45119245.4451	3.03423583295
177006	171	40184.134547	2805.77179056	2806.17289224	1.93080128832	2809.2822855759305	2801.903426531602	47288285.4804	3.02859032258
177350	173	40189.867882	2969.69235739	2969.79691084	2.68664376926	2973.5742652913705	2966.209505154931	45213445.0741	3.04340246192
178040	175	40193.0547509	4093.46696262	4094.41066903	3.05405757209	4097.063455155808	4087.651887511231	50062995.5699	2.99949763657
177162	172	40193.6472309	3119.34529665	3119.00607376	3.19455284745	3124.4379406797675	3114.831013534408	47741395.5892	3.00099491869
177475	174	40204.7208879	3127.84479792	3127.6022525	2.43374389737	3132.6306131253727	3124.6854867189422	46854081.1176	3.04684267507
179789	176	40336.0281479	3453.86228975	3453.34506484	2.55472378539	3458.2427613106106	3451.144562009515	49463292.8402	3.04101562673
180796	177	40346.6372118	3251.44084289	3251.37567623	1.6794172876	3254.017926026586	3248.2093243353925	48406189.863	3.07988195398
186727	179	40542.1734459	3173.53519865	3173.50458083	2.73826988363	3177.3396599623675	3167.523103478044	59530746.377	2.99762813497
187566	180	40630.6304798	3369.63894624	3369.85406518	1.91822379782	3372.7616022588722	3366.6304854283935	60979252.8096	2.99367512773
189494	181	40663.765424	2795.10793361	2795.13962536	1.56747586683	2798.5107728886614	2792.8039697271047	64226656.0348	2.99418325039
189606	182	40696.302156	2879.93205072	2879.32802542	1.31004387809	2882.6126304548347	2878.436559775624	61544605.3638	3.01403235143
190502	183	40759.3420219	3135.96863596	3136.13401961	1.81789359592	3138.6211921047748	3132.47175246211	63516043.1089	2.99747642465
191318	185	40765.342551	3111.66375102	3111.27726891	2.06327653627	3116.6811780709686	3108.86289069819	66331237.965	3.01713698827
190795	184	40795.7868638	3280.98403457	3280.61338455	1.32781130978	3282.9415488219893	3279.416354561827	65533215.871	2.98276011167
191602	186	40795.9701688	3075.24188198	3075.08594416	1.99051616112	3079.063539891111	3072.9448709150383	68090602.8979	2.98596611422
191942	187	40829.4523439	3077.6629495	3077.23330309	2.63979543099	3082.7366779995104	3073.005047998204	70410056.5721	2.98694594095
192353	189	40851.0153379	3304.25507804	3303.96962096	1.57864092558	3306.612989834134	3302.084140957675	72004683.7122	2.96650987375
192383	190	40861.5995829	3143.11161315	3143.22068234	2.02334397316	3146.528165251145	3139.3991390526526	72655659.2417	2.97235748
192125	188	40864.9983809	3061.52396892	3061.72796529	1.46753271339	3063.8316123560626	3058.732344767728	67448062.9808	3.02471066278
192472	191	40906.412544	3324.64215473	3324.86703465	1.50678098855	3326.752649452955	3321.993093259269	69822783.384	2.99863383737
192709	192	40974.2505529	3355.41925072	3355.1127714	1.42499344693	3358.419655175875	3353.4987556712385	73580682.1908	2.9770324503
185083	178	41012.533582	3334.34953489	3334.09569221	2.09248401064	3338.4290314373457	3330.9888030076568	53820032.7944	3.04530324672
193000	193	41092.884254	3007.3028499	3008.06036819	2.4192862997	3009.321470635471	3001.9900956077627	78193976.9623	2.96143526217
198011	194	45416.5330398	3262.132166	3261.95695179	1.28173945625	3264.6848085018673	3260.011713219029	90825992.3559	2.92366671518
199910	195	45646.3120098	3429.62572295	3430.25809441	2.06960390372	3432.3678702103557	3427.0665592535693	92695647.0959	2.9253200706
202896	198	45668.463727	4097.51347335	4097.68827363	2.34789522142	4100.995731676526	4094.108826147839	104722820.666	2.8469407637
202946	200	45701.933382	3122.93481061	3122.92262079	1.71902423109	3126.3560744933616	3119.805980587747	102800210.056	2.84923245943
202909	199	45710.5960689	2974.07764308	2974.25144636	2.2103404779	2977.7560134103696	2969.8659354097067	97360097.6261	2.90464211967
203140	201	45731.1559329	3132.46132662	3132.56430658	1.06102350571	3133.940661116558	3130.482906791844	100769999.349	2.91030416493
201812	196	45734.6476879	3268.07902502	3268.09031059	1.42655922257	3270.4222526637623	3265.090885101585	98471189.8199	2.89453723039
202834	197	45735.0534239	2809.12362279	2809.21396385	1.34000194347	2811.0451281320825	2807.209313938813	101165268.928	2.89381641423
205249	202	45880.2093768	3457.303623	3457.73630943	1.94912481399	3459.9473353403296	3452.942485205346	105391184.262	2.90269529296
205413	203	46007.0732219	3256.13828049	3256.46740629	2.15209079328	3258.834958621916	3252.740181687835	102322694.154	2.94380673255
210564	204	46061.014492	3176.04266914	3176.21576272	2.4852035897	3180.2781969907	3170.9448419941846	120576577.537	2.84619471195
213016	205	46142.037781	3370.2064155	3370.63900623	1.55498850554	3372.482392783794	3368.094573254065	126164427.843	2.8449412179
214842	207	46220.5123169	2882.15657331	2882.5645499	1.60552092086	2884.1441975854805	2879.3886822467457	127891368.159	2.8598451891
213871	206	46225.2029579	2797.6310463	2797.58915572	1.3118561158	2799.594240274522	2795.2158360601566	129586084.991	2.84316380348
216367	209	46309.217495	3113.10668558	3113.05433597	1.48369436682	3115.7795981980535	3110.6830829912815	133236813.52	2.87812205285
216312	208	46321.670794	3139.30832436	3139.47923402	1.48267297623	3141.139380691785	3136.6877991226293	133314678.575	2.85032504613
216985	211	46327.0194778	3284.840231	3284.94529103	1.41117996113	3287.449319274143	3283.1621596013174	137987320.948	2.83025020729
216952	210	46338.8541329	3079.16623844	3079.48435157	1.18054311272	3080.839395690342	3076.8628699698556	138773287.483	2.83548624531
217890	214	46398.578006	3146.51517283	3147.04937884	1.88801431746	3148.4803156365197	3142.754327671693	147044703.565	2.81456358319
217932	215	46403.123292	3062.85729492	3062.72746387	1.48338659512	3065.5397751308656	3060.7854752883436	137664608.86	2.88499387235
217483	212	46407.8293469	3079.61266768	3079.84864974	1.23236648735	3081.1059016112454	3077.374776252727	142857999.649	2.83133110688
217770	213	46412.5352709	3305.87986181	3306.62077695	2.76021872807	3309.478906715217	3301.639362308486	144398441.903	2.81511729025
218235	216	46461.6301999	3328.30871055	3328.56656288	1.23279895101	3329.5934173308347	3325.855638985767	142039660.757	2.84964789715
218645	217	46546.0304759	3358.55559826	3358.93803214	2.17358364556	3361.1289854734136	3353.961078217469	149457527.434	2.82949598665
218918	218	46609.049557	3337.696542	3337.68372222	1.42057915618	3340.5189476124856	3335.4718353778662	136652516.444	2.9128629297
219000	219	46630.599335	3009.55344085	3009.72092775	0.911447867413	3010.6400063753176	3008.0909576892486	158412880.577	2.80502852914
223105	220	50905.969537	3264.20347472	3264.30320178	1.30702643329	3266.0495671173408	3261.606163742755	179712635.143	2.76576019597
227091	221	51113.964334	3431.59245046	3432.04638617	1.83180446985	3433.6647402241365	3428.8494780376755	187091508.629	2.76760956965
227547	222	51155.9616818	4099.10876859	4098.67240932	2.92318624842	4105.071232810708	4094.567378158749	201501473.257	2.6711632889
228386	224	51230.1180398	2976.73327671	2976.78116082	1.40580767103	2978.6863306252217	2974.87571870598	191009777.626	2.73225178715
228751	225	51235.0648799	2810.9472094	2810.87709604	1.11613567588	2812.7843814502294	2809.3476368287893	198894247.188	2.73441660336
228783	226	51288.7942998	3133.58827784	3132.9313475	2.05538208938	3136.8767003961734	3131.0976845711057	198073940.589	2.74570225558
229362	227	51352.318156	3268.5754543	3268.06627224	1.87943084639	3271.9061505213513	3266.2212000264867	200221071.134	2.7183393414
230989	228	51362.2661819	3458.4471177	3458.72615691	1.82314379885	3461.0989134211877	3455.8192279496584	205683788.111	2.74342965404
234378	229	51554.5703709	3257.07927959	3256.79937978	2.00063472786	3260.0029767456726	3254.2159768929614	206068438.745	2.78569822736
235704	230	51593.9098389	3177.52177975	3177.14947442	1.8684359307	3180.7032718158252	3174.6357477228926	229020911.996	2.67343448739
228217	223	51604.5373678	3124.14952493	3123.50692417	1.45264562862	3127.1421817521323	3122.684946238744	201220386.883	2.66738491402
237886	231	51632.446254	3373.93073506	3374.00520604	1.25166193263	3375.374807479017	3371.732994945991	238921199.074	2.66972362827
240224	233	51770.5823739	2799.19589435	2799.18812362	1.68258713108	2801.7775754487056	2796.6548786118315	248880564.52	2.6659530511
239964	232	51770.7219698	2884.52567323	2884.52881993	1.06680464367	2886.2163707092022	2882.931231000966	242966670.437	2.68484286718
242143	234	51825.7195868	3115.06902768	3115.0937409	1.35613286097	3117.2050525463937	3113.035785299246	251673091.608	2.7145929906
242401	235	51865.8061559	3140.86117543	3140.75964732	1.47578337572	3142.8250412613306	3138.5019077211336	254486581.249	2.6815693678
242753	237	51870.4531019	3080.32112925	3080.32001822	0.645102863176	3081.4320585425344	3078.9248755350727	263695713.394	2.65928738536
242565	236	51872.9771738	3286.25471817	3286.18845921	1.8258310611	3289.383908503643	3283.5156097096933	261804703.614	2.6609067052
243697	239	51909.864445	3065.28857273	3065.76065306	1.99195703907	3067.7836793103424	3061.9586543891537	258557524.385	2.7233108106
243696	238	51923.580297	3148.31612343	3148.14364277	1.39721596012	3150.7715925858197	3146.3495643386827	275951459.022	2.63821574729
243782	240	51935.3315709	3081.51965015	3081.52653445	1.336132958	3083.602016033056	3079.01268924341	273255527.226	2.64269855968
243872	241	51960.762501	3307.62340911	3307.19146798	1.48206464592	3309.6676757131418	3305.2014240116996	273703723.212	2.64479483418
244237	242	51983.4632819	3329.30117579	3329.38866394	2.06071563002	3331.78584845701	3324.7588703283177	268991580.722	2.67444327506
244726	243	52087.611109	3360.15719092	3360.31424261	2.0028344424	3364.3984034896907	3357.0686830415552	282473695.829	2.65311888976
244949	244	52158.0454938	3338.25284928	3337.51386538	1.63879418606	3341.61352772872	3336.5558671485805	268087586.53	2.75788724457
245000	245	52178.7463119	3010.14847894	3010.49857462	1.83808781855	3013.003488360237	3007.04170831757	295731358.682	2.62524498525
248298	246	56382.7450659	3264.96378369	3265.19869541	1.22433211013	3266.052409836797	3261.7740665023816	331682282.925	2.58075757913
252133	248	56631.108007	4100.25731317	4100.81725713	1.66060969438	4102.350612224595	4097.411727655906	364231053.065	2.4753126752
251319	247	56752.0245109	3433.68475295	3433.75478336	1.93987454921	3436.46418039015	3430.522095416091	340797544.235	2.59708379917
253545	250	56753.9217348	2977.97496661	2978.05947757	1.11097095387	2979.5678108142824	2976.0524454591	349175126.479	2.53005619233
253527	249	56761.6390009	2812.61528187	2813.01667114	1.31128424814	2813.9680445813974	2809.8749442323433	358977301.761	2.5614922805
254409	251	56805.2509189	3134.69989057	3134.81857329	1.79020683043	3137.542795686044	3131.8187914080504	362852180.752	2.55517478585
255475	252	56891.9884729	3270.05169192	3269.51827567	1.89822016998	3274.2124501668304	3267.917766480653	371546197.673	2.52898597165
255685	253	56912.4857569	3458.83205252	3459.24735695	2.52558866945	3463.681344712716	3454.4422917022944	367785546.624	2.57340617171
260468	254	57057.706064	3258.5982329	3258.60779589	0.656716481618	3259.76976210359	3257.2131066858856	374604717.956	2.61223997787
261713	255	57123.237092	3179.13881203	3179.11722843	1.35079691969	3181.6238662166693	3177.4870381174305	409653010.979	2.49167437779
262648	256	57134.4621239	3374.40291667	3374.323658	1.75070187312	3377.2039537744654	3371.826804582558	420257840.087	2.48131889265
266426	258	57306.8132849	2885.0707022	2885.10761704	1.21744624969	2886.8738489486855	2882.9794685836587	435690541.612	2.49600318522
267198	259	57346.648912	2800.26368235	2800.08378957	1.5258405915	2802.4546992165956	2797.403968020231	448281475.996	2.47797255724
267753	260	57367.016011	3116.07095391	3115.90183923	1.55569226699	3118.59949149497	3114.074263140876	444817641.386	2.53879537624
268649	261	57378.273371	3143.49906229	3143.24992002	1.8861653526	3146.5091510549255	3140.7161682001433	455387496.107	2.49143210648
268720	262	57380.5995049	3287.51518032	3287.9020832	1.46604767299	3288.8038056754945	3283.926265274472	465259921.925	2.48265634517
268735	263	57396.9746079	3081.21822059	3081.01490378	1.3858810834	3082.9158138872294	3078.7925880432917	467364265.662	2.47487455956
263123	257	57403.8402128	3124.7084088	3124.58146864	1.32857561698	3126.356703811657	3122.0750240444227	403508680.666	2.47447936819
269316	264	57449.350786	3065.62733249	3065.3518572	2.12140282378	3068.322146812118	3062.9225276121765	453366666.996	2.54503779103
269499	265	57452.919214	3149.1694123	3149.22048085	1.47414337363	3151.6253982670382	3146.665378959559	485913212.875	2.45331416428
269901	267	57479.8771389	3309.98206487	3310.403169	1.96779912023	3312.511891900307	3306.2034368557106	485676441.559	2.46250702346
269665	266	57490.0952139	3081.90457699	3082.19937314	1.67381202999	3084.7343438550606	3078.5817655181986	484714160.753	2.43447939547
270059	268	57497.252481	3330.66809779	3331.10815145	1.89830648026	3332.5405671784356	3326.0766497082163	474345876.319	2.4882813034
270692	269	57609.876241	3362.11937801	3361.52695103	2.21016937101	3365.3094150029115	3359.5539480513535	499306215.203	2.46018918788
270969	270	57690.3977108	3340.63859395	3340.32843856	1.33036448812	3343.424871288314	3339.4316081453844	476697605.446	2.59132333881
271000	271	57703.7519729	3011.53835438	3012.08570206	2.26958419838	3015.595122605507	3007.8492988296875	521169447.966	2.42723217005
273408	272	61817.8302979	3267.13374336	3266.57426426	1.80539501636	3270.6508680182856	3264.674012048532	574318527.063	2.37711764491
277024	273	62258.7991428	4102.07855792	4102.21155849	2.19639356136	4105.130643903382	4098.999264246126	620775671.137	2.27554843051
279182	274	62266.2445059	2978.1289608	2978.15766199	1.74055531537	2980.78188790234	2975.7180041638667	602251075.504	2.31651109135
279278	275	62268.9263029	2813.41406366	2813.01091516	2.01823275622	2817.469142933231	2811.0721687812756	614652858.273	2.37053303636
279866	277	62310.7366738	3135.18029792	3134.8042431	1.43183670872	3137.5042177763276	3133.3135270979915	621595280.256	2.34825505577
281579	279	62387.5006559	3460.71345961	3460.59750843	2.54303690999	3464.9435348697225	3456.8956088131113	628348438.79	2.37910385374
281278	278	62398.9594219	3270.7891297	3270.37223383	1.46404100873	3273.680799287828	3269.3126069793625	640925588.758	2.32071739948
285307	280	62546.746855	3260.39659136	3260.03038753	1.22977224267	3262.5739316562626	3259.14983791681	633656365.353	2.42512795324
279758	276	62600.2431839	3433.54135587	3434.25766547	2.25091028643	3435.560054436074	3428.013366903942	599574802.864	2.40972396293
287477	282	62627.4207149	3375.16438546	3374.02135846	3.09711500779	3379.2845907566125	3371.5847139192215	700746976.779	2.28545369825
287352	281	62651.350409	3179.63808312	3179.51533066	1.63550226828	3182.4182023655767	3177.7927906220284	693630934.336	2.29259775324
292451	283	62840.9850478	2885.89626584	2885.84122455	0.939498099827	2887.110125721914	2884.5489324391046	734406126.436	2.29769439465
294557	288	62843.13886	3081.66628022	3082.03860122	1.57058239979	3084.1987809010357	3079.230166960137	781570807.575	2.27130974608
293444	284	62857.610487	2801.325868	2801.51937726	1.60595727174	2803.739297698912	2798.739480434522	759667622.78	2.27552587354
294274	286	62880.443363	3289.4618593	3289.46206279	1.24990611038	3291.2657738005128	3287.965493130278	772847368.479	2.27696189926
294705	289	62901.70471	3126.94719376	3126.70079726	2.24649455347	3130.07904515782	3123.6181118385466	744135142.756	2.27956502514
294042	285	62905.2492819	3117.04439896	3116.69638745	1.60909258558	3119.6301050955567	3114.665856296085	746461900.062	2.33757841634
294381	287	62918.125294	3143.47320114	3143.70632593	0.930999920235	3144.45223955203	3142.2158911491288	763189075.465	2.27841101869
295462	290	62926.7583098	3067.27239923	3067.5714617	1.37189277894	3068.968799889401	3064.7560566509046	758295025.436	2.35720574081
295517	291	62944.744931	3150.8937761	3151.19512673	2.00174675724	3153.0430214871967	3147.053864825983	811312823.509	2.24459559111
295997	294	63000.4584329	3332.24652674	3332.315559	1.80173845326	3334.4586099165585	3328.5922522435576	790004210.371	2.29478616882
295848	292	63009.5641909	3309.82477642	3309.89878344	2.050220036	3312.808976042186	3306.361232708357	807055208.59	2.25910967738
295949	293	63015.6867628	3082.75719831	3082.59890943	1.46650775439	3085.78902941169	3080.9741750629682	814805094.536	2.2225214322
296651	295	63135.283267	3363.19928892	3362.91662132	1.88006498244	3366.7265666978997	3361.1397124743094	830411454.197	2.25932430495
296971	296	63209.052964	3340.30385525	3340.4701243	2.58444043601	3344.502911514606	3335.6883065373295	796056896.188	2.39659275985
297000	297	63221.5758889	3012.92659139	3012.7324197	1.6949176662	3016.317160041168	3010.758739849686	866876978.855	2.21484540394
298365	298	67315.7408519	3267.2775211	3267.29982951	1.39888192736	3269.8118792531814	3264.610836189444	941802174.048	2.15502281766
304708	299	67751.1684668	2979.1491685	2978.93637496	1.28149190008	2981.410574699482	2977.7082830947647	981406559.599	2.0932268172
304742	300	67759.7766969	2813.70196025	2813.6364982	1.40035435169	2816.1917842551024	2812.015749334725	996209841.01	2.15881302821
305216	301	67800.806978	4103.92599493	4104.37076975	2.29328059733	4106.98580607168	4100.437827485298	1029278413.73	2.05810549062
305356	302	67807.574116	3135.69572138	3135.44918202	1.48532712365	3138.262797826747	3133.7945630546906	1006302215.72	2.12652892689
306565	303	67866.3829648	3461.57353069	3461.43693628	1.86259698772	3463.9437249386674	3458.8864848722383	1010919262.69	2.15817621991
306805	304	67920.7078478	3272.33803873	3272.07780703	1.18672051175	3274.109075185723	3270.9263893120115	1039125834.35	2.09618837253
310762	305	68056.0063188	3260.7825994	3260.76067359	2.03381000849	3265.092317557725	3257.1862868472335	1021938041.77	2.2150396959
312951	307	68113.293411	3375.69728459	3375.32109487	1.8597758218	3379.0314722250946	3372.5933463885312	1118929598.38	2.07383773031
313625	308	68151.6670978	3180.25308351	3180.01544963	1.29769933505	3182.924192930685	3178.8215049256205	1125106999.28	2.07008764953
312378	306	68158.8995728	3434.56859787	3433.84510137	2.09080219583	3438.64155541633	3432.2572963218067	1034507594.0	2.19803092644
319417	311	68367.1890118	2801.93783044	2801.87567811	0.804929855727	2803.1479744065336	2800.6711999247173	1219551722.09	2.05955325264
318984	309	68370.268389	3081.75583054	3081.74085416	1.44797686379	3084.5697170779617	3079.338819648497	1227854003.54	2.04991756712
320448	313	68375.1011229	3127.03828135	3126.50356731	1.88003060313	3130.541445670731	3124.7767500591735	1210260931.73	2.06572509494
319072	310	68377.7890899	2886.63035836	2886.20985438	1.76979918793	2890.396533736128	2884.573883452415	1186934420.48	2.07577203715
320810	315	68392.010216	3067.46684517	3067.69174057	1.28865878345	3069.161431323318	3064.9780465670137	1199482587.91	2.14311286265
319979	312	68398.7955699	3289.49399288	3289.7222641	1.07794311925	3290.913817982825	3287.9670604662147	1230276425.11	2.05593428195
320469	314	68413.84851	3118.17590464	3118.06214929	1.85967184967	3121.4038903519813	3116.0798191728536	1202873368.78	2.114572725
321137	316	68455.3450639	3152.70351101	3152.45035908	2.4246843693	3156.3620819593466	3148.466875389249	1286796571.86	2.0208672605
321967	320	68526.469265	3084.47436067	3084.2229459	1.67272970614	3088.1220740801523	3082.0656906647273	1301603261.99	2.00918126104
321934	319	68542.5553038	3312.15101591	3311.65586437	1.92282339574	3316.5210031096144	3310.180120603829	1289097823.04	2.03876953003
321843	318	68551.9498248	3333.465736	3333.28607912	1.0776245287	3335.8539248786647	3332.0003599252805	1258421237.0	2.0748704181
322694	321	68655.3245158	3362.92982922	3362.82427601	1.80485473011	3365.949505977735	3360.4613895812545	1322232977.02	2.03656289251
322971	322	68727.2250199	3341.76234145	3341.24985005	1.50655199046	3344.83162089241	3340.1954613328157	1266886164.06	2.17599343622
323000	323	68748.0132289	3013.99674598	3014.34218166	1.369656152	3015.7832234641746	3011.4553958417323	1376171796.59	1.98367513538
321422	317	68921.842371	3144.42561832	3144.28932654	1.77634996365	3147.081518340249	3142.1986136982814	1239915744.39	2.05386712432
324347	324	72827.7991898	3268.21010091	3267.55417214	2.22785179902	3271.639150566364	3265.8975240447926	1482082233.97	1.91938660986
330388	326	73223.7699649	2814.87786503	2814.88535681	1.00481505296	2815.9790600233464	2812.905279624696	1549446155.46	1.93725623118
330279	325	73241.2508099	2980.23090976	2980.41610294	1.3460538822	2982.5815954677573	2977.6473970140914	1536367640.33	1.85926457683
331236	328	73319.9946809	3138.29550215	3138.74876979	1.85780821368	3140.9611546213755	3135.150128481758	1573019579.65	1.88940040916
331124	327	73347.959703	4104.65946514	4104.64550703	1.96250076299	4107.14350698742	4102.0082488057915	1614140763.32	1.82996125479
331901	329	73361.3225639	3462.05327546	3462.29458508	2.39391064991	3465.633597467994	3458.51695824034	1569313751.23	1.92707548918
333123	330	73481.667269	3272.4087948	3272.4874173	1.14112865096	3273.7260484809817	3270.5075011448916	1621599786.35	1.86533379575
336395	331	73543.0101118	3261.52786297	3261.46036405	2.05603583395	3264.6631918544426	3258.4614298154247	1588939181.39	1.99194141532
338004	332	73635.342788	3377.57744138	3377.3601566	1.31879664802	3379.4326390601645	3375.352872576841	1719526416.18	1.86045010927
339146	334	73665.414726	3435.97619952	3435.86254975	1.29142284176	3438.382477005035	3434.0899804429087	1644527581.99	1.9700423769
338879	333	73687.9785829	3180.8868461	3180.67618239	1.74304919556	3183.527530323502	3179.0357223967135	1737137338.71	1.84174369364
344609	336	73856.5492098	3128.31858931	3128.83011909	1.95330519634	3130.263973650689	3125.1787862281712	1842896034.06	1.83771644231
345037	339	73886.8303199	3068.42145771	3068.14508559	2.08993533624	3073.034305643669	3064.8822187549076	1812696111.42	1.90875077704
344582	335	73887.1963708	2802.99878566	2802.65486367	2.35231179079	2807.972140313061	2800.15350367413	1864940676.19	1.83450957256
344654	337	73899.857223	3083.50558086	3083.55596938	1.81684846231	3085.688627553523	3080.473053152044	1879915982.41	1.81993030159
344804	338	73919.8890669	2887.8103817	2887.61136991	1.26162801101	2890.067509720976	2885.8390230528103	1832292185.11	1.84406908993
345191	340	73919.9434378	3290.12602395	3290.46191557	1.2004211565	3291.5898911441586	3288.250903143884	1883029454.98	1.83154666391
345444	341	73976.2772439	3118.94956947	3119.03572961	1.49061667044	3121.802656451737	3115.766547158183	1841759109.63	1.88020266386
346100	342	73987.0617559	3152.34001818	3152.36085766	1.8369899998	3154.65675280966	3149.0989900887494	1955449550.55	1.78830691764
347234	344	74071.4334378	3311.8522007	3311.63944199	1.44111248407	3315.059177682664	3310.0054684980432	1966685416.74	1.81061996728
347085	343	74091.190613	3085.3386538	3085.7962209	1.62291228413	3087.5688603793683	3082.1590029437352	1979273063.24	1.78512690097
347351	345	74094.6986699	3333.44761424	3333.58735274	1.45191852333	3336.631409737178	3331.358977928334	1931482067.4	1.83656177477
348114	346	74222.528131	3365.40172918	3365.26698831	1.39294372163	3367.7688539572346	3363.7440619056806	2005861630.61	1.8099671157
348609	348	74278.2736359	3014.10890322	3013.61966107	1.62016395883	3017.7491866532146	3012.6424535205	2087718332.16	1.74988189409
348507	347	74335.211303	3342.95700801	3342.64954733	1.19444507048	3345.2547314197113	3341.477271579743	1923712981.36	1.9460513387
349000	349	74674.7658989	3144.83778215	3144.85447805	1.0625548692	3147.0430213560567	3143.0309479061043	2011503564.81	1.82685921283
350444	350	78312.325222	3269.01643335	3269.26788114	2.16544136237	3272.6075161277467	3265.4339687956776	2243016411.12	1.6851634214
355841	352	78735.882036	2980.29704843	2980.18070959	2.0956314759	2983.657143471615	2976.8456590541423	2315387921.08	1.62527428167
357068	353	78825.690203	3138.98540379	3138.72113616	1.97091788259	3143.6031925088287	3136.7060945083203	2369920513.94	1.65394472024
355554	351	78852.6469669	2815.42019408	2815.79698171	1.5496447771	2818.155970572823	2813.018634012292	2319790636.75	1.71294281017
357630	354	78868.5131428	3462.96176466	3463.35267223	1.90275891728	3466.1812665801044	3460.1033843932273	2354849628.45	1.68766147781
357790	355	78909.3084428	4104.05484905	4103.56413891	1.82200138688	4107.021610422168	4101.349796311634	2443597866.25	1.60243571304
361382	357	79013.7807729	3261.40590283	3261.98916367	2.16216081169	3264.7314409956125	3257.8520104960085	2368950058.41	1.77172677192
360091	356	79035.8196678	3274.59250767	3273.8394991	2.04180966568	3278.333913695148	3272.5085317457847	2452182483.07	1.63081491407
363615	358	79097.542629	3378.64363961	3378.48205516	1.33204637419	3380.584434193163	3376.35466236231	2560822055.91	1.64191847146
364557	359	79161.2960069	3437.58548563	3437.64611545	1.87504542739	3439.671209650246	3433.4161008085302	2468760296.09	1.74077638685
369886	362	79362.3753688	2803.20126747	2803.14853472	0.969827660846	2804.433468093415	2801.6230701708914	2756680025.26	1.60473807977
369914	363	79367.402339	3069.41604301	3069.74357904	1.86863881543	3072.8557214802718	3066.0518190987327	2664929166.17	1.67933414642
365100	360	79374.3791149	3180.79160919	3180.83231395	1.86688202687	3185.119917097349	3178.1652719182644	2596898407.63	1.61271969042
370247	364	79406.0426788	3084.5631647	3084.61396056	1.5438345893	3087.1121213270726	3081.9510493776384	2783962383.76	1.59263726633
369101	361	79417.0430639	3128.3806661	3128.40646539	1.87366752391	3131.671298083015	3125.7366653682243	2707304435.39	1.60919971987
370622	365	79435.4618399	3289.98330383	3290.34122258	1.31306147212	3291.3535434070986	3287.887461851822	2783319453.07	1.60814456986
370752	366	79477.1911969	2887.98533732	2887.91427253	1.18160138621	2890.358502440718	2886.138292168777	2727320543.59	1.61916023522
371669	368	79495.2591569	3154.55592985	3154.40625071	1.47094385105	3156.632769885493	3152.3310207737172	2883536650.13	1.55892102068
371560	367	79511.9491608	3118.29529548	3118.19062468	1.75690502977	3120.8242921281862	3115.469818024273	2742347961.83	1.64761847965
372693	369	79582.3537638	3311.52319915	3311.51163946	1.81075817882	3315.318721480399	3309.2192734727423	2896199070.32	1.58230613625
372914	371	79588.1015348	3335.28438267	3335.2903725	1.90945411465	3337.8368333496333	3332.671218027341	2857344757.74	1.6012706415
372888	370	79631.7981789	3084.15919019	3084.02671896	1.08059274304	3086.007365761823	3083.0158125235625	2928247147.7	1.56349486444
373783	372	79752.4574249	3366.66894333	3367.07769228	1.89581360423	3369.7348930999024	3363.8966843521653	2958634419.05	1.58597350036
374102	373	79790.445528	3015.18050376	3015.02850302	1.32681925992	3017.7629718508542	3013.2108296651845	3056676652.83	1.52666150226
374354	374	79922.649519	3343.13943008	3343.51711755	1.52522602821	3344.919208878603	3340.533941050931	2842891929.56	1.72442717473
375000	375	80193.294106	3144.63235258	3145.03699235	2.10268491464	3146.829252199579	3141.3324832206654	3009613339.14	1.5975813666
376224	376	84225.9178798	3269.39806553	3269.30614273	1.60520621518	3272.1750582844916	3266.9059245671033	3277084880.7	1.46255970082
381333	377	84254.6075099	2982.27000216	2982.51626211	1.54194511248	2984.8232361077667	2980.060932740199	3367039734.36	1.40761822344
382722	378	84325.0229359	3138.13061924	3137.93597461	2.00392280555	3142.3687041907483	3134.7143596498436	3445462954.06	1.43175761678
383270	380	84326.590271	3463.13819758	3462.90491216	2.1983266505	3466.292858602353	3460.248024463037	3419906943.18	1.46887234276
383124	379	84373.3335998	2815.15166281	2815.088427	1.11148707767	2817.16352062586	2813.7446543068686	3408974078.34	1.49502778995
384085	381	84439.356792	4106.89202778	4107.07882843	2.14913502173	4109.679344141865	4104.018420990606	3564313754.76	1.39265666629
386149	382	84495.0906508	3263.6672444	3263.80173721	1.41538802832	3265.962902827208	3261.651426126714	3414594097.3	1.55188007603
387995	384	84573.949378	3377.38187432	3376.76747611	1.98975486125	3380.0076749912046	3374.7083159644967	3668598703.66	1.43128078607
386818	383	84601.7166369	3274.06918041	3273.66095901	2.17109246474	3277.2805261067724	3271.0476086432277	3582159663.75	1.41423671689
389708	385	84674.2675068	3437.74528965	3437.87041484	1.69687603238	3440.058629190443	3435.0186340946952	3566599504.52	1.52071943348
395128	388	84867.903877	3182.71604293	3181.65456626	1.89920050074	3185.612714656629	3180.294623557448	3848599987.54	1.39901526402
394970	387	84870.2637248	3070.09025796	3069.95715498	1.52265861606	3073.1069048766285	3068.514034850144	3805243961.58	1.46463557572
394794	386	84870.9627578	2804.2968567	2804.6511618	0.994186146732	2805.4669715422256	2802.5429134653523	3929383226.0	1.39537862912
395816	389	84890.624315	3084.61569836	3084.50868584	1.52714631685	3086.6947023099165	3082.9509660153717	3982901961.65	1.38534559136
396366	391	84912.9659519	3291.57587239	3291.65280481	1.17752685124	3293.11156910724	3289.216018964212	3992020315.72	1.39390521376
396029	390	84928.573251	3129.57117606	3129.32826133	1.7982377826	3132.896375569061	3127.0549435567536	3910657279.75	1.3946501924
397356	393	84998.4070709	3154.63346121	3155.07176078	1.38541610438	3155.5883404414103	3151.020275517383	4121240939.86	1.35034561607
397678	394	85031.0047338	3120.01196115	3119.74571072	0.858676889169	3121.4210480096117	3118.933469655618	3948297560.91	1.43628932244
397098	392	85033.942354	2888.42968558	2888.21710517	0.818993206593	2890.6799443772957	2887.6597974646843	3942954561.97	1.40627892036
398551	396	85075.1977379	3335.93729471	3336.15386694	1.16393703689	3337.27102435917	3333.661620457155	4080641797.14	1.39046739147
398886	397	85147.9568138	3086.49103025	3086.61194681	2.12751432434	3089.5185067897646	3082.8758963618	4193121030.49	1.36282509364
398476	395	85155.9191279	3313.81579935	3313.68706958	1.57232606092	3316.4355382835447	3310.7822865550365	4136354643.7	1.3725994867
399730	398	85264.2519078	3365.96208781	3365.83954312	1.88688236776	3368.3884129152684	3362.8331760881338	4229005186.1	1.38239590164
399936	399	85291.646307	3016.00231812	3016.07209408	1.44215527651	3018.143615758618	3013.279001094475	4347894396.02	1.33164952055
400471	400	85433.7163348	3344.03885272	3343.49124749	2.49480274174	3349.4983969430896	3340.8948208284673	4085075609.22	1.50326369463
401000	401	85717.0084128	3146.06521424	3146.26241511	1.53692818044	3148.650228684061	3143.532968466887	4313456722.88	1.38825851197
