steps	episodes	elapsed	mean	median	stdev	max	min	average_value	average_entropy
30666	1	6317.75030398	2114.65901782	2069.87249043	160.060424807	2427.7475971602353	1940.4267398534914	25026.4795039	2.17824257145
30846	2	6324.94328594	1931.38061916	1847.80528567	188.447848951	2229.434094268151	1741.5619503604642	25022.4645287	2.17831597268
30898	7	6326.02602005	1867.7429499	1821.45604567	164.831690553	2173.0601722164333	1689.6342415557458	25867.1146972	2.17773681736
30863	4	6335.33912301	2402.08216104	2375.96347779	149.65840357	2663.6384212152993	2219.0777778971305	25432.9216574	2.17848044613
30860	3	6335.50358105	1899.43678301	1866.11420262	89.7648293087	2103.0448269797894	1807.020287755702	25413.5200359	2.17810042543
31086	13	6336.26118398	2131.09851909	2141.60773083	110.082907978	2355.5659888209616	1957.5362507063303	25639.1093178	2.17843776421
30873	5	6336.67034197	2410.35920865	2283.29670191	345.72106998	3055.485852321102	2017.0150408030986	25631.7600495	2.17764714288
30954	8	6338.66079903	2384.88903637	2314.03502011	255.208219455	2876.870082780864	2077.895851266915	26161.7403036	2.17766059216
31021	10	6343.42666888	2185.6141018	2191.94830042	124.09902227	2353.311324470339	1956.8563731371166	25385.9749454	2.1785653211
30998	9	6352.56500888	1879.98455906	1821.29736613	166.411696038	2147.631185800086	1695.0001613971765	25944.7757005	2.1782774117
31082	12	6377.91725993	2151.85493077	2071.16637597	293.970215129	2805.8548927420748	1852.2849481331255	25711.5873222	2.1784336185
31232	15	6378.98859692	2303.89773768	2361.58898786	237.90583823	2607.074490112193	1946.149081927915	26632.3254074	2.17753723296
31023	11	6384.18847799	2480.29586465	2418.26581237	281.867923963	3135.452527409334	2086.6242799930255	25708.1302006	2.17798743271
30892	6	6386.75542808	2186.7268825	2220.54792725	211.975317471	2499.836651704998	1914.8919274184068	25485.0279048	2.17825172874
31202	14	6396.26621103	1940.26342364	1955.166679	130.864374324	2120.310620501816	1747.8662349830677	25833.0792063	2.17861370531
31836	19	6445.62904596	2109.87629916	2029.25906535	279.507448608	2633.599143478784	1788.6999191885366	27851.3062046	2.1777698431
31762	16	6447.60737085	2009.49052293	1911.66847012	280.608842515	2623.980536209186	1755.5378105334323	27808.3038735	2.1777336553
31849	20	6448.74946594	2316.19063909	2395.05745099	250.736548852	2669.902287787327	2001.1978135091715	28031.9714618	2.17745401348
31785	17	6455.48550487	2015.8644535	1992.94604896	141.084225889	2308.2259436388067	1834.232909078834	27903.7273386	2.17775441337
31835	18	6480.287112	2495.31840142	2229.09497017	497.197109716	3319.943110103721	2064.5316216778538	27902.3663049	2.17781513099
31909	22	6482.01704693	2085.2054634	2045.41298326	173.121174039	2445.003980560873	1876.3016866953476	28703.0018467	2.177001977
31880	21	6496.40538692	2113.8353223	2096.39196631	177.264725593	2436.8695078525175	1851.7668238042486	28235.2673203	2.1772187656
31911	23	6496.55398703	2139.40175193	2091.69027784	149.7489804	2408.069913169364	1963.314048272646	28569.2512213	2.17740522046
31948	26	6503.64784908	2000.49537389	1992.13847232	173.445704219	2219.234479707268	1794.3449943822156	28722.1254588	2.17723733582
31918	24	6512.24871492	1935.47559457	1868.6694221	180.417610122	2336.1575189202917	1782.328019359085	28135.2632138	2.17774985472
31942	25	6517.62331605	2239.8383758	2171.29080216	238.06577745	2757.796950349507	1991.3983240226398	28141.4032484	2.17751711401
31954	27	6518.16472292	2276.02214986	2253.93840308	125.676024712	2546.061400258635	2133.6223336034072	28481.0733095	2.17776804838
31960	28	6524.37835407	1893.34811758	1849.30032	152.185066498	2139.076080028036	1720.7726416554422	28167.4096235	2.17811091438
31961	29	6530.38845992	2228.08324439	2149.53791773	298.625694585	2834.173255444676	1952.5203462036563	28697.0850807	2.17743127776
31987	30	6532.03682494	2074.92298814	2057.66897791	164.10536351	2404.498458375277	1878.8716646602654	29202.908229	2.17724069791
32000	32	6561.68552494	2308.82324292	2086.25614376	401.023513807	3181.8642996540475	2001.4950867917855	29817.4184313	2.17646801959
31994	31	6563.86529398	2144.12984219	2035.18469752	269.988579127	2718.785795090495	1891.2873912383143	29421.2939714	2.1770035255
58095	34	12672.1797559	3336.40419172	3295.04689272	668.348584372	4392.219084289225	2374.888141413282	146066.462711	2.9639190646
57741	33	12672.453974	3554.77487542	3638.16110604	763.379231101	4694.096996696124	2524.8456165206335	150697.544161	2.96052947873
58306	35	12699.3303261	3439.25304143	3396.60248719	780.96634812	4681.530053193553	2350.9290750109776	154739.575183	2.9604111396
58892	40	12705.1326089	4928.26956653	4834.1320062	1267.56857779	6968.201159807917	3203.506115996508	159684.844268	2.95911078427
58753	37	12710.476028	4010.25562482	3876.38094711	804.201336999	5394.3295787048155	2873.1878106205927	153678.591778	2.96264259634
58783	39	12715.2991469	3132.62965052	3042.61780118	561.406516219	4088.4742111032224	2338.031571387226	157901.450148	2.95979107749
58779	38	12721.6245749	4204.04730263	4062.84920035	854.449485616	5573.836825114836	3142.9375057135867	158457.704026	2.96003702375
59236	41	12724.275511	4078.04419355	4080.58146586	955.065698337	5529.483635062296	2539.159364067717	155803.241402	2.96288905087
58630	36	12729.747474	3201.99841773	3190.61965093	599.644334776	4153.390554699767	2300.207714532925	152671.187736	2.96322837454
59488	42	12754.1841741	3312.68752562	3327.00414344	656.613637867	4349.434775665619	2304.6688847875457	162658.578464	2.96216412833
60479	43	12764.1033261	4005.951469	4021.26604164	607.291316792	4982.219102697732	3122.50401885848	169908.146996	2.96199124688
60618	45	12784.0860589	3619.32667313	3521.80414819	625.873956864	4650.996294319551	2811.627194077057	169528.10233	2.96224624315
62339	50	12789.6704071	3946.12563613	4020.23676708	606.01131246	4811.645519955969	3041.5727537562107	194556.042783	2.96044349311
60660	46	12805.9318049	4390.96663089	4333.39174742	692.003759817	5537.519718612838	3475.8161777312525	174115.867358	2.96009233566
60571	44	12818.108412	3717.5196757	3613.92490336	730.034946094	5074.279417657301	2748.787476141529	174530.448245	2.95924329306
62336	49	12830.1714709	4120.73050563	3941.97300616	912.606857281	5579.185216789889	2921.691859721887	196320.821023	2.95948409895
61087	47	12844.7266419	3046.82304602	3047.69485426	577.964819463	3912.337242952408	2171.6419502912536	175121.585067	2.96219883915
62271	48	12858.587687	3490.87681608	3513.55978206	397.490667136	4105.663724588827	2887.1301685494172	194280.715315	2.96006462925
63362	54	12900.2935209	3663.31621303	3746.34957494	756.416862676	4798.348054988689	2502.955329049031	214322.90929	2.95678872005
62838	51	12908.9857829	3843.82434858	3850.37675198	903.668871378	5276.850864175915	2544.0933903351565	201122.168337	2.96051395517
63204	53	12909.0566919	4909.40024044	4758.1039811	905.719811606	6406.09611016687	3745.2125023722638	209693.41085	2.95831302457
63644	57	12922.58497	3393.08470889	3320.28943081	536.524729758	4281.877972331498	2536.2057625172706	218115.498842	2.95883327552
63517	55	12937.850153	3597.74987073	3495.31727515	681.959400365	4759.215517340067	2588.91077898534	217511.708531	2.95779970273
63553	56	12948.824513	3341.36844264	3368.22639962	622.254818447	4335.120514848086	2340.8734259028274	212937.422219	2.95991683635
63752	59	12963.5955291	3637.85575488	3631.59254295	626.319566259	4613.306374767216	2689.8931241169553	220743.652916	2.95937540707
63739	58	12966.9043519	4257.11683927	4167.70251997	792.802110331	5546.127963765498	3069.8259340710993	215681.147054	2.95911620396
63865	61	12987.1031649	3776.83335169	3624.83961482	700.683279633	4920.598216339023	2965.759039148905	222367.512129	2.959690109
63896	62	12996.822751	3437.62920044	3360.65368254	771.071332492	4788.676592820079	2474.9967139841137	229038.094756	2.95787974806
63823	60	13001.5802391	3146.66218113	3189.72571933	629.04607626	4064.29805239927	2208.726676921759	220526.752807	2.96016525267
63994	63	13039.6406569	4547.20146469	4488.25408852	775.172554006	5780.628020847273	3632.383186622956	239576.074014	2.95561441751
64000	64	13073.642473	3837.71294576	3780.82570905	559.567043848	4744.1896359403045	2931.06982927479	239579.923502	2.95700559651
85940	65	18729.1546509	5362.04853835	5396.18604261	126.78966759	5493.589286226362	5060.2118347423	622199.88258	3.23067106599
86332	66	18732.104023	4859.39451447	4876.1402702	99.5013979342	4969.519600975061	4677.301884629218	601050.599996	3.23671286587
87903	68	18770.5160921	7510.92248816	7540.75167984	377.402468718	7954.55094600786	6757.138576970734	681935.063589	3.2270710618
87275	67	18771.4765489	5420.87793805	5470.48879857	219.625004967	5620.023386122121	4970.000774361896	676541.462913	3.22647519673
88854	73	18810.1785319	4802.4429336	4854.46913392	150.65680663	4933.8437094816145	4434.070861715143	689959.357435	3.23362089387
88116	69	18811.4930789	4607.82633916	4648.32120476	132.189238195	4749.10798148988	4322.959846581893	675134.690818	3.23011762426
88666	72	18815.964824	6044.01538922	6096.22028054	179.600618774	6302.777975372689	5780.063879522573	670921.44907	3.23419751954
90700	77	18858.8317459	5203.67080328	5229.78069791	74.4068432738	5277.09809511825	5077.545222100636	788954.334382	3.22993325747
90631	76	18862.237875	5024.46610651	5050.88724382	166.158834006	5220.57188017391	4725.947092712319	757037.404731	3.23290523467
90084	75	18866.9795089	5345.61222508	5402.42599728	157.07441887	5501.437239913697	5045.125610167574	741479.731259	3.23141469367
89814	74	18868.7430339	4941.44503527	4977.89876365	127.493014362	5061.008952958805	4623.788765901321	733312.260581	3.23256825183
91665	79	18898.7091711	5784.84350571	5830.89111956	175.38629807	5987.336592476534	5475.892330332965	820043.603962	3.22917702731
91292	78	18918.4165459	5925.34808393	5965.17435329	196.564851399	6156.976741802967	5584.255375249773	802558.818209	3.22897907657
92443	81	18937.505532	4561.13034662	4635.54612046	148.759527563	4672.544900874786	4197.782159108122	856281.409479	3.23135253715
88506	71	19032.726089	5959.54060492	6018.42588814	343.810165924	6339.459351138633	5380.614138418651	706376.359595	3.227357772
91841	80	19101.1850369	5939.03824012	5994.34850482	259.221292862	6205.7205184299	5459.071489570006	845370.859463	3.22740136464
92583	82	19129.6180849	4356.64582126	4358.65842958	112.434205563	4517.3550741797035	4167.324682109885	872004.371471	3.23098517637
93506	83	19158.13767	5412.56255592	5465.81010933	130.385877026	5536.614722342651	5096.3405973010495	961884.735922	3.22374275377
93627	84	19179.4629951	5573.53912649	5605.10068106	169.644687812	5768.936532191224	5268.687748468642	940075.181127	3.23052986001
93659	85	19204.8372889	6088.42540945	6189.71919887	467.170284542	6583.720998078115	5330.462205734182	960440.718354	3.22592777044
93900	86	19223.6444809	4551.16268471	4576.28650339	56.4413199592	4609.475175503722	4446.073728939447	960409.916509	3.22884036485
94282	88	19245.578253	4627.68883858	4634.92045959	33.656598677	4664.353557219892	4543.237081081735	978808.354558	3.23162247721
94443	89	19258.0184181	4861.32662665	4884.34694591	165.634210591	5076.650674263461	4583.911273235136	1020648.25123	3.22876888323
94114	87	19260.983983	5294.15282569	5317.09621337	243.192106945	5603.645790775391	4919.66934023959	975865.586919	3.22915797072
94710	91	19278.580734	5096.36976585	5102.73513842	111.281220133	5258.311665162073	4917.630452129814	1018376.53943	3.23261281197
94558	90	19284.2822731	5682.20387602	5714.83832757	164.062298477	5863.773011389468	5379.691691296395	1021831.2223	3.22821322716
94788	92	19320.2803519	5664.889844	5715.77213182	237.632381654	5905.382652954008	5155.898537178987	1088274.01541	3.22552742116
94800	93	19322.9348979	4340.144448	4361.02386959	103.636576597	4461.784950442489	4170.0797267983335	1052175.3707	3.23013710278
94939	94	19387.999711	5777.76446485	5830.38954462	218.741556581	6045.490087593929	5392.063235014061	1130978.26632	3.22350460433
95000	95	19426.684175	5080.62686545	5081.88743435	118.735122015	5242.802066796534	4907.144161300515	1145482.54815	3.22710693731
108203	97	24685.017956	4984.19787072	4978.92204592	187.41028377	5262.4889994173545	4699.521230685402	2012647.63816	3.31023793381
108202	96	24694.2999949	4450.55769497	4485.43006872	164.544167842	4668.953849348125	4183.113195982674	1957812.92383	3.31544262381
110162	98	24729.915158	5930.12814915	5899.93631733	330.890129143	6520.003294768202	5579.972548475	2195973.41092	3.30168417356
110186	99	24768.3643861	4805.38562567	4743.66908329	299.580879985	5263.306916824035	4403.847257116962	2227540.87393	3.2990578688
111966	101	24797.487118	4183.38851966	4188.89180268	175.015030096	4438.941937983751	3909.9987722029286	2255685.38728	3.30701977902
111843	100	24804.8384249	4415.00851955	4425.53075102	189.708218502	4680.294139400636	4118.785957770835	2226055.57163	3.31125878254
112020	102	24811.305948	5305.84568649	5264.29307946	261.698227155	5745.571638156928	4886.585576673996	2187210.17498	3.31124476871
113743	103	24829.2400849	4688.16288116	4666.66251057	203.548222047	5008.805149194838	4385.92349353114	2413703.62478	3.30604782678
113909	104	24839.4295928	4316.68778196	4311.4528003	206.151323355	4635.553083229758	4024.3952487786632	2346578.22419	3.31185129229
114209	105	24867.0780919	4566.6322286	4552.05680815	230.633731597	4936.827610755269	4247.208991579471	2426171.41998	3.30610019323
114230	106	24870.963906	4547.88209509	4552.22522138	187.013641932	4825.288142327189	4262.510508976415	2434714.75636	3.30832593242
115190	107	24907.2077041	5117.14397103	5120.5831755	257.055114267	5500.410499678458	4740.601182713119	2542146.03281	3.30401329914
115937	108	24912.847224	4992.80411583	4974.53798633	294.388985925	5460.007176068763	4590.376761297579	2601707.68888	3.30261823034
116565	109	24958.34905	4266.73387753	4264.18486466	177.891900545	4543.153985754643	4012.8590955487243	2655131.70545	3.30898919441
119018	110	25017.4965749	4873.89015951	4856.86525928	230.632853657	5246.322784724412	4554.332337496394	2954032.82904	3.29827612629
120842	111	25084.4910169	4862.36584783	4845.77581442	278.030418258	5311.436045694222	4484.2841999186	3121926.25342	3.30062900696
121578	112	25093.951823	3829.31693067	3829.00675931	181.693455943	4104.635122157519	3567.298142973861	3167136.62414	3.30865912846
122319	113	25145.56739	5015.11927875	5023.30767323	212.527384895	5314.84438382111	4686.22091230416	3411171.52022	3.29543775879
122675	114	25157.013133	4779.15122933	4766.83940985	229.903998157	5145.50387372217	4456.619323429321	3316364.34575	3.30914933041
123189	115	25178.3393629	4843.51800629	4821.34499365	221.463211696	5206.4582965619065	4550.7196853940295	3465586.4468	3.30139969715
123737	116	25202.40487	4122.16016787	4123.44479581	185.912378392	4396.130482136437	3840.2313139416565	3531116.9193	3.30329068748
123869	117	25209.0825579	4470.08849205	4480.27720242	133.497801969	4654.490813600916	4259.677398732667	3471860.56068	3.31027114511
124155	119	25237.710393	4221.20462724	4213.67783501	185.758003148	4506.972054278388	3953.804879445948	3584236.4086	3.30692942867
124354	120	25254.767653	4637.21093719	4651.55637984	158.126255489	4856.933992618547	4401.915158408545	3512517.36527	3.31205137101
124126	118	25281.6000609	4459.78589507	4443.25527422	221.025313016	4808.785007014345	4157.086348575389	3591967.74408	3.30491037749
124395	121	25288.9840729	4914.45031959	4905.08500022	238.443700543	5278.443548016239	4585.920483620048	3724528.48791	3.30025530173
124693	123	25303.395992	3886.93000052	3888.52936188	151.927037532	4114.650449893249	3665.1807689642146	3714861.99915	3.30885688227
124682	122	25316.95825	5036.16214335	5014.85505687	246.378460006	5436.359511347433	4703.903649867207	3885511.56562	3.29898151928
124937	124	25427.5055959	4890.60015051	4860.68675079	231.566319698	5278.204187942821	4571.801496223641	4010151.9261	3.29719847294
125000	125	25445.6723819	4580.25541625	4578.07891968	180.712728083	4864.932100586162	4316.503493810243	3977046.49657	3.30494409838
137134	126	30644.3952289	4413.95968871	4402.15690377	122.034041665	4618.431129162155	4252.304431779548	5995792.68348	3.30909921765
137487	127	30680.5506589	4000.87659455	3999.65054813	90.7634144953	4138.629516625028	3870.084926145979	5868391.94922	3.31320195606
138986	128	30698.378355	5281.31161424	5259.96119704	91.5916205704	5476.937671198974	5187.0000917949255	6461975.75213	3.29711372728
140680	129	30754.4708209	4183.22286359	4172.80371189	100.405666116	4343.234559725766	4056.2862547176005	6759769.35268	3.29250534087
142567	132	30768.8770359	4693.85794816	4741.09392222	132.047117441	4838.54906818989	4496.0875075656	6577499.38921	3.31169925206
141686	130	30775.4225059	3696.35793789	3686.71716699	96.3307967999	3851.751690168352	3569.6015798268413	6786402.60205	3.30300463236
142119	131	30790.9983499	3907.86413395	3901.77846492	95.5240226578	4056.1195521527607	3775.7665671010436	6732680.05162	3.30814956179
143088	133	30818.5536439	4148.10343598	4146.97723917	118.394535909	4318.192584883155	3980.0793180018795	6957293.8342	3.30561938581
143401	134	30829.1485999	3837.18188505	3831.81533866	83.2008764658	3969.1331854309274	3718.40818456378	6892038.60293	3.31018003083
144469	135	30847.217818	4062.00054516	4055.50370982	89.4989065307	4205.335310010845	3944.250967098382	7293161.15211	3.30059216923
144740	136	30891.526185	4060.6074084	4049.81313606	96.6264208326	4214.782330652691	3931.122398906083	7323886.29054	3.30544466819
145817	137	30897.1214609	4500.667442	4500.62927183	110.394349524	4677.442432108942	4348.193104788823	7633616.38315	3.29870361224
146061	138	30939.630513	4355.54812503	4345.70929492	106.256489796	4521.547972843452	4207.515153222832	7639604.35219	3.29820356024
147456	139	30973.20964	3805.54717385	3794.9485277	100.362305702	3973.1916639158694	3672.2130096013043	8004611.8442	3.3044882882
148991	140	30989.6812699	4374.02985078	4372.57333322	83.3678905795	4505.59463143444	4254.6328460691275	8658653.79819	3.29185955322
150829	142	31021.3155451	3377.12077691	3364.90881618	88.1921468605	3521.1473613948824	3260.976798752916	9015307.11308	3.30491916495
150647	141	31029.56375	4264.64295565	4261.42562677	100.764729616	4432.177445315079	4129.0218947894955	9046104.99079	3.29468383039
152135	143	31099.7793539	4405.87047269	4398.2764905	136.113292865	4622.933088616663	4218.613288205455	9864887.49917	3.28614952015
152369	144	31101.483217	4238.30514487	4224.32074342	97.5760357194	4403.039655768689	4113.143539295111	9491007.92342	3.30668476608
152810	145	31151.2260399	4391.32465121	4383.29615985	69.397662396	4507.996303548702	4299.542781489682	9836263.55328	3.29899095048
153357	146	31176.9528229	4070.09798259	4063.51778544	94.0450394052	4218.414278647428	3934.294025744011	9711430.16785	3.31203500593
153483	147	31191.741447	3647.91130938	3644.47003681	95.7119017576	3800.082996812928	3516.7974262849357	10162880.8126	3.29791189482
153761	148	31201.5254169	3766.16021157	3760.43153299	95.0484557728	3910.8989250803143	3631.4508046573646	9993447.3466	3.30959279334
154020	149	31222.3558619	4194.56770774	4186.56264406	106.661859727	4364.7404905329195	4051.0127345344613	9964564.39953	3.31140865708
154303	150	31259.2790749	3915.49373186	3906.34330845	109.128751694	4093.6231020786568	3768.099085090946	10599629.9106	3.29842192631
154564	153	31286.896704	4456.65161664	4446.89127489	112.45881128	4644.855082124294	4303.918382321392	11168398.4848	3.29056337712
154378	151	31287.465513	4371.18004525	4374.62111214	102.925516297	4531.984637847663	4226.456721715278	10872969.534	3.29000288779
154506	152	31291.7777689	3482.93743112	3476.3974118	85.2850818092	3619.2982850517938	3363.5531888936025	10527096.5882	3.30759401126
155000	155	31442.9353061	4108.87411245	4098.77045784	97.0439331438	4266.421085405739	3973.7128195722244	11323598.8985	3.30256933895
154964	154	31456.1386859	4366.25530395	4359.06878892	95.490773354	4523.173115148887	4237.435985373917	11561442.5321	3.28974401316
166343	156	36586.525842	4145.04654718	4138.93074552	49.8414806217	4228.751644096576	4075.8403388243937	16053373.5881	3.26434466403
167735	157	36637.2996159	3779.92369444	3775.81351973	44.292320783	3851.7536660783094	3721.409335187061	15738572.0777	3.27545106345
168389	158	36677.8114419	5079.32204099	5076.31204604	48.8789099984	5153.502611872046	5019.325537918483	17057416.685	3.25536731709
170859	159	36721.8366649	4007.04539672	4010.92963681	34.0934134105	4061.972029596325	3953.228054050797	18149601.3767	3.24451190607
171428	160	36737.911211	4390.40589507	4381.1927947	51.4269209308	4470.5755525664235	4326.373984850993	17154332.0246	3.27572298179
171642	161	36739.5448971	3478.68567171	3473.3268218	42.6769806851	3547.6104425610274	3422.1853991980947	17928010.6218	3.26113166826
173474	163	36768.841063	3892.52699413	3887.75740276	45.1705015841	3962.718369584145	3839.8755530527146	18489203.1337	3.26753910924
172253	162	36770.620244	3675.10357377	3668.37763833	47.9584077479	3755.319750185695	3614.665202839586	17769086.705	3.27271151349
173899	164	36805.5591791	3643.68485033	3642.77860268	38.3743599116	3702.095297799648	3587.0142444114904	18454171.2145	3.26831933652
174448	165	36819.0452681	3870.06760789	3865.8122789	34.0029745447	3929.5597614212274	3824.2559879088262	19305609.3658	3.25660160178
176219	167	36864.7261419	4243.36747792	4236.46913244	50.098676505	4327.026926813356	4172.319028737021	20314737.1277	3.25290602241
176065	166	36887.801347	3833.70789148	3825.55185549	43.6011415407	3911.243729454629	3776.8986553390214	19781641.9301	3.2685043779
177500	168	36902.7157729	4099.11160326	4095.58422795	51.0337309767	4186.052466900191	4033.900293943058	20694522.9034	3.25704756261
179121	170	36951.3603621	4174.134286	4168.9453569	37.7032845675	4233.934656454192	4120.152557952218	22419079.4455	3.24559518411
178591	169	36964.7814109	3582.85503813	3580.23661184	42.2861679689	3654.2347429812553	3522.369849697673	21398890.5659	3.26280792234
179696	171	36974.3204739	3189.87780266	3186.28697033	29.7374470837	3242.059966833192	3149.7602342808436	22416403.3598	3.26065772344
179936	172	36988.1449509	4058.19280319	4053.7027235	34.5187356124	4113.290415189622	4011.790749463451	22736767.3832	3.24971005344
181529	173	37043.473788	4114.60757401	4106.70702422	47.4742603731	4187.546148975555	4051.84574863882	24764561.0604	3.23746775002
181621	174	37064.6124361	4032.3176735	4032.29319766	40.6103475902	4092.321648746456	3972.407063078178	23481755.8905	3.26844183424
182581	175	37135.4258211	4254.99034577	4251.65246741	22.8925860439	4289.366158164762	4224.444854570116	24745929.3386	3.25565837448
183478	177	37153.982357	3442.48692354	3441.817115	36.0228638033	3499.1498020021995	3390.136837385862	25751081.3439	3.25523652146
183103	176	37157.1569009	3856.63702531	3855.61046404	43.0056346242	3911.7494551877066	3795.071016672488	24106343.0218	3.27780669984
183486	178	37175.611114	3556.29034765	3555.54552806	34.7706678162	3608.330740218226	3506.178248889821	24817162.1661	3.27266904365
183755	179	37206.8207431	3982.49970364	3977.29046446	33.9370693134	4037.377739193578	3936.1172974006986	24743932.014	3.27424641859
184417	183	37258.942946	4204.65511054	4202.43323779	49.3091311767	4282.568915255199	4135.187030094635	27704654.3049	3.24433697068
184168	180	37263.2576349	3713.40777472	3711.86203674	26.2817019287	3754.0754767199287	3681.6575524352497	26795479.024	3.25020723223
184411	181	37272.77422	3291.20428322	3289.02176479	35.603200345	3349.0933720616435	3241.1925826758575	26393287.0986	3.265544492
184412	182	37278.9151559	4155.5200324	4152.23315472	35.2156516074	4207.946504428558	4108.719717502215	27367586.6852	3.24564599315
185000	185	37460.4316409	4164.89254245	4163.77503328	36.5477089207	4223.628354341681	4117.2432931575595	28915496.8045	3.24489807172
184979	184	37472.663734	3899.0065441	3896.72110687	35.465282449	3951.3559814494533	3847.0930002550276	27918473.472	3.26349114245
195270	186	42510.0848339	4046.76800416	4043.73012212	15.4550308428	4069.928445423803	4025.411831109547	38252653.3531	3.1867127372
197182	187	42580.443722	3691.35854313	3692.95296086	14.4438782627	3714.0150491301442	3670.950893865183	37419810.1296	3.21044818576
198899	188	42640.3911059	4984.3444702	4983.33544413	15.0712643475	5012.5458594464635	4964.605785033639	40669889.4477	3.18692959629
200597	189	42669.0988259	3919.58403869	3918.09908247	15.4082820383	3943.4299960815238	3899.72487332244	43007477.4264	3.16387795961
201292	190	42700.924829	4345.12044731	4356.72308904	35.2335765051	4383.407051650379	4295.085626266755	40726579.5443	3.20603482691
202596	192	42706.3775349	3812.20117598	3811.97615092	12.223582151	3832.8755487635613	3793.251047534238	43136140.0899	3.19604398131
201398	191	42710.61973	3393.19303831	3392.31803424	13.6221540422	3413.945089710706	3373.884981022862	41927698.865	3.19222654435
202703	193	42738.2409949	3578.43896725	3577.40829672	14.9067250188	3599.350998139094	3556.513928203997	42070179.5594	3.20634190487
204004	194	42763.309057	3557.50767451	3558.63346131	14.7126500625	3579.6194267603455	3539.570801728629	43822337.9548	3.19764780562
204536	195	42783.8800669	3799.94893805	3796.71170961	11.3336143795	3816.742295767929	3784.587514610125	45471189.3189	3.17924645273
206093	196	42840.6813719	4136.44312365	4140.26240374	18.3497619296	4158.882942188108	4108.002311022841	47508580.9537	3.17489563704
207254	198	42869.6508579	4007.32407515	4006.44300367	13.9667060546	4028.54589519809	3988.588621286167	48216907.9541	3.18311763436
208335	199	42893.1636429	4099.14937133	4099.56780763	13.9083080686	4120.6662911796975	4077.8277257118693	50866992.3267	3.16964353005
206910	197	42911.594903	3743.26703516	3744.26952775	14.6322083686	3765.0030624692613	3725.087891355318	47564553.1597	3.19591179125
209281	202	42916.664566	3989.6160454	3988.45506534	11.235447725	4007.409659678857	3971.8808625926854	52069722.5146	3.16698748018
208957	200	42922.097476	3132.16770274	3131.14088735	9.59326954233	3148.1778860370123	3118.2869870504805	50657281.9611	3.18399115621
209199	201	42965.8937919	3480.71462804	3480.39710805	19.7099072767	3511.3303287453923	3451.5713331075463	49974757.0837	3.19339923593
210581	203	42975.7214429	4000.56866752	3999.99141979	23.1272460344	4037.6845407528203	3966.831858550419	55393498.8354	3.15586708791
211103	204	43013.394063	3933.02110929	3930.73108494	18.6560139257	3965.3953507159495	3910.6558896363567	52313739.1516	3.20322309652
212515	205	43105.3266239	4201.09082855	4198.89279698	9.28382972182	4215.199268791411	4189.088226795346	56404908.0369	3.17909756185
213062	207	43134.7376099	3359.02224766	3357.20602833	15.5056084973	3381.808697179588	3337.182981469862	57706828.1337	3.1816903118
212893	206	43136.95608	3739.7365737	3734.63851158	23.4765380113	3780.4486197057336	3708.4265036820357	54098688.2357	3.21704645122
213158	208	43155.8659809	3474.15770362	3473.07453427	14.4987198479	3497.7864432224546	3452.78990357193	55803287.6295	3.20628769913
213631	209	43196.9302139	3892.67898782	3889.76342314	18.196781211	3924.1731505187927	3868.172317063031	56232933.3386	3.20380400058
214153	210	43244.4910059	4084.58461236	4080.64708923	24.1680852351	4127.754662599023	4055.401291171897	62167494.0617	3.1649858281
214210	211	43252.8959279	3649.29559842	3647.04298795	12.9108599094	3672.454389861356	3631.148615808836	60742728.6259	3.17197680042
214272	212	43262.4969969	3212.62679748	3214.5493469	14.5732584515	3232.660989925282	3192.364633672483	59595438.0343	3.19206569161
214309	213	43274.107254	4074.97340718	4073.55018899	16.1480575824	4101.082809621125	4051.532719105761	61412840.7923	3.17549874262
214969	214	43504.369091	4082.83926948	4079.77372106	17.7431719582	4107.761822791369	4062.387299258294	64813262.553	3.16909455838
215000	215	43517.660213	3809.47140367	3808.72329558	19.4707964634	3838.2753109792907	3780.2971120777597	62540799.8038	3.19876204215
224288	216	48473.2623861	4002.36991391	4003.02486694	8.76178371354	4016.6620077120983	3989.545902095333	82646273.3931	3.08516463472
226474	217	48525.8378789	3650.28957936	3647.74274345	10.223814098	3668.694994884416	3635.157706978124	80879061.6983	3.12428015569
228755	218	48625.778795	4944.5336597	4945.64612589	9.1068074194	4957.572403302711	4931.918833795337	88391334.0628	3.08979085005
229921	219	48652.4632909	3879.72649482	3880.13884443	8.307151814	3890.6163007882506	3866.1298513114098	92079172.6865	3.0620333087
231163	221	48668.596051	3776.59280366	3777.17155519	8.13371411008	3789.6712531620537	3766.9019533656806	91241442.8787	3.10492788568
231135	220	48675.0616109	4352.50193339	4350.99518476	4.78760092198	4359.5561367142955	4345.812612114529	87935493.6235	3.11736010812
231427	222	48692.9152179	3361.95593256	3361.38095241	5.4385382517	3371.727826835693	3355.1005165832375	91203559.1014	3.0962261657
232387	223	48739.709455	3536.92650135	3536.26321461	9.20094880742	3552.1504406495005	3522.474316697757	91042859.8218	3.11875078751
233316	224	48741.8506699	3525.04438637	3525.08509576	5.82618822348	3534.790114351044	3518.1351433304944	93209603.1871	3.11001935433
234003	225	48762.475455	3774.85412543	3773.97722221	5.34607400423	3784.4906938325075	3769.197616358143	97250831.1078	3.08057924128
235936	226	48830.383251	4091.10877731	4090.78198087	7.38068489389	4101.232406714449	4079.4704784289406	102053234.672	3.07143541881
237411	228	48850.1421099	4065.92523934	4064.36435327	4.77630551945	4072.572559852297	4059.4195466818687	106041717.95	3.07577255715
238147	231	48853.357199	3103.8170975	3103.74262311	6.71617395845	3116.330834467218	3096.6909971961754	106698680.74	3.08485644605
238033	230	48856.3309779	3961.5035546	3959.7809116	6.31253319085	3972.5970979933586	3952.5068642526803	108701947.488	3.06452352965
236768	227	48861.9024389	3970.77053589	3968.92167279	7.96189178838	3984.620943603621	3959.4648508355535	102761659.719	3.08451041023
239400	233	48919.228735	3948.09847036	3948.92442294	9.36438550925	3963.8902763138717	3932.041599310423	115336011.117	3.0464780495
238031	229	48941.7556579	3707.75423871	3707.66015456	7.51799583398	3718.8974593467738	3698.5025075335866	105560016.089	3.09554118777
240187	234	48966.901592	3892.40933188	3890.19179147	5.17903009181	3904.956774006071	3888.430421575179	108229841.416	3.11903417802
239145	232	48976.4791601	3428.68174365	3429.06444205	9.14236960938	3442.7084086376503	3413.7569925401363	107524108.064	3.10238822986
242065	235	49068.3122749	4177.07175883	4177.5610136	5.29998320375	4183.464029320207	4167.460522298315	117911619.157	3.08443907302
242926	238	49116.650929	3439.08621866	3440.29781258	6.39095691432	3446.7673402167648	3428.580071986946	116262921.15	3.12992938372
242533	236	49117.783237	3322.8244996	3320.13595078	6.665273722	3335.009120956594	3315.6458352515374	121019910.823	3.08252523719
242615	237	49127.4812949	3697.44872341	3697.34049789	5.38032501827	3707.145353473914	3688.4843828909343	114044604.939	3.12918834665
243467	239	49176.7548659	3851.29118243	3853.20737109	9.81267238919	3864.5590679699408	3837.3040621719456	118378429.264	3.11379298254
243993	241	49228.8296819	3617.77769382	3615.44998599	6.05101747413	3628.0092956377193	3610.8469528387614	126831734.453	3.07333431292
243937	240	49234.990459	4038.46450083	4037.82174526	8.42575416014	4052.928120593816	4026.4388145282837	129960251.491	3.06398938792
244138	243	49252.25771	4040.07056666	4042.33827934	5.58200227116	4046.3500875641375	4030.802134558292	127776949.484	3.08310779179
244074	242	49254.650614	3173.41823718	3173.19316039	7.15691568417	3186.992947310014	3164.837353516263	124096483.379	3.09697244071
244981	244	49522.1272979	4047.37365887	4048.05280518	6.55187247217	4056.3631873128975	4038.4333569695586	134867810.188	3.06931697826
245000	245	49553.482604	3765.35477861	3766.39102366	7.31885753429	3776.4659099705764	3756.3398168852973	129129235.886	3.1168896135
253828	246	54426.69804	3986.4744353	3984.84751104	4.81285230216	3996.2690584077127	3981.0633435020154	167927302.684	2.96551797317
255470	247	54476.8168409	3626.63933353	3628.10806793	4.2557849039	3632.3243151838096	3620.9949391960968	162298510.052	3.01412599482
259180	248	54594.421036	4925.49963268	4924.03839228	4.45396330582	4932.561134085466	4921.079342648934	178810144.022	2.971090471
260690	250	54623.305954	3763.20561447	3763.10185571	3.25298554	3768.663519947781	3759.1746751334213	180863998.102	2.99460382061
261033	251	54639.3137228	4335.83275115	4335.02845538	3.05839161882	4342.322055289824	4331.907373603508	176765429.786	3.01157091787
260212	249	54644.670774	3855.99657282	3855.66108194	5.57498143061	3864.266895922108	3845.8926159844145	185495163.909	2.94317878034
261565	252	54664.380846	3348.74133214	3348.0900024	2.72776314866	3353.5418052448763	3345.5070732545973	184001257.684	2.97933630254
263323	254	54711.9627581	3514.60895136	3514.06899	2.13488962189	3518.1232052615846	3511.936064210096	185797050.669	2.99970167634
263322	253	54717.072196	3518.75182816	3517.8511615	3.20963302067	3525.5149960141266	3514.328490279982	184567878.153	3.01508066271
264224	255	54764.94257	3765.96984525	3765.53776758	2.34435912317	3769.413109267256	3763.1814923223433	193784800.141	2.96239433885
267070	259	54790.088614	3949.35806657	3948.76608607	3.06662972652	3954.4588541130124	3945.942971146998	211857951.191	2.93996343657
266976	258	54790.597192	3092.39805986	3091.96520893	2.42101538412	3096.290942311937	3089.189155430151	206850614.803	2.96849532596
266950	257	54803.540524	4055.80090391	4055.51874167	2.09429929388	4060.395105092304	4052.646247929712	207257656.093	2.9622102679
266495	256	54815.8678019	4071.38165921	4070.37296877	4.2106575092	4077.046958538924	4064.7381923731537	203515048.015	2.95215752193
267289	260	54852.3767281	3958.3901383	3957.59242633	3.11733441486	3963.0019783730813	3954.65082363684	206067118.336	2.96562556967
268592	261	54892.3599029	3930.55809871	3930.32677309	4.30548696977	3937.944381550748	3923.8714691474484	222617115.981	2.91747806793
269586	263	54915.993943	3878.4584111	3878.33798331	3.93832163949	3884.9081548995327	3873.5525265587617	208968318.239	3.01633530462
269090	262	54952.509275	3693.72854342	3694.17007982	3.63829512233	3700.531443144974	3686.347099907517	214793468.127	2.97102390415
269825	264	54984.525079	3409.99377578	3410.07818018	3.62019254545	3415.3543174806005	3405.482377798659	214421858.54	2.99427016823
271591	265	55044.7600501	4170.20721667	4170.67381202	2.50787653748	4174.141882634131	4164.978752652174	228814000.544	2.96379758009
272452	267	55086.8179469	3426.31025267	3425.90198411	2.5217454769	3430.2250979366836	3422.8236422758737	224073963.99	3.03466627151
272429	266	55087.3858669	3307.70676375	3307.58708576	2.63639046187	3312.4707634797032	3303.926326556286	237012210.499	2.95978061067
272574	268	55119.5062721	3680.65329507	3682.01343115	5.00161324037	3687.0943500089384	3672.636745571899	222955914.62	3.01862499343
273223	269	55145.3450539	3831.94490826	3832.16582541	2.42806515044	3836.28353678719	3828.176771170387	230923080.491	2.99636567592
273786	270	55202.826715	3606.86501228	3606.39749282	2.87109852388	3611.303595707777	3603.61850203388	245618138.066	2.94688413774
273820	271	55215.694221	4018.16964578	4018.91565162	5.1053125653	4028.606728876193	4012.276265188826	250811497.801	2.94983827461
273953	272	55222.0122991	4023.97107385	4023.61471793	2.661430714	4028.504602068302	4020.0963164798222	246769142.556	2.96509884914
273984	273	55242.712003	3157.59498419	3157.35033697	1.54262068107	3160.945552154252	3155.4434705158023	239835881.554	2.98456356203
274945	274	55552.971961	4033.18432359	4033.34631022	3.14988508647	4037.367884295809	4025.873127282712	260503239.691	2.94858141765
275000	275	55582.0348511	3749.67863521	3749.74895428	3.69442547133	3755.928833362353	3745.0466513777	250047779.161	3.01240036641
283235	276	60375.5575669	3976.86941196	3975.86132475	2.07176021943	3980.054894413206	3974.829230009709	318539724.856	2.82450955713
284804	277	60418.8391221	3618.6186236	3618.29562331	2.63302948743	3622.7455864644785	3615.5303354917423	306523040.75	2.87963357937
289151	278	60549.958365	4912.96354816	4911.22411458	4.01175553829	4919.0106568113715	4907.595210215947	338615583.968	2.82696666729
290518	280	60585.1805661	4329.96589689	4329.79578477	3.05037498116	4335.072433363249	4326.402854464097	330995555.219	2.89073923726
289915	279	60588.009706	3756.9129481	3756.78640504	1.35466673353	3759.2152393396536	3754.9665530755133	336179527.207	2.86677972098
290825	281	60605.5907359	3847.88562043	3847.85611087	2.51837332135	3851.378955768578	3843.227319679064	352489036.347	2.798898491
291433	282	60632.6961651	3342.8131071	3342.35007892	1.7966191904	3345.4084098725734	3340.85113017668	346132834.454	2.8436280064
293360	283	60678.834095	3509.02827175	3508.40834166	2.75542097401	3514.5173321728707	3506.210910387492	348856599.306	2.87186675778
293473	284	60690.9162381	3513.03532223	3512.85837501	2.56075375751	3517.524807449276	3509.28332333804	347142948.559	2.88853496349
295673	286	60722.071491	3089.46551595	3089.44402628	0.867859402217	3091.3155330936625	3088.449922111822	376409281.269	2.83555236996
295863	287	60730.2685471	3947.01005415	3946.79215858	1.99337095433	3950.071961356853	3942.666947011309	386523610.48	2.80182148746
295059	285	60740.8637159	3762.50517696	3762.5049574	2.21722474809	3766.29977794853	3758.4539171532665	367526228.032	2.82336205109
296215	288	60742.2258821	4052.84264568	4052.63630494	2.29298671485	4056.024617584471	4049.775651020281	379987227.641	2.83260474025
296667	289	60806.620785	4066.10128408	4065.93749195	2.54143854412	4070.465073829044	4062.3862220782125	381678525.886	2.81795251403
297545	290	60832.529408	3953.44090599	3953.02709621	2.37619003582	3957.284926381289	3950.241897438328	387652628.362	2.82830630284
298445	291	60833.227282	3923.50950321	3924.42087339	3.05244629574	3929.0151266204634	3918.056609787159	411769682.47	2.76773491089
298932	292	60855.2414069	3874.98286104	3875.26695208	2.04676725717	3877.726450606043	3870.880907612159	381615986.92	2.90020645251
299651	293	60952.5542819	3686.70911708	3686.26429655	1.5579397387	3689.5478210955234	3684.118268228675	405095207.854	2.8225915684
300320	294	60992.5621381	3405.26729467	3405.4460776	1.73379305656	3407.6467666583676	3401.583330260027	400694571.396	2.87068618961
302071	296	61037.1604819	3303.60172724	3303.28932398	1.81157566677	3306.475743730421	3300.657505096815	434403324.36	2.82122654644
301436	295	61041.312999	4168.57319238	4168.72044963	1.45729783434	4170.390840253797	4166.292611435533	419810501.175	2.8294609921
302137	297	61051.8819909	3421.14146107	3420.48193228	1.57337528501	3424.0240841420245	3419.819752735029	411461249.323	2.91100218905
302578	298	61098.4374299	3672.43967502	3671.68024686	2.23186746236	3677.699605275218	3670.0843465519124	411999806.951	2.88781038337
302917	299	61123.2945809	3826.40174959	3827.0882648	2.18711737462	3829.7145218994565	3822.045603860565	423419136.794	2.86049370393
303524	300	61197.450969	3599.3488413	3599.93124299	2.01473211169	3601.474205020881	3594.8770631423035	446861068.115	2.81168973299
303700	302	61201.0440199	4017.0464246	4017.54650006	3.06301477419	4022.632260209722	4011.436654018989	449247188.949	2.82630192867
303689	301	61206.4732609	4010.20198757	4010.49936303	3.58519209918	4013.922785624385	4003.544267675674	457621443.536	2.82118173134
303840	303	61229.953855	3152.58948038	3152.55024423	1.34435199812	3154.5131522725555	3151.002241435512	437796437.689	2.85511998352
304950	304	61579.260309	4029.31431148	4029.92128625	2.34970141703	4032.7834867869105	4024.994256092651	475070540.125	2.81516814602
305000	305	61608.025455	3745.97718659	3746.45260804	1.92538975093	3747.9574586015665	3741.227480330214	456184751.079	2.89096865211
312910	306	66329.288749	3971.5464799	3972.11285016	2.82072236651	3975.276312564951	3966.7013038511805	569572181.389	2.67527496525
314200	307	66375.719799	3614.19716109	3614.01749555	2.37493962614	3618.3137519776346	3610.9472976884663	546445572.411	2.73247744392
318495	308	66509.2569499	4911.89866174	4911.79469595	4.63382034605	4920.262171172416	4907.020626525487	601299128.77	2.67923814035
319745	309	66551.5442901	4330.96186993	4330.3333091	3.38546044433	4337.79155162589	4326.196498489431	584310142.007	2.7576291795
319929	310	66556.728523	3754.98698148	3755.63545051	2.25935602817	3757.6542468992066	3751.1781141520833	594785513.009	2.73199430667
320592	311	66579.0337219	3844.53401106	3844.32457937	1.93642993114	3848.4475271144083	3841.5706632837323	625980635.286	2.65048425094
321369	312	66629.241158	3340.22502526	3340.77367872	1.39387055766	3341.577816698619	3337.400889147872	615944770.214	2.69984647204
324432	315	66645.066349	3087.5779225	3087.0531894	1.84612434491	3090.851438519954	3085.642417687615	653182239.169	2.68949001252
322937	313	66649.959703	3507.67382064	3507.07657117	2.0069991089	3511.450764694018	3505.5217815674587	616847961.664	2.72562904282
323529	314	66653.6449349	3509.76305767	3510.06969811	1.67580964872	3511.884181995097	3506.796474907322	614887345.285	2.74710666971
324761	316	66663.0987029	3947.61031905	3948.44126556	2.19483341124	3949.7483143493514	3943.74141643528	671824049.531	2.65315515339
325091	317	66682.5327029	4050.97503982	4051.29709157	1.98490576475	4053.042256461698	4047.15641889753	658233153.036	2.68643674425
325146	318	66737.4646339	3757.779011	3757.33640194	1.82206631437	3761.7116721400726	3755.9219113138015	654800117.912	2.67083446635
326916	319	66787.586792	4063.64216212	4063.66870471	1.86011008703	4066.020081600501	4060.821635510381	676019405.528	2.67225692997
327639	321	66792.374311	3922.24642984	3922.17641179	1.42220720683	3925.4033413918382	3920.368524072807	713717482.22	2.608942442
327612	320	66818.835722	3952.45495783	3951.84788456	1.67621179323	3955.590673469892	3950.465023668255	684468454.76	2.67338937554
328104	322	66819.784097	3872.43304286	3872.75812234	2.28720844223	3875.135742205139	3868.2806325647402	657917858.712	2.76736767445
330060	323	66951.7961349	3684.18178684	3684.78704947	1.82486417727	3686.123496839854	3680.972987129639	714105081.905	2.66491494993
331448	325	66997.045352	3301.65224296	3302.18415891	1.89207158865	3304.6478033486806	3298.0007791353282	748184727.291	2.67019301793
331542	326	67007.318388	4167.63154236	4167.05947019	2.34424807311	4172.9606025507155	4165.443396090534	731442351.697	2.68848264577
330720	324	67011.665277	3403.94169078	3403.48855222	2.39463333909	3409.2179463364964	3400.8867928801155	703461598.067	2.73596524888
331721	327	67014.281292	3419.11140265	3418.85859628	2.17458453669	3422.613292062844	3415.700454912946	712690850.973	2.76744365578
332347	328	67076.929852	3669.01050901	3669.41854151	2.355240602	3672.012448056071	3664.7738452081026	715992513.258	2.7448632308
332703	329	67099.290025	3826.75111075	3826.64327044	1.59934282542	3829.3265265517803	3823.415009454614	736096389.606	2.70874035133
333471	330	67161.2556751	3600.36300885	3599.28406923	2.60839075556	3605.637968932681	3597.5371278315038	769846351.761	2.67422929988
333523	331	67179.1705389	4015.80864228	4016.18767151	2.10322443167	4019.139513397692	4012.105443431647	772502010.311	2.67895779824
333571	332	67207.0795259	4007.75266033	4008.02712746	1.93830439903	4010.210803635954	4004.8711325432255	790675126.074	2.67872819947
333701	333	67217.1501279	3151.18203297	3151.41675602	1.66596075242	3153.317469958235	3148.2735998140893	755912424.996	2.71039266946
334947	334	67599.8910379	4029.44469719	4029.18709577	1.8597493087	4032.7755107668017	4027.20439043201	817279668.461	2.67082220426
335000	335	67621.161793	3742.59409332	3742.03432729	2.13430145281	3746.5115366148125	3739.6290932237143	785105948.215	2.75359618642
342656	336	72289.534019	3968.22596259	3968.45222303	1.81284917063	3970.5535023713855	3965.321120989421	963777225.305	2.52618365116
343965	337	72342.6522179	3613.94791808	3614.22452735	1.6542104342	3615.976907074259	3610.486484789403	922764254.51	2.57753689229
348237	338	72474.6546791	4911.75256624	4911.93113496	2.4264830741	4915.960786784211	4909.027661333376	1013356108.17	2.52487182205
349875	340	72512.4704459	3754.11678861	3753.93444949	1.01812265837	3755.875503970184	3752.934688086719	1000522150.62	2.58588645564
349816	339	72512.8407779	4330.08521033	4329.40919325	2.25319582499	4334.304877165482	4327.034385052242	981620593.59	2.61350217046
350677	341	72540.244719	3845.71659199	3845.91430246	2.01894370524	3848.8914222384824	3842.9527500700424	1053247091.55	2.48756292688
352870	343	72574.958576	3087.04597598	3087.34505403	1.02402600933	3088.6276104452154	3085.078366663106	1074936701.93	2.53161485122
353250	345	72598.533021	3945.64647655	3945.7404399	1.45765812749	3947.120199232158	3942.796404958094	1106727630.72	2.49564531308
352368	342	72600.894686	3340.35630873	3339.54353792	2.41755100346	3343.8353824573064	3336.5081485233645	1043148018.78	2.54473478172
353162	344	72623.50436	3506.4898042	3505.95567929	1.70020260643	3509.0232863226865	3504.5189106902308	1036996908.62	2.56967299604
353275	346	72628.5458241	3509.84272572	3510.19023594	1.36868782834	3512.0419841271914	3507.715155631146	1026822168.96	2.5992319222
353829	347	72644.213985	4050.88734067	4050.96673575	2.39178449713	4053.9777305035805	4047.630838851382	1084914371.19	2.53553203037
355816	348	72701.1888199	3756.82973216	3756.39980752	1.9425793636	3760.426220644627	3754.6068754273174	1109389051.46	2.50636075399
356862	349	72731.1477721	3921.79826446	3922.12572016	1.88888797845	3924.057454354306	3917.384490812518	1177508480.3	2.44052079275
357704	351	72759.592396	3871.26737023	3871.86684581	2.5681523211	3874.212045181959	3867.0646787570417	1088969019.75	2.61829130953
357178	350	72778.115602	4063.41000526	4063.27123035	1.72770415553	4066.9598206750575	4060.881013013412	1135787533.49	2.50941240576
357865	352	72822.3593509	3951.27391349	3951.2097024	1.95198268118	3954.757167046588	3948.6068356105243	1145990818.58	2.51017246189
360487	353	72950.3374341	3685.83647297	3685.3858779	1.70033640482	3688.8871180130595	3683.8663034504852	1192569889.05	2.49780196181
361279	354	72954.1940598	3301.09481944	3301.46420367	1.47795362524	3303.1102515811594	3298.6038203951416	1231163264.09	2.50823577022
361406	356	72986.514235	3418.12638113	3418.00877185	1.35926960275	3420.907216790005	3416.4411470985096	1174127376.85	2.60169754784
361344	355	73005.237988	4167.15434721	4167.14371387	1.94656297504	4169.364391032662	4162.712594604689	1202563806.15	2.53254693923
361544	357	73026.6109369	3401.95734267	3401.56588891	1.91704095312	3406.218968657162	3399.9421995106036	1175028315.52	2.58365453136
362183	358	73040.010231	3670.34359475	3670.7198817	1.93700586419	3673.0646965799024	3667.3830464494595	1183374651.99	2.5855194717
362473	359	73101.1906519	3826.7408678	3826.16248147	1.92264560831	3829.953518576086	3823.753051468398	1217642813.43	2.53695926288
363126	360	73135.134325	3598.45627103	3598.75356869	2.27711333883	3601.8959703614196	3593.9350229133997	1261233856.8	2.51373112399
363316	361	73163.526967	4015.38110374	4016.07399656	2.6146887095	4019.1336697455044	4010.666845302847	1269406323.6	2.51124853741
363590	363	73179.34518	3150.49199851	3149.59360391	2.21608092936	3154.0781375481365	3147.7327788485645	1240944007.0	2.54925729859
363519	362	73191.407649	4008.30397477	4009.07637672	2.62441317484	4013.464116244829	4004.563458404432	1303434884.02	2.51303231038
364956	364	73622.9110329	4030.16123782	4030.07265308	1.46976455495	4032.3871868806923	4027.918271626336	1342630458.61	2.50148875395
365000	365	73640.929889	3741.63053899	3741.1826278	1.78236718552	3745.285697003756	3739.295180758699	1288091421.09	2.59432196127
372504	366	78240.7395658	3970.16889027	3969.96440788	1.44500677959	3972.7374513101495	3968.2437451266865	1559012690.94	2.36148127034
374125	367	78318.3752561	3615.3673252	3615.76205741	2.04114989386	3618.490884665544	3612.1885371975786	1498847288.02	2.3948671853
378230	368	78450.6151659	4911.29546439	4910.68936975	2.45886954624	4914.678787214649	4908.136470376239	1633047449.31	2.34508219003
379459	370	78462.4622159	4329.29230098	4328.86207003	2.38273072991	4334.534060933051	4326.65822162829	1577180848.22	2.45281237636
379401	369	78466.3512139	3755.86301854	3755.72538583	2.25889459549	3759.9607241771946	3753.39323535299	1610428643.14	2.41401925708
380292	371	78484.017966	3843.78445921	3844.20943737	1.59862943879	3846.18465823126	3841.3018925279102	1693558106.46	2.2961657071
381302	372	78495.576088	3088.18347518	3087.96036219	1.82602687089	3091.1622679378893	3085.850185577837	1699397276.17	2.35582535461
382147	373	78519.684974	3945.85244528	3946.08942969	1.76032185464	3949.105691461588	3941.936712028792	1752487040.34	2.31768992568
382204	374	78553.360631	3340.68260233	3340.66565306	1.45864632709	3343.432251224103	3337.6810595882876	1676964147.15	2.36333842956
383087	376	78581.281287	3510.57561424	3511.17473693	2.11105945824	3513.2621773074907	3506.7282465075236	1650909683.19	2.42053796101
383644	377	78607.5721829	4050.36157457	4050.62267717	2.30070414336	4053.824957206444	4047.347463100679	1729547014.78	2.36927613179
382970	375	78609.7878959	3506.69663704	3506.75767094	2.16497603748	3510.9706291937923	3503.788841418067	1664713795.13	2.40523152764
385940	379	78648.77244	3922.06673491	3920.94875631	1.89849190396	3925.3202110381812	3920.3387463611057	1859964918.6	2.26427139705
385256	378	78664.930445	3757.64264541	3757.38133274	1.51418377728	3761.159146871382	3755.972038595854	1773350909.72	2.33322938129
386611	380	78676.8107769	3872.0948969	3871.50178388	2.28099045969	3876.38952970742	3868.6613273781104	1719869620.62	2.45188718328
387228	381	78769.7853549	4064.88361758	4064.57670942	2.10684104707	4068.733997997342	4061.294264727477	1820970369.93	2.33502363234
388182	382	78818.844223	3952.34403541	3953.53747643	2.23514197294	3954.832698994188	3948.6609821615557	1832733910.96	2.34174270514
390711	384	78911.1626799	3302.15003682	3301.55809717	1.61129819691	3306.238704436638	3300.713853667782	1931888160.89	2.34277498216
391244	385	78920.666939	3417.71750975	3417.71714152	1.10648647201	3419.7949337485056	3416.153526610098	1856420991.63	2.42244776465
390667	383	78956.1757329	3686.73318559	3686.36915907	1.54760036033	3689.3642274088497	3684.540861202251	1901961164.2	2.32880203829
391959	388	78982.3707819	3669.03426592	3668.64910853	2.25254410822	3672.8602832785573	3665.07650444836	1863639309.42	2.43446794959
391566	386	78988.0622671	4167.62385089	4166.86885656	2.47349119841	4172.274576985388	4164.865757959315	1908686548.29	2.37022647215
391855	387	79044.3780251	3403.19084098	3403.42827931	1.19446299628	3404.7654743400426	3401.029650709608	1870541780.62	2.41440131252
392614	389	79089.5181279	3828.5488938	3828.68123277	2.43059968506	3831.4941436965228	3823.5638612463936	1930682493.18	2.36258888843
392961	390	79106.5077651	3599.74393067	3600.05619066	1.76794748031	3601.9977317591274	3596.658612329181	1984572891.52	2.35166609924
393236	391	79128.7479439	4015.92840844	4015.48332918	1.67243848563	4019.339510766552	4013.4354106673904	2001194046.4	2.3434709926
393348	392	79138.383255	3150.49184109	3150.28079945	1.52182502169	3152.9093322694644	3147.6195741899287	1940572097.41	2.39566422606
393407	393	79151.836838	4006.75899905	4006.91264733	2.24172220392	4010.3846631359716	4002.124756228071	2051437927.23	2.33910794408
394975	394	79628.7035398	4030.33300821	4030.7272794	1.59445925447	4032.0085107336736	4026.409823459875	2109855379.2	2.32403533125
395000	395	79667.419924	3742.74684386	3742.12980093	1.69066385819	3745.4545635555246	3740.1509509777547	2020948976.25	2.43273978042
402550	396	84193.112107	3969.73869883	3969.52442634	1.94866040621	3974.131858534229	3967.6661364806932	2414229189.92	2.20284074073
404737	397	84286.710535	3615.19105068	3614.7181084	2.46975738072	3619.4062880251677	3611.489221521716	2335398725.44	2.21546207814
409044	399	84390.684612	4331.17398803	4330.19019182	2.99490736157	4336.288638427479	4326.980538221445	2433096275.59	2.28351044639
410163	402	84392.718446	3088.07853994	3087.84018861	1.98902389139	3091.371673804373	3084.535116550619	2592640776.6	2.18257490278
409146	400	84402.985678	3756.44354985	3757.30913181	2.52172415538	3759.5674772148377	3752.26008660231	2489943214.37	2.23301467978
408830	398	84407.22207	4911.50957552	4911.04865973	2.04104886197	4915.856502582317	4909.29295806559	2532282019.61	2.16475111512
410748	403	84436.4110639	3945.50619549	3945.98836274	2.44430732029	3948.7307662658936	3939.3213040852197	2664665435.87	2.14825875742
409837	401	84444.0395539	3844.79007894	3844.11884647	2.04120606098	3850.0702526842288	3843.15159588874	2603420190.12	2.11418808208
411722	404	84504.8895319	3340.13027851	3339.94310731	1.84418895103	3343.8248828725477	3337.3888079718495	2577933018.22	2.18531666078
412556	405	84513.1896241	3511.07315355	3510.82166672	1.73605423981	3514.013548358751	3508.717951349978	2543247412.33	2.25187861673
413468	406	84574.8079729	4050.52499399	4051.05914117	2.20633704503	4053.270755863243	4047.254897055367	2651675418.77	2.19485868893
413513	407	84582.2710059	3505.8952442	3505.91361788	1.79106944316	3508.078515284428	3501.8823799715915	2575280711.3	2.2300752316
414564	408	84591.4217041	3923.74614091	3924.05578066	2.77844112988	3928.0067282202863	3920.518949862485	2807104547.19	2.09553734392
415347	410	84596.8376899	3873.07028457	3872.98943297	1.46108872145	3875.393732907216	3870.653788519265	2603312347.16	2.2833033985
415037	409	84604.7156379	3757.07804058	3756.74307438	2.34375773323	3761.6365886812864	3753.937028937801	2718421511.72	2.16160280745
417651	411	84750.5134809	4064.07890895	4064.24810127	2.3523029065	4068.308671683635	4060.784281614759	2801377556.08	2.16431233795
418746	412	84814.040108	3953.06904615	3953.44874767	2.12325945258	3956.009697234664	3949.929768106873	2819970512.65	2.17356932194
420427	413	84850.919414	3303.07039661	3303.25868856	1.593250427	3305.6058267502667	3299.5688095026753	2924607657.29	2.16634723165
420589	414	84875.6221669	3418.9558859	3419.008504	2.30404208087	3423.009088697619	3414.8993945278403	2800760993.49	2.24713093645
421593	416	84934.597724	3669.20169721	3668.77634405	1.82205411568	3672.1224384747734	3666.7451851739766	2811123977.03	2.27652509258
421220	415	84967.1757369	3684.58403342	3684.57100919	2.21866155583	3687.7159605900206	3681.013005218189	2916983182.85	2.16305919733
421673	417	84975.4848769	4169.20678849	4169.18362459	1.18923554441	4170.895089924039	4167.240136479972	2907585754.35	2.20682224253
422298	418	85043.9343719	3403.25288136	3403.53512647	2.01345649989	3406.928047971991	3399.4935311663157	2868955192.92	2.24904495559
422709	419	85048.8661819	3828.1560153	3828.24665366	2.04459175178	3831.4897940730843	3824.7733283750517	2946421636.66	2.19041909669
422860	420	85068.021461	3599.7348636	3600.04894682	1.6086807911	3602.1372900049028	3596.7087905715507	3009079800.67	2.19114633549
423146	422	85101.3638251	3151.43999255	3151.37915058	1.78761210564	3153.796191468745	3148.8122439439703	2928564188.57	2.23405327139
423050	421	85104.8661509	4017.3183718	4017.75227629	2.80009008364	4020.793310897444	4012.301076721304	3032181786.54	2.17723741433
423220	423	85114.0589049	4007.23474448	4006.68764626	2.47832841786	4011.5442228611482	4003.5711584761625	3095283661.93	2.16393313291
424926	424	85631.836236	4031.38013948	4030.83383166	2.07956921411	4035.280488132312	4028.2774898218	3177738206.13	2.15458722801
425000	425	85650.071331	3742.61491718	3742.83696915	1.7533322076	3745.048279720363	3738.480512650229	3044228352.75	2.27202184235
