steps	episodes	elapsed	mean	median	stdev	max	min	average_value	average_entropy
31429	12	1390.9496901	2269.19438756	2000.26115401	586.533494567	3573.9160771319775	1781.064822615559	13.1375147156	2.18969766255
30844	1	1391.34107614	3585.94444099	3744.66474009	813.832384015	5055.486595807196	2178.322322229561	13.0890380396	2.18968787148
31024	2	1392.44103503	2972.10119829	2238.32347347	1425.47842192	6513.16303315128	1992.4990492636834	12.9808173764	2.18973771492
31272	9	1395.2781291	1922.75396563	1850.89700595	178.935371472	2217.2272851942757	1714.429911570742	13.0449085468	2.18968906364
31422	11	1398.60525012	2078.56277181	1952.83803729	287.94556591	2531.571515426632	1756.236530536601	13.1444910183	2.18973747191
31516	13	1399.61679316	3399.57154974	2894.71827336	1197.01423602	5621.722321755097	2152.6854166924445	12.7938864105	2.18977904852
31127	4	1401.31069613	2314.33329295	1976.32274786	733.851553159	4223.874748276875	1869.3740260709865	12.80750329	2.18975536281
31164	5	1401.53579807	2262.45052888	2291.43027332	119.646061144	2485.0973793972616	2048.405721748778	13.1833414428	2.18965127206
31221	6	1402.1854322	2438.84236038	2368.13228732	428.499835609	3187.432158885058	1984.8977401431316	12.8776055954	2.18975662794
31279	10	1403.62605214	3707.29893922	3337.2214891	1347.80584769	5795.222738141155	2005.1636526906118	13.0283877996	2.18976611222
31607	16	1404.09679198	2624.8437901	2509.35956142	528.083190322	3435.2110291084773	2046.9959909366994	12.9595070046	2.18980694423
31240	7	1405.4021101	3425.35469224	3390.14319646	1156.68394365	5227.575211604742	2032.184153802588	13.1918193639	2.18967220293
31588	15	1406.37578297	7776.9907672	4057.21996222	6734.17637355	19480.11747199382	2034.732238023412	13.1002430102	2.18973680957
31779	20	1409.40109706	2217.85476836	2120.44085486	397.897538223	3185.667743163769	1797.0127294519061	12.8801050105	2.18979758416
31531	14	1409.71139407	9126.77531617	3355.07233248	12109.9833366	37624.81972041068	2009.5143580331867	12.9879430906	2.18974347558
31241	8	1413.01709318	4029.8977325	3917.49447798	1604.56223126	6974.241050221684	2168.5546574270843	12.9588238049	2.18972399998
31781	21	1431.74313807	4294.63157872	3243.7563189	2930.34465233	11133.602523155407	1918.6488235028096	13.1277516997	2.18980337627
31645	17	1434.86995411	2617.54173593	2553.09621065	313.021955184	3269.6341300758936	2167.8259953336283	13.0926633683	2.18980441178
31108	3	1436.11394811	9577.58694147	4181.41249412	10807.9555431	32990.956545969035	2193.7633991472567	13.2268094447	2.18976080576
31755	19	1437.98203802	9649.07396995	4654.0771747	11655.1968123	37796.09342136254	2171.913047159527	13.2031428622	2.18976757385
31848	23	1438.13362503	6116.4123201	4060.78419419	6489.06798464	24204.831227442395	2199.5322937817514	12.9047507047	2.18981388554
31794	22	1440.07813406	2448.24510853	2407.43785887	280.668274945	2920.3925586146743	2149.3571411673192	13.0423358532	2.18984094733
31725	18	1441.37648916	2658.0208936	2471.39164368	428.160337595	3551.179699419365	2222.1143144027565	12.8083571217	2.18989233585
31856	24	1442.75494313	4308.33633146	3855.30682912	2186.70570573	8507.826559717372	2166.4187530823615	12.9530877002	2.18988889602
31993	31	1446.04141498	2873.06799403	2846.64585445	624.438921297	3842.214640885578	2062.547351435049	12.9938242684	2.18991681682
31869	25	1447.27629304	3623.4257972	3329.46147106	1088.67494178	5268.042479562656	2486.3267556770875	12.8730079936	2.18992354302
31875	26	1448.71898317	3862.15457916	2743.58630903	2293.6649128	9201.879932882688	2004.096895752591	13.0737205457	2.18983650433
31956	29	1449.31387401	2619.16918844	2528.5147055	676.447039644	4021.5094333572956	1911.1305127010144	13.0307046885	2.18988967835
31901	27	1450.99123812	6843.69516209	4550.48818737	5514.7653495	20059.56399489999	2225.7063978883134	12.946182239	2.18986023947
31954	28	1451.41984105	3296.74693752	3390.13777932	896.617768567	4749.731648227596	2096.854348188818	12.9294358572	2.1899345173
32000	32	1458.78998399	3194.07630282	3290.57117053	787.935569324	4630.064699761491	2259.8509013533967	13.0343025533	2.18997370805
31988	30	1463.42304111	2606.74366883	2240.13465047	890.763305625	4440.87430854088	1908.6739227583894	13.2687874635	2.18989889959
56298	35	2770.91688919	18443.4693912	16194.7080574	12024.861348	36195.04184814153	2598.64839305167	18.1917589293	2.99595123722
55982	33	2777.03987002	3219.41997593	3136.77952017	331.870748186	3716.080301097157	2704.7133460701552	18.5131864878	2.99585924614
56932	36	2785.40406799	3000.74263613	2699.49288184	1217.40288088	6151.9065382030885	1991.6382927809052	18.6875462442	2.99579681685
57689	38	2788.35499501	17863.5198598	11411.1151259	13872.4664387	38798.49978970857	4975.876987724925	18.0045322791	2.99594058551
56130	34	2788.93741703	2986.35322166	2918.03798481	287.820296953	3596.3768866452865	2705.31407118107	18.4587561238	2.99583242808
57539	37	2789.68429708	4903.24183535	4251.4934201	2615.55832797	9768.133222445766	2292.316908512689	18.3330526252	2.9959597875
58380	40	2791.96182799	2380.44551216	2313.93913956	190.680509611	2695.0163629454505	2128.2219514667304	18.8971479342	2.99585955238
58592	42	2795.87146497	14633.0702334	10351.056344	11417.1335423	30343.549168396832	3743.5556150051752	18.0571257389	2.99598586829
59405	46	2796.06092501	21634.1591851	21674.4790941	5767.18226673	29864.479888164202	12241.683632075741	18.0451681988	2.99593317662
58694	43	2798.11491799	23914.3400925	26014.6294863	10250.3278949	36704.96216261839	5771.776658736234	18.4251138867	2.9959947621
59385	45	2804.49976397	13998.5549962	6989.90824225	14587.2655991	38730.09427323538	2555.149151710354	18.4520837864	2.99592995024
59871	47	2806.8996172	10071.7299958	8943.323983	4211.17090779	18539.068520390912	5060.539696667282	18.1759981773	2.99593467683
59118	44	2807.2857511	8961.27170049	6321.94570463	5775.60932036	21452.381896741743	3624.2529829962555	18.7172264406	2.99594224481
59932	48	2807.95064902	17266.8032638	10934.346656	16754.1678272	38390.19392055402	1283.149603862764	18.2523940497	2.99595268057
58476	41	2820.07616806	3356.47276864	3197.40169683	730.880273161	5133.968773288477	2510.929595571949	18.1831490722	2.99596357274
62841	51	2874.94221997	2251.45837648	1482.89958949	2093.36848587	8001.781215894913	1092.82245071456	18.1749898893	2.99609940043
62649	49	2875.95969796	23324.2226163	23882.0389837	4276.92945094	30113.580472432546	14964.102921246764	18.5020313338	2.99603823575
62700	50	2876.08144712	2145.07359108	2164.62137713	190.800111768	2502.6275156284282	1908.1283850556765	18.3492279275	2.9960678052
62918	52	2880.50455809	1534.12241718	1478.78900929	285.930623448	1988.5899990343307	1246.5134950755357	18.6455004307	2.99603432953
63249	55	2881.19871497	4644.50099893	4054.72244783	1342.63119618	7109.715382023443	3254.2246794817793	17.6933720498	2.99614508258
63054	53	2881.851722	40125.2673679	40925.1971656	4907.25285748	46365.09153859642	30428.186475029983	17.9251483766	2.99607867598
63712	58	2887.82380509	16738.4045792	10879.2050741	12497.632785	34544.14710344283	3554.8150826251936	17.6280665321	2.9962067029
63200	54	2888.31033897	4292.7145971	4195.94977404	660.729778256	5169.37519308203	3463.278285028777	18.0859951491	2.99610342517
63782	60	2894.88532901	10106.6682201	8745.03003567	7335.18291575	27831.814909735636	2261.7479946550934	17.9884743706	2.99616199522
63720	59	2895.86175299	9751.88055748	4671.96824928	9895.88838573	28821.296806567934	1111.6858593165427	18.285185771	2.99610835746
63646	57	2898.10980797	24927.5213752	25313.6357721	8671.13355244	36937.68895147035	11066.517870419484	17.7714437967	2.996148554
63619	56	2898.5847981	6882.02427942	5158.06638195	3900.70367212	13897.375761738089	3296.458560029938	18.0277461139	2.99613275147
63866	62	2899.82406211	9131.00010989	8164.92643699	3497.50244041	14745.103855102036	4933.447237192496	17.932364499	2.99612400679
63864	61	2902.35949707	4282.98014348	3865.71065601	1224.06582298	6382.01718551025	2752.8135898182272	18.4370233194	2.99611491645
64000	64	2914.6980691	31124.1114126	32653.9121344	5487.20532345	39593.49753353697	18300.926290311534	18.5367002691	2.99617890533
63960	63	2916.76827908	15933.5000204	9160.77283442	14095.3129409	42536.36749675625	4878.168933966723	18.0412170227	2.99622095167
77025	65	4112.09517407	1188.23448427	1097.42915885	290.17712963	2010.453358077257	1059.3895703719331	21.3670979532	3.29249798942
78424	66	4115.42094111	6671.18830834	4213.08457123	6715.41475112	23376.73806636524	1578.1715740068853	22.2786827351	3.29241034097
80123	67	4122.92767906	12412.5679969	10807.1517807	7944.96596605	23197.74352345316	4170.143412518957	23.1566043488	3.29223262335
80756	68	4131.66386414	4798.19318795	3954.2250591	3432.50014397	10202.284839115562	1217.2562816398395	20.8371893148	3.29248366458
81175	71	4131.77231097	5322.84973398	3573.19236144	3434.25023081	13462.156355519595	2813.6350980094353	23.1408661297	3.29235091464
81092	70	4135.08983707	15707.9310687	14933.9664242	11409.4319938	30612.500092021895	1806.9375410550217	21.2832399624	3.29243041707
82065	72	4137.39410996	1243.69297436	1163.34549678	171.20277696	1556.3327258502209	1071.6718448425459	21.4365804286	3.29248571209
82329	73	4144.14920402	7251.01341311	5923.29940407	6505.75959639	18561.1797150484	1128.8718924608402	21.1842486165	3.29247298853
83610	75	4152.243644	11655.9897994	5730.65850506	11016.2426147	30042.22509577654	1625.4800777394435	22.1679865865	3.29234280522
82804	74	4152.64120698	3042.71307852	1182.69894306	4495.21535441	14983.731644469493	1068.3230334121104	22.4895433214	3.29252011377
84122	78	4155.12490201	1237.72178027	1163.32308657	167.869973899	1552.3975983826401	1113.6595558014699	21.6726364581	3.29246135085
84040	76	4156.87560606	20494.5487662	12358.7931148	19366.8384895	50586.83219184036	1206.7399463582578	22.0691714611	3.29247780993
86460	79	4219.85917711	16582.2456312	10095.3271663	13583.0947999	41416.94359717976	4366.248850895126	21.4385758349	3.29254595777
93117	81	4265.87161207	3997.84670882	3782.127504	1571.50025165	6841.775828868875	2370.8469718947254	21.7630910114	3.29253927307
94920	94	4271.06506205	4748.62155527	1241.2729178	8576.96837204	28777.539338136823	1063.6172983188494	22.0351819137	3.29251058653
93186	82	4272.79624414	8164.10853739	3513.11672425	10016.0761077	28551.393528308534	1112.4068339320215	21.9275041444	3.29254506333
93531	83	4274.48127413	1188.85876858	1192.3480046	85.3921747601	1339.5410186577876	1094.6712970181266	21.2804719643	3.29251276321
93731	85	4279.14382505	19315.4711592	21610.8692472	8171.82303775	27550.554247770226	5231.595084302867	20.6489113481	3.29260967441
94160	87	4284.16760707	9099.96552725	7023.08348718	9472.21466131	30512.762636941075	1108.583790268235	21.2592156889	3.29257519155
93546	84	4285.1114521	5267.53645422	2239.88179008	5962.3397221	16759.896559278026	1062.3733504834004	21.2040820085	3.29255848599
94127	86	4287.26146603	7123.80394435	1238.1849878	11192.7855394	34435.91311897751	1124.8738278217622	20.3808155833	3.29265730745
94555	88	4290.64570403	1200.43789714	1219.92994558	71.4663674366	1306.4353504345277	1089.5868833657057	21.1976461992	3.29259560413
94723	90	4294.63428807	3778.54839149	1941.36044134	5494.84924919	19137.483416578238	1135.810559899335	20.178145598	3.29259236045
94709	89	4304.15929103	1128.63914967	1088.07673539	120.097912264	1363.8161635001838	1041.4443500667523	21.1004918298	3.29261334031
95000	95	4320.96135211	8158.7785935	3359.26601356	9747.75667322	33600.28339137623	2812.2901945423696	21.9767383394	3.29259773623
104697	96	5345.26209307	1154.02445911	1126.05579296	105.696836965	1360.8951857310342	1054.941008934094	23.0221130886	3.40131892751
104973	97	5355.93062115	1573.49367129	1210.48628429	591.069175061	2641.034166473931	1056.7571661086483	26.5665805293	3.40114619742
105793	98	5360.59896803	1312.49041632	1263.25571593	165.834125258	1664.2351270760548	1129.7195556379993	29.1428621778	3.40091079232
106704	102	5376.03822899	1112.61477174	1109.57627436	33.8530690366	1176.528601265179	1063.4455284131711	24.0386818539	3.40119580477
107526	104	5385.55024219	1297.79481504	1215.65885838	223.152773321	1832.489084130304	1141.9432027194453	25.8945822092	3.40097546798
107086	103	5387.97819209	1199.97459481	1167.6202536	111.154713367	1398.4848225767398	1090.7385978258055	24.1620583954	3.40112778441
107784	107	5400.81020212	1205.00995951	1110.68475287	228.760632242	1781.902258342025	1054.1811019668655	28.1119340943	3.40113244832
113541	108	5464.73172808	7394.33432454	1402.38657943	11142.0543439	31939.765119193413	1047.4573219630154	23.3415141453	3.40102030896
117870	109	5500.01782799	8015.21963198	1771.42565833	9758.018269	27844.253669650338	1072.7363000024334	24.7092722229	3.40099696168
119387	115	5518.49501514	1065.2529466	1068.22569563	15.3680497598	1086.3159282517868	1041.8561282000499	25.6173776818	3.40084003986
119581	117	5521.70125604	1075.00386674	1062.9871813	25.223048659	1113.502313787772	1047.2481995771186	23.3385119592	3.4009970821
118965	112	5530.24434805	1077.04008228	1072.98590557	29.2237319107	1138.4885719194704	1039.9055655790464	23.514910298	3.40078978469
119464	116	5532.99233317	1135.84622823	1133.81676371	45.7089885804	1213.2777487889728	1075.540243469881	23.5690086497	3.40109782513
119849	119	5542.52913499	1071.85404824	1060.85299403	30.6552997714	1132.6585596547045	1041.4010101627434	25.1155928063	3.40087386784
120000	120	5557.14289999	1182.32201504	1115.30073835	245.303775868	1870.1937017400628	1045.1365825628823	34.7013074454	3.40074503239
125949	122	6583.54532504	1155.82368264	1117.42884142	126.928148652	1493.7151551070428	1053.6833276663424	31.3571859986	3.44008414864
125293	121	6587.01944113	1048.50153895	1040.80339855	20.6389689654	1102.1722208441442	1030.9334275490464	28.4338751264	3.44058854281
126848	124	6597.62367797	1077.71091361	1076.98482041	15.8899831761	1109.5389923901075	1052.8922251414426	32.4091329482	3.44005331458
127274	126	6628.83919716	1092.17119352	1087.43456464	21.4513213429	1136.3252751638838	1060.9741480433206	31.2338110859	3.43994829455
134702	133	6757.76005816	1058.67807385	1052.33902162	16.3920929005	1091.2372198402536	1039.2522086836354	48.4660762939	3.43804784866
