steps	episodes	elapsed	mean	median	stdev	max	min	average_value	average_entropy
31750	11	4025.97588897	2198.07319468	2197.67303939	71.5123266207	2318.4323577054006	2083.299478856913	12.91279856	2.18988357436
31748	10	4029.92908192	2117.05477556	2114.49271319	21.4155947657	2154.0652992301116	2081.489131884152	12.9669136182	2.18989833597
31606	5	4031.2456789	2103.10543313	2097.85396956	43.6061010595	2188.4640870515473	2054.485694017901	12.9764998932	2.18987844769
31742	9	4033.80985808	2058.97549358	2059.86359542	6.89203844287	2066.7744685467987	2043.347069801954	12.9090584555	2.18988878017
31808	15	4033.97488689	2087.1541759	2077.0366315	41.2619796361	2169.6295372761624	2039.2312209718307	12.9131595362	2.18988901437
31704	8	4035.0247159	2152.8572559	2146.26101318	74.0354818671	2251.9397425649045	2057.263992696777	12.9267231229	2.18986535516
31892	23	4041.42751193	2128.51886004	2137.07131255	27.4752055326	2158.302410766545	2069.3863641721578	12.9254039606	2.1898752313
31801	14	4044.51916599	2069.53551809	2065.11363677	18.0838100779	2099.673425506011	2048.4892176855774	12.9029317674	2.1898872992
31896	24	4046.36343503	2097.98309206	2081.13881901	45.0831403733	2184.26369097516	2048.225879372445	12.9291118918	2.18989128571
31832	17	4047.51781487	2198.81068627	2196.48242969	89.4427621378	2338.3007125900144	2069.794776699695	12.862158418	2.18988036127
31768	12	4057.72668695	2133.02203736	2125.38715049	54.3719874692	2220.746221146979	2057.507337348043	12.9084053546	2.18988164756
31834	18	4063.20219207	2164.17573131	2125.00792747	101.15572341	2332.0737480729886	2048.559784686057	12.912873325	2.18989504804
31341	1	4066.73271203	2091.04110423	2087.38999077	27.9868492049	2130.568563504429	2052.684852231107	12.9434277097	2.18986551175
31931	26	4071.88539696	2127.95632981	2124.82153375	42.8624200205	2186.588468922458	2064.248077803925	12.9112839474	2.1899133125
31572	4	4078.66207409	2070.97790729	2066.50655529	13.1283606455	2091.34023199404	2055.171952585942	12.8864106629	2.1898830516
31836	19	4085.41694403	2125.46200754	2128.81312998	54.4884878941	2207.058528574013	2056.6616511469947	12.9452503094	2.1898928455
31884	22	4089.12925887	2114.09833947	2119.63955127	26.5165781452	2155.524647643361	2075.551103882762	12.8668883629	2.18991613732
31859	20	4090.45361805	2171.86775578	2171.86940189	68.6419460162	2283.3499277716555	2064.1367434521817	12.8754432234	2.18991884717
31776	13	4092.33174801	2096.30833841	2088.95346935	33.9194848467	2165.945081755254	2058.5844771597804	12.8750001448	2.18989411094
31657	6	4092.92661095	2162.74177177	2163.28574656	74.2266230785	2276.4564092612713	2059.13152708896	12.9379817785	2.1898869687
31999	31	4093.164433	2093.34322349	2080.57228463	28.8824756159	2145.090859996273	2059.413273394309	12.9048610116	2.18992328055
31528	3	4096.7520349	2060.0780781	2044.06009913	28.6820393915	2109.3563599483764	2035.942628061917	12.9840418657	2.18987996316
31662	7	4099.43605089	2049.81864971	2053.08981248	16.7015995485	2067.8350257120524	2012.3794802832554	12.9663262486	2.1898784802
31474	2	4101.53020096	2073.60202227	2075.7066754	13.7425044687	2092.0273265049764	2050.920140619774	12.9512140728	2.18987562816
31809	16	4107.49465799	2102.27124353	2112.1258957	24.3256431195	2126.6171474218213	2054.0777269999853	12.9291947901	2.18989476043
31883	21	4112.63768005	2134.56259369	2133.95287314	61.0377496367	2251.5941991643213	2069.731654883843	12.9257637067	2.18992424401
31908	25	4112.65781498	2101.76206371	2084.23882584	49.7118035168	2193.331872687856	2048.262647485535	12.8705477484	2.18992032818
32000	32	4129.00294209	2154.90781437	2166.17908542	47.0568592688	2209.211218879787	2071.440404522814	12.9138904958	2.18992620955
31975	28	4136.848665	2096.9725584	2085.58922859	41.5588264255	2188.009245233612	2049.1932269728545	12.9281280191	2.18993609348
31969	27	4146.98872805	2022.31392093	2013.72576052	25.2707670786	2053.46713746018	1986.7290745811854	12.8922900727	2.18993005862
31986	30	4147.30699897	2092.53483771	2081.26582169	35.9889494319	2164.2468361745564	2054.783143325493	12.8736824038	2.1899149835
31985	29	4161.43889308	2045.08491496	2044.18126614	18.6954184024	2085.230708263212	2021.019211759513	12.8666128367	2.18994996045
59528	34	8151.10953307	2145.70144042	2140.92455925	26.1697049596	2178.9141064037512	2112.513792523331	17.7734401558	2.99608197388
59843	38	8161.95654297	2205.15941391	2200.52054155	15.748160585	2241.0795868510763	2181.3956716257944	17.6879352891	2.99608298944
59761	37	8163.65642595	2020.3316694	2019.94830204	10.4168804622	2040.6084681299346	2008.2314388738764	17.6714963289	2.99609430228
59397	33	8163.98232102	2156.24491642	2144.89808267	81.5368836062	2306.7638647300264	2048.6657741454446	17.7066940591	2.99608118555
60492	39	8170.63805294	2084.1040687	2078.98441142	37.8579678975	2135.2594638085366	2031.225465440787	17.7259378971	2.99610363227
59757	36	8171.24760294	2224.00989021	2222.23203582	19.6297948783	2254.0385013623236	2197.1813918084354	17.6875376972	2.99608916599
60812	40	8177.99199605	2106.20435632	2108.73838118	12.8780443463	2122.898808453843	2079.9551228203673	17.6703901829	2.99611143863
60829	41	8189.0784409	2236.13891263	2207.45587959	86.6254727211	2370.6875413866896	2147.1562878014092	17.6742816912	2.99611242938
59653	35	8189.942348	2162.89271134	2161.46761985	29.7029483227	2217.9630354852725	2130.7870716494185	17.7252928961	2.99609412939
60892	42	8200.26790094	2147.75232357	2143.28872729	16.8579379612	2179.7884243904277	2129.95312071216	17.7126829353	2.99611385964
61610	44	8209.90573287	2189.98381992	2188.19936619	21.5290413876	2222.222429462641	2158.9843376519316	17.702256383	2.99613006744
61580	43	8216.58554292	2115.26298606	2119.43012094	29.9281304132	2150.292153014663	2074.4783973300155	17.7418753161	2.99612682053
62392	47	8227.75956702	2120.64904785	2112.20075831	47.4582054041	2183.7683197941033	2062.2765707563112	17.7009828808	2.9961630123
62000	45	8235.36868691	2308.9261738	2311.9281766	10.7568761235	2321.371006381579	2291.939917024849	17.7119947257	2.99614133759
63013	50	8236.96539807	2195.22424137	2193.80189797	21.5003716687	2228.9514644014275	2167.7953481453783	17.7260389471	2.99616854055
62216	46	8237.40551901	2077.7348423	2075.88142567	17.5402910181	2102.0161843848346	2045.9156606578952	17.6872485268	2.99615198842
63268	55	8244.386168	2343.40213402	2346.67403479	27.526300558	2382.96694377	2303.3993982206243	17.6646780643	2.99617919471
62959	49	8245.599612	2135.22288271	2130.30478512	19.8556945569	2175.1131301643013	2106.0252557054428	17.755281426	2.99617101505
62908	48	8248.09160805	2221.84916555	2220.41682791	26.2841445973	2267.7459278755696	2190.483450964014	17.6856375134	2.99617558531
63351	56	8255.49455404	2056.65112467	2054.89473305	11.6359302812	2075.0935843473308	2039.8800962741116	17.7237908993	2.99617804976
63252	54	8257.18891788	2073.36171046	2064.87079273	19.0820172296	2111.3707399154123	2050.422457178017	17.7303576603	2.99616846638
63194	52	8259.59598088	2086.11665556	2085.5927641	21.0374769652	2110.667920740872	2049.835898494998	17.7205102195	2.99617096468
63454	57	8259.80072188	2133.80501194	2127.32395003	34.1202859637	2183.448992248124	2083.76651969345	17.6542214955	2.99618790303
63127	51	8262.52252793	2157.42661797	2155.23655091	17.5972196368	2189.75270154854	2128.65241759248	17.642757744	2.99618694258
63548	58	8272.26733494	2235.59836884	2237.60536826	14.6196862433	2253.0347362531606	2212.015165394328	17.7288987545	2.9962122662
63213	53	8297.60010791	2149.02083464	2142.17528221	20.0134299363	2182.8128054798235	2127.8390735256153	17.6876873603	2.99619420084
63572	59	8311.47668695	2192.76773682	2203.56967431	33.6042713248	2238.456878898002	2137.054844526033	17.6085916426	2.99621226755
63767	60	8315.39537191	2288.26543075	2293.09714901	42.7489463596	2349.0772547975785	2217.4844798484237	17.6941011036	2.99623322655
63859	61	8326.77612805	2160.55141201	2161.8480179	17.8810313357	2188.5475570161384	2138.350368629107	17.701627992	2.99624473869
63962	63	8341.27214599	2021.18650003	2033.42312405	30.6279775919	2052.1888205747646	1974.5049138068032	17.6259017235	2.99625979298
63950	62	8342.03293204	2176.41949677	2165.40638854	46.6043758356	2273.691726701512	2110.2627805030324	17.6262614295	2.99625554175
64000	64	8391.66139507	2065.40950831	2070.17163178	24.4408015397	2094.640059532818	2033.8076414247791	17.6217104983	2.99628531462
87868	65	12285.732286	2172.1690927	2176.39546483	32.3549560741	2211.9842882414555	2127.701703622085	19.50555886	3.29279810127
89296	67	12314.8565469	2076.26230042	2074.26172451	14.86642721	2093.504925516995	2055.4280738000325	19.4379100746	3.29277725506
88979	66	12315.0627599	2199.42125119	2185.38857187	37.4318896405	2261.7604172888473	2159.265499221449	19.3943916907	3.29278204221
89890	70	12335.868645	2073.79895229	2071.03038361	19.8011148039	2096.5958009294077	2048.8955435655994	19.4509029321	3.29277740564
89524	68	12341.498348	2056.76261072	2062.31324096	17.4913169105	2084.222776848913	2030.5671331389726	19.35061473	3.29278406285
89837	69	12343.853096	2255.96693772	2263.75577933	39.8844713988	2310.8834570660215	2206.4721898685893	19.411792322	3.29276973076
90882	72	12354.266398	2104.37125035	2096.06188313	22.1486046557	2136.2456810915564	2079.7890210948917	19.3996015429	3.29275772874
90270	71	12354.8912029	2108.0110495	2114.89661159	23.5705217263	2135.869610848374	2067.6435900876622	19.3867472432	3.29277359964
91686	74	12364.4384689	2171.60113057	2169.83731935	24.1645947079	2204.072741007729	2130.2657227587033	19.4636440839	3.292762233
91382	73	12370.4488029	2146.68220534	2151.91656279	15.2973329135	2161.952570924319	2114.0598001681124	19.4352803614	3.29276469144
92631	76	12390.8987651	2046.27010774	2048.02259934	20.7503205418	2079.354332085813	2009.9728051374366	19.4477748215	3.29276599088
92237	75	12401.247915	2192.89418669	2198.51877283	14.8070189852	2210.016320486274	2161.765137947767	19.4482625819	3.29276475848
93509	78	12416.824208	2315.6988434	2312.26296145	41.3327967153	2374.597443204368	2246.637624944784	19.4478619219	3.29275906104
93200	77	12422.364099	2090.66456428	2085.71109763	26.8740197141	2141.5812872716992	2059.4807061446154	19.3875168228	3.29277135069
93751	80	12428.757097	2079.93230136	2081.58769699	16.1497119087	2107.877079826667	2058.069342102227	19.4182593183	3.29277671337
93746	79	12437.1764231	2195.37718468	2202.56694562	17.70755169	2214.205287960191	2164.5004137407586	19.5037296993	3.29277931129
93988	81	12441.0017591	2120.17125078	2117.83309553	20.0636800258	2150.6569267473515	2092.659151380273	19.4807849397	3.2927797194
94624	87	12459.467541	2137.87549513	2135.32641584	13.0482535035	2166.258753103529	2121.924362949817	19.3861283078	3.29278557278
94523	84	12461.2981899	2030.8304093	2038.13474206	22.6891778981	2056.5002069373436	1994.715014473074	19.438601738	3.29278844594
94183	82	12470.5772219	2495.71517442	2501.78093855	81.7690889922	2642.8743012048762	2367.1628861579024	19.3878557652	3.29278633489
94315	83	12472.486881	2269.55405942	2264.14671131	31.7703046676	2324.1819419880644	2227.8703896065904	19.4353923174	3.29278315412
94592	86	12475.3975921	2188.59588052	2186.59954881	22.0846427286	2219.1429269351192	2158.583937133116	19.3556591721	3.292792276
94644	88	12493.8979111	2006.29038933	1997.47727817	27.9829278048	2055.427889963357	1972.4991663540213	19.4203161995	3.29278594729
94536	85	12505.955972	2155.01573172	2157.17169937	15.651818892	2173.3349601841196	2128.244750641421	19.4615841296	3.29278450696
94943	89	12507.0547709	2258.71011817	2251.9783905	19.8553855156	2306.000404808049	2239.6671231305045	19.4429976085	3.29280553843
95308	90	12512.16468	2113.12314071	2112.74370448	22.2073276846	2160.212205900129	2083.9909576371824	19.4327005496	3.29280399443
95548	91	12513.740267	2179.06258945	2179.13732491	23.910667717	2221.1983452299364	2143.5938606366262	19.2964067228	3.29282125288
95647	92	12549.3039579	2306.51406617	2311.14445432	27.4779064931	2339.210157493002	2267.599138388825	19.4552758622	3.29283183677
95745	93	12558.524817	2165.98191288	2163.17536129	20.3002418509	2195.937552368002	2127.0302569667106	19.4398382061	3.29283834955
95866	94	12591.2054689	1971.92647707	1971.78098552	10.9998530156	1987.9350654991183	1951.4825642908124	19.3485901715	3.29285041833
95871	95	12616.9670861	2364.58770331	2338.99867771	56.8681471004	2492.1005027617844	2305.3570844436404	19.3376899343	3.29284607088
96000	96	12696.5546041	1969.94620721	1964.35164491	54.8420755833	2052.052843113562	1908.6270252570068	19.345439534	3.29288845187
114633	97	16389.73559	2188.02943679	2183.61429534	15.0687940736	2221.832615032645	2170.9015866504255	20.1685839286	3.40199704854
117016	99	16413.5046599	2279.55415012	2276.79762925	24.7487967317	2325.7714692773025	2247.278728121702	20.0434383991	3.40198805672
116931	98	16420.612159	2083.22830266	2081.0435416	10.422975355	2098.796407624033	2070.630934397103	20.120437577	3.40198631751
118572	100	16446.4586611	2039.46117128	2044.3373619	20.2892195711	2076.434132476191	2000.0821410508686	20.0933025347	3.40197999273
120396	105	16454.0735159	2168.54316921	2154.19511231	41.9721622022	2240.85648229439	2124.12346293305	20.1443406341	3.40197132634
119215	101	16465.014498	2298.51667315	2286.72490146	64.8151057459	2388.953638767585	2219.0025476233154	20.0843160494	3.40197925134
119762	103	16475.1130099	2089.60496327	2092.13589562	12.1927040789	2105.144755491247	2072.669965241429	20.064056793	3.40197382954
119866	104	16482.3547161	2134.47628562	2126.95053666	21.604526372	2167.193677155352	2109.419042975332	20.0623149149	3.40197891046
120740	106	16487.9869199	2188.39425032	2191.08979381	15.3209342451	2204.3320210661	2152.5983793713917	20.0948891847	3.40197246109
123387	109	16531.118536	2224.46646043	2223.1649565	12.9692718343	2252.4713075653285	2205.3267312252747	20.1188868285	3.40197221984
122467	108	16534.8922899	2163.43230946	2163.26116233	17.9186516054	2195.251466555188	2135.2648144152777	20.1296656825	3.40197160638
119424	102	16575.8330319	2102.18196213	2107.25399085	39.3646674828	2151.5551492974287	2051.0297417257625	20.0050485796	3.40198348419
124470	112	16578.335444	2192.39756802	2183.71435084	32.0522384108	2243.1120300745774	2154.661597610272	20.1416654656	3.40198119586
125204	114	16608.6091349	2129.00427972	2122.48397879	18.0593047819	2168.002693298302	2110.804211184542	20.0564007618	3.40198605506
122152	107	16625.431339	1994.65745337	1996.96669476	13.4858190862	2011.2916266744667	1978.4835076273855	20.0710660302	3.4019774881
126683	121	16654.535434	2162.20053524	2162.72883214	19.2480255288	2183.786380716095	2133.9102711396204	19.8965750226	3.4020120492
124161	111	16670.1496861	2058.53099351	2055.78587139	13.4551861796	2079.653088424255	2033.3469072445967	20.0482942896	3.40198101505
123769	110	16675.406657	2210.53356377	2216.76618606	46.7337812579	2270.8747777191334	2146.5951606257213	20.0633219533	3.40197656072
126668	120	16682.798049	2068.65662846	2062.21035494	38.3518613472	2116.1554250473127	2022.1409004934221	20.071337405	3.4020018623
124622	113	16683.337986	2189.94189925	2188.41213873	21.6882959555	2222.384609398717	2158.2854882501283	20.1883874992	3.40198047281
125464	115	16704.122736	2003.77009132	2001.65520016	20.4232868474	2034.4287032163552	1975.2561368186223	20.0469900631	3.40198826503
125815	116	16718.279547	2360.43878435	2360.08965026	56.1191657531	2430.212531440015	2275.1291402754096	20.0836301495	3.40198755324
125881	117	16727.497216	2204.62704884	2210.14019832	16.4167141446	2222.848626530564	2177.730449102721	19.9810454821	3.40199073281
125910	118	16733.3706739	2606.83271756	2600.66567533	32.2065783083	2666.6856077519733	2570.561499519731	20.0416663465	3.40198885197
126390	119	16760.282253	1998.02430015	1993.65228598	18.4311751903	2023.0514262599124	1971.1898657583747	20.064895068	3.40199326806
126699	122	16765.7033319	2257.88730136	2262.75643368	40.3573340297	2310.062706118113	2174.5981765407582	20.1219348788	3.4019949293
126741	123	16795.9115739	2408.27772339	2405.0252044	62.7989235025	2519.219147373616	2327.210743954963	20.0593248483	3.40200426302
127330	124	16833.495985	2259.47559183	2253.15757893	32.6290796938	2314.52705675099	2220.6831715427948	20.0884894935	3.40202810509
127429	125	16850.5192349	2262.10154855	2254.29053045	33.1216928516	2312.282393251975	2220.8688039917197	20.0609447073	3.40203436742
127677	126	16889.943486	1957.59122708	1958.16369008	12.0497243085	1973.7427127555152	1938.8620810198024	20.0136100641	3.40205312751
127803	127	16911.5125489	2455.6712751	2450.32673036	34.996619637	2524.9543661738744	2412.070535987365	19.9444286171	3.40206334642
128000	128	17010.8059571	1942.71242959	1943.13386087	23.1824682013	1980.7974130234813	1911.7268062785713	19.9360522229	3.40210968077
140451	129	20478.925838	2130.03062562	2122.72485526	27.3368959944	2176.460473705542	2102.0787630847462	20.4890831788	3.44225716274
142496	131	20532.9753489	2079.2774705	2067.64373108	33.0901386279	2129.3752436090253	2033.518331869725	20.4394409238	3.44224807827
141965	130	20540.644861	2229.07091944	2220.73688683	18.7334403839	2264.6324603857693	2209.3299954566655	20.34736303	3.44224991085
144693	133	20549.8848619	2264.90468236	2259.81508344	21.8632765088	2323.04315140265	2244.7399655508448	20.4838484788	3.44223759872
144462	132	20564.7076399	2019.85053299	2016.22463483	14.2015092236	2050.7524660916124	2001.2096772532113	20.3853796728	3.44224050619
145482	134	20584.083204	2333.63925066	2340.22046528	36.6781065282	2391.5359591286397	2278.318639842022	20.3571844389	3.4422395228
146217	135	20596.7048669	2072.25930915	2068.62945497	38.0380887683	2124.0712424286025	2021.389832256201	20.3455429904	3.44223355883
146806	137	20612.525739	2195.73257856	2194.13695252	18.6969523701	2225.344859623034	2172.7902829084082	20.3497367651	3.44223109023
146677	136	20632.9776039	2182.35329023	2185.14190613	21.8673397717	2208.090772983661	2140.033477444969	20.4040357824	3.44222900647
149175	138	20665.1131871	2204.02922648	2210.88079274	43.924827588	2256.659591326933	2132.478644213346	20.4112418475	3.44222342039
149290	139	20676.964443	2240.64712367	2227.96331857	34.3785961259	2299.511649863145	2199.5066049911156	20.4380785289	3.4422215143
151552	141	20719.8926301	2307.95905856	2302.6315451	48.8737517652	2414.0527536028026	2242.373737613025	20.4332519541	3.44222248234
151443	140	20758.233608	2079.60238782	2077.82736595	35.1957047929	2137.6008793361984	2028.8922861087513	20.2695969972	3.44222343881
152923	142	20758.536922	2221.96449234	2213.57966973	34.4076417241	2289.388792525404	2180.3362996408496	20.3593138295	3.44222059974
154819	144	20792.371444	2117.84153261	2117.76224307	10.2404471985	2132.053047387255	2096.263911905271	20.1539064742	3.44223086431
153649	143	20822.3144739	2015.93748677	2018.74422146	18.6580807937	2043.7090608280175	1988.064310643536	20.3672709678	3.44221689282
155365	145	20880.220629	2069.67698493	2065.00002042	24.8083722908	2113.0306329064306	2039.8356062229363	20.2998985861	3.44222121798
155970	147	20883.226151	2054.92383558	2056.32599855	17.6839023574	2075.157417377629	2028.0023211470384	20.3396386475	3.44222862918
156001	148	20905.6170919	2191.11909151	2188.48197874	16.3806357644	2215.810912137512	2170.1283372577436	20.4819711685	3.44221870847
155776	146	20911.1396749	2350.51300097	2347.86784609	63.404218159	2430.151863511826	2280.526515775728	20.3481897794	3.44221633294
156799	149	20914.0332599	1935.10457679	1934.66285849	19.7617505581	1970.0172649430594	1910.4305083028205	20.2879634595	3.44222529257
157500	152	20934.8782001	2550.7355723	2574.72236843	52.557286338	2607.3114149814164	2471.164584166401	20.2873026353	3.44223249878
157038	150	20940.357749	2415.16411064	2412.93449009	24.4105184983	2462.465219407969	2385.041096454865	20.3350851582	3.44222528048
157310	151	20951.585717	2287.51730285	2295.98739028	28.6427897514	2328.3015499807366	2234.3523629321307	20.2328378641	3.44222643065
158021	153	20987.166065	1990.48546494	1990.34942632	22.2304868706	2032.4304319666787	1962.4208968724918	20.3071318716	3.4422350073
158111	154	20987.2559359	2314.6987768	2325.54960027	29.6387269421	2346.9506630082137	2261.9808616244004	20.3868296199	3.44223521937
158629	155	21029.56126	2657.04562831	2648.80399216	43.2364129568	2750.3134272119814	2615.627050135459	20.2994709812	3.44224673341
159342	157	21093.131851	2376.3051612	2385.94159752	52.6858604505	2450.878423874888	2297.8826856660075	20.2774734309	3.44226330115
159143	156	21095.86096	2380.16905255	2376.48014806	25.4640963804	2423.9839016327114	2352.8536872250274	20.3129421067	3.44226035437
159632	158	21162.033746	1980.61355443	1980.53259815	7.58493789961	1992.9266111516479	1968.7128587182829	20.2804638798	3.44227823886
159744	159	21178.0979779	2404.4738454	2399.24668963	26.8212364038	2437.6973528188887	2363.8731779295413	20.1824321327	3.4422855134
160000	160	21296.786062	1987.94975411	1987.67985256	18.0759144589	2017.8341446339552	1958.0650233183756	20.1770688443	3.44231302473
169149	161	24566.780246	2112.20683658	2113.96662967	15.0920716555	2131.2755675475573	2085.082023717221	20.6750432462	3.45707925703
171797	163	24614.5712631	2292.97225309	2296.29664148	35.3865734132	2338.6904615131593	2219.434584403789	20.4997657126	3.45707645938
172366	164	24634.9594519	2329.71680899	2322.11752515	32.6558118891	2381.54436227308	2284.1036787882194	20.6729956684	3.45707118709
171631	162	24651.7231269	2105.35984576	2104.55013546	16.3038858353	2130.5253970489725	2080.349951025819	20.633619578	3.45707463027
173069	165	24659.209162	2096.3209965	2101.41992161	14.8379786515	2115.3184283200962	2069.8848155878113	20.5544793124	3.45707185983
174481	167	24669.832921	2028.58963227	2024.96994793	13.63809481	2052.7242739046674	2013.6976088946858	20.5032314119	3.45706863458
174028	166	24687.813194	2305.19703343	2305.87505216	15.1281020199	2328.5942933695915	2278.4029178924675	20.4924804979	3.4570707527
175432	168	24699.2426801	2201.75546682	2195.81493793	21.6098955971	2238.0010140448553	2175.485702975722	20.527604359	3.45706714792
176410	169	24762.8260469	2225.36307418	2224.26039714	13.7205265145	2246.97384060539	2203.1253848785896	20.5916897192	3.45706467211
177833	170	24773.0062499	2092.06592293	2088.76573497	23.4740199176	2137.745651817482	2059.0920639184683	20.6094928636	3.45706310868
178419	171	24818.2151151	2249.34675905	2256.55027238	21.5323527507	2281.2498108710615	2208.865912463827	20.643063696	3.45706355298
180266	172	24837.29671	2382.27540336	2380.75946936	35.8510458382	2439.6606050904907	2328.170078787131	20.5873229372	3.45706416651
181881	174	24877.858134	2280.43606744	2284.24670467	25.6804860562	2314.204681544333	2240.676737294798	20.5200377757	3.45706389935
183373	175	24912.8244441	2033.17333078	2040.87924987	35.1179251302	2073.5019248867343	1976.8111232079557	20.2957298615	3.45707040525
181813	173	24973.948976	2156.81251388	2151.39735178	20.977802259	2196.125074271019	2132.2718697454725	20.3607172832	3.45706530769
186634	177	24995.5086839	2059.35595409	2059.09353746	15.002208746	2084.266141491663	2040.721360924791	20.4877370528	3.45706588794
184480	176	25021.066736	1975.75057221	1972.00991964	13.9972317004	1997.4868159874286	1960.936589135241	20.5635224104	3.45706384825
186756	178	25110.1423719	2089.77444246	2088.3738764	14.3853885048	2116.4805605596753	2071.0962304522654	20.430271412	3.45706634834
187886	181	25142.728642	1913.74946666	1923.62892447	21.3029338955	1934.5461355926425	1872.4920549203525	20.4087509078	3.45706603463
187657	179	25143.88165	2202.5194405	2202.48661643	32.9853475531	2249.8059572371885	2166.4821319603225	20.6250426395	3.45706433273
187861	180	25144.923908	2476.09623082	2464.83887825	36.8520271655	2551.270193147739	2435.492291991602	20.4663042505	3.45706207941
188348	182	25184.62661	2629.24333331	2613.25218365	56.246741211	2720.287699110316	2527.7717560108886	20.4285701426	3.4570693707
188815	184	25187.9702051	2239.52757543	2234.12883859	17.0244486323	2264.836798746997	2222.2567666796763	20.3494599715	3.45706716644
188532	183	25189.3435769	2534.64249465	2540.0279635	52.4679274102	2603.852452721437	2458.316302702919	20.4539845897	3.45706520597
189551	185	25214.882453	2015.9794418	2009.71613364	15.5950328758	2044.805495199613	2000.7967292570327	20.3791370467	3.45707055964
189580	186	25230.8020089	2415.1788581	2417.14167868	31.9343496048	2464.366489817885	2366.1406328533553	20.5449102682	3.45707035583
190271	187	25340.984097	2558.87876208	2556.43325972	42.8768789744	2618.6020253161278	2496.590587190796	20.4016988329	3.45707563582
191126	189	25383.999948	2401.1229526	2387.41912976	52.8195246316	2479.9010954866226	2345.282338304255	20.3797205928	3.45708189757
191116	188	25388.959393	2461.65353832	2457.1492025	35.6820111928	2520.798929903833	2414.9746279073233	20.4184979909	3.45708388406
191625	190	25433.4807861	1960.76965629	1958.4639284	8.80250674373	1978.0319078242187	1947.5626770222	20.3784447827	3.45708961074
191707	191	25453.1996889	2372.31155918	2374.48619844	31.6107958795	2417.0831048120854	2323.074384977083	20.2666546725	3.45709187255
192000	192	25564.5150459	2061.32586001	2067.75141391	14.7469019951	2073.4758991305025	2028.376027247327	20.2591651941	3.45710344358
200163	193	28624.068536	2085.04065252	2092.42424665	19.5525489678	2108.532241997119	2052.3352132675677	20.8106602405	3.46252779391
202537	195	28703.201968	2253.42406359	2255.85473013	34.340273159	2305.9156431124175	2201.780911209761	20.8099276056	3.46252232937
203771	198	28718.2881651	1998.53640969	1991.76797415	16.0866847215	2034.4602034380036	1981.499296044069	20.617432897	3.46251744222
201838	194	28719.5479181	2236.39893045	2238.50286194	27.8176994407	2275.118854635019	2188.0550216765673	20.6135355836	3.46252561278
203228	196	28752.0531039	2095.57146701	2095.85602777	9.18807725829	2113.3940480942406	2084.0160168791535	20.7381827596	3.46252313081
203485	197	28769.6013539	2180.91693388	2186.42808173	46.6026198952	2229.661674461589	2106.4916686918095	20.6751589779	3.46252026566
204375	199	28802.3153429	2386.75621047	2376.11670307	43.3966789763	2448.7252161881506	2327.936998771607	20.5507477368	3.46251850927
204647	200	28804.2454319	2212.00550262	2212.08802788	23.326790974	2246.516263690998	2178.74667582585	20.6602217254	3.46251480537
206274	201	28870.621799	2266.30882329	2263.47514957	22.1787303273	2297.811880199208	2234.709097169444	20.7357166609	3.46251065148
206604	202	28880.2421069	2113.36842525	2109.10788457	17.5434054571	2147.878954592996	2090.9640194746607	20.8042672302	3.46250917241
208080	203	28892.4472899	2275.9788425	2291.04279792	34.5861699561	2306.8924889685477	2216.8284835709437	20.7754850422	3.46250997566
208809	204	28933.170891	2454.58269519	2451.19280713	22.9251234426	2485.657433548206	2408.4110385798267	20.7234274712	3.46250790915
210152	205	29001.4653821	2438.28149433	2438.81178189	44.8934269497	2489.468075341829	2379.105486336156	20.6556805973	3.46251000451
211348	206	29046.2651069	1960.38380835	1949.35508093	28.0343851783	2009.3412441541084	1926.5550383863851	20.426595931	3.46251522893
214069	208	29072.8841019	2095.5193949	2095.26340894	31.227712575	2143.682538213409	2044.9537559233816	20.6338015327	3.46251808163
213207	207	29224.2888319	2167.55466866	2172.55014392	21.3501338271	2201.547478908796	2137.0786338987687	20.4439607011	3.46251471218
214838	209	29290.1916161	2018.44514698	2017.52866098	21.5378793785	2056.8732728862547	1974.216763777556	20.6762956944	3.46251746871
217776	210	29357.9747009	2067.95024013	2060.53356621	25.3356975653	2111.6038833750367	2029.8956955761696	20.4848741781	3.46252216523
219064	213	29393.977248	2574.71919969	2577.850116	19.0222462181	2599.0951848166296	2537.3421650897635	20.4901089568	3.4625252689
218939	212	29400.1437781	1849.61913097	1850.20283032	13.6813359593	1876.62905482784	1831.0606968508796	20.4730965565	3.46252677494
218915	211	29433.113945	2224.36902392	2226.04655894	9.95284072389	2239.162100819319	2211.3754611825725	20.6744770625	3.46252426045
220131	215	29445.274282	2303.12699514	2314.62934532	26.864995307	2337.542821613426	2258.427167072259	20.3774497253	3.46252688378
219999	214	29454.9494269	2866.400167	2879.76733613	77.341124036	2970.6462883606996	2753.8981165503237	20.4815732	3.4625290266
220139	216	29471.4983821	2528.27663094	2524.49827139	28.8331663844	2570.523636137721	2494.569029865013	20.5046444251	3.46252761518
220691	217	29472.732414	2033.87341193	2026.01929594	25.5980517321	2083.7177864265996	2002.5619126888048	20.4020820791	3.46253152164
220935	218	29512.560976	2433.62994468	2435.76948347	14.1669736404	2451.2768095871647	2414.0948106983788	20.5962014356	3.46253097751
223210	220	29656.4795971	2321.14479283	2316.48144419	18.7552386116	2350.3875910271768	2296.526344160439	20.4359980025	3.46253611679
222708	219	29657.768369	2698.34065809	2706.77752596	60.7288793031	2779.37359960517	2588.3908686941472	20.4536946602	3.46253430344
223243	221	29671.7042179	2440.06583452	2442.61198928	39.6501544048	2494.0734722160823	2380.536630655774	20.4426956099	3.46253627571
223602	222	29724.167099	1939.02151047	1935.50291532	16.4264652017	1965.8887717002362	1913.4573150731853	20.4741687657	3.46254056787
223744	223	29754.3331299	2595.44769552	2620.03406065	66.030966327	2661.47230885491	2436.2281395996424	20.3261533927	3.46254184301
224000	224	29902.7564359	2031.28797554	2030.62378569	9.19795186788	2052.5362424809005	2021.1806051810458	20.4231003015	3.4625482625
230652	225	32736.860826	2162.82768038	2160.22717714	35.2530506888	2215.3812655788747	2116.6450193168216	20.9210127483	3.46453961565
233850	227	32850.7228479	1986.14497923	1983.22730442	14.0472938254	2014.1559992569391	1965.185351478755	20.6778183446	3.46453131857
233383	226	32855.9881899	2262.19135728	2268.46060049	20.0012443947	2286.0357490848405	2225.378785933492	20.8594288884	3.4645348822
234009	228	32873.7043331	2252.52404593	2254.72429911	13.3370900537	2269.125571546975	2228.434512354592	20.6507279442	3.46453520721
234849	229	32883.3500459	2062.14734601	2058.98524988	26.1661059109	2107.619591194272	2023.145785785963	20.7759883192	3.46453372444
235351	230	32923.7475719	2210.73301892	2214.08317636	16.2995770376	2236.990209868293	2188.17144731734	20.7527880917	3.46453240764
236197	232	32952.838342	2235.70673735	2225.03619607	36.8770546063	2291.675782220987	2183.5124678285424	20.7241079681	3.46452826198
236160	231	32963.4908469	2512.72961645	2505.52975866	70.8031996841	2612.01615224053	2425.768214489203	20.5931114412	3.46452948011
237435	233	33006.196954	2273.53508621	2268.53827627	33.6851953913	2323.5301752496393	2218.5681039970136	20.8301678199	3.46452305439
237608	234	33045.3286331	2247.5065859	2264.18670576	37.9241631028	2277.438662446514	2163.6353478658166	20.8949104195	3.46452078692
237847	235	33056.7734089	2229.42823679	2224.16323038	20.2867161435	2266.0813911014684	2206.0611074932094	20.8920551192	3.46452235402
238438	236	33104.353024	2437.04732282	2437.32737359	21.8655689856	2467.667283553777	2386.858935068772	20.7900597946	3.46451928473
239331	237	33176.4245811	2502.17609375	2488.08179556	43.133553584	2593.0625673456084	2459.801586999894	20.7677080631	3.46452184384
240150	238	33238.9554589	2003.8112856	2009.02446019	53.7329838651	2067.530437187176	1930.1412886093797	20.5096134214	3.46452429979
240595	239	33242.5890241	2158.55364159	2156.59998447	17.9582175368	2190.529371869254	2135.0488936349693	20.7372422574	3.46452406469
244927	240	33455.744535	2117.08844303	2115.86349019	19.1918366677	2153.181981298903	2091.447249842435	20.4766333176	3.4645245747
246804	241	33541.5096679	2017.78185251	2006.64432384	28.1567643278	2072.7087249131478	1982.2350948915018	20.6856959685	3.46452793901
248881	242	33588.4158061	2033.25230085	2027.82488245	14.2507011899	2058.5653651687617	2016.9388527269443	20.4998160121	3.46453357269
250218	243	33643.5755219	2432.01581443	2410.98409714	47.6367514675	2525.2671975046014	2379.071119369087	20.5366843501	3.46453451149
250297	244	33648.156919	1888.78734915	1889.79943641	9.3413386808	1901.2336058413757	1874.1226615923292	20.5197172027	3.46453534668
251226	245	33667.1087451	2167.14728118	2171.54706112	28.2345514447	2204.1486133933536	2105.8235761855026	20.6980472437	3.46453486867
251784	247	33691.934598	2867.68155051	2868.48669214	28.3712406878	2918.28031285977	2818.94412082716	20.499362573	3.46453611409
251519	246	33697.003607	2251.46920797	2235.66915564	39.9632488815	2316.3596268757624	2210.7028896136776	20.4205232571	3.46453440082
252112	249	33726.4449139	2085.10887008	2088.01959513	18.6258702667	2110.3981525198437	2053.1423480628096	20.4367260587	3.46453733467
252094	248	33734.6396921	2544.85926739	2534.87238144	37.9312043369	2618.81834081802	2491.445205357901	20.5087558423	3.46453300156
252740	250	33769.8938711	2554.804015	2553.79603435	61.8165752979	2638.9710068017976	2473.332559020092	20.6444740593	3.46453726423
254976	251	33929.2480049	2417.3504128	2422.68119979	57.3587390175	2495.399137800471	2316.09732169701	20.4454084024	3.46453734341
254988	252	33940.3185029	2793.88227485	2788.83520959	52.5939955611	2887.591707818311	2713.800659960884	20.4932200039	3.46454003216
255070	253	33948.3106589	2506.48933374	2507.92268251	29.4089053935	2560.534014698768	2457.6175872340364	20.4474008838	3.46453844013
255476	254	34015.726002	1972.74385518	1985.23059303	28.4653533872	2007.4556578701622	1930.7578021095735	20.5578364561	3.46454109844
255640	255	34052.109483	2693.9612303	2678.47147891	71.0584738558	2819.4479209677966	2603.194704201693	20.3834794363	3.46454190717
256000	256	34216.5176921	2042.62278736	2048.37956277	23.6356768794	2078.813128103074	2005.5561512486634	20.7149175842	3.46454445556
261682	257	36823.421391	2184.71231195	2184.40803043	24.7805586477	2216.374044777105	2149.284029656237	21.0114322292	3.46526666692
265055	258	36933.6652629	2056.27270372	2055.63497276	40.2674668442	2117.464301575263	1997.251843810975	20.6920875436	3.46526143248
265202	259	36961.1536911	2150.70894807	2122.41176254	54.8767150831	2251.7255335914847	2104.8788317755134	20.843688562	3.46526275771
265839	260	36965.32025	2253.33219066	2253.1237363	19.5310805327	2280.0782447745246	2232.8988713766666	20.6296462037	3.46526063276
266088	261	36988.692842	2062.07980591	2053.51695289	26.0579302221	2094.140269369616	2020.854755982411	20.7624478622	3.46525987463
267116	262	37012.4021981	2140.60501796	2140.19770709	25.8688300933	2190.903265550781	2103.6418514137163	20.7624904582	3.46525877846
267868	263	37052.1068799	2182.03801693	2181.56052947	48.2667642429	2243.295534061155	2113.4197292162485	20.7112270469	3.46525549659
268000	264	37058.9460969	2517.21356101	2520.74453745	27.2552719276	2563.725677026567	2478.0373805245727	20.5763587639	3.46525449423
268887	265	37103.8112381	2267.19851265	2266.95637556	13.7955487038	2300.495126794682	2245.7249459238105	20.8359183282	3.46524642224
269458	266	37153.039763	2355.81110499	2366.27531718	50.0956623681	2420.0364963316224	2286.9493657645103	20.8662851677	3.46524061001
269536	267	37162.0471659	2224.38138354	2224.44261024	22.5217703399	2263.246662051429	2198.4405697588813	20.895767227	3.46524133341
270156	268	37233.0303659	2393.7000789	2391.65013311	16.3065088369	2426.7412800720567	2367.8630363922143	20.7367862023	3.46524264569
270985	269	37303.926476	2567.69051189	2561.31479078	27.9599612477	2615.312751216044	2534.110314358905	20.7516302657	3.46524920866
271795	271	37379.8523741	2162.0654573	2161.00570901	26.95467156	2193.8234855841333	2115.924601153537	20.7704339018	3.46524800527
271783	270	37386.892849	2121.13168798	2132.57007829	32.0715326909	2156.022005961005	2063.9443941984277	20.5250424666	3.46525552669
276556	272	37728.8525329	2208.40197108	2216.24498589	41.711485412	2270.456606352485	2155.190915197224	20.4974103512	3.46526408943
278552	273	37800.1245649	1979.24875509	1979.99956306	21.0867281302	2003.182557804466	1954.2583116624355	20.7121287681	3.46526774393
280075	274	37872.4752779	2012.33707399	2018.99202743	30.6189092348	2051.802219133139	1969.129933745003	20.5367544501	3.46527258635
282254	277	37927.4654949	2101.55655477	2098.8101403	18.8329181313	2132.9079711300624	2078.0015591640094	20.7334352784	3.46527439525
281778	275	37933.0267649	1887.02353626	1888.48001912	7.9467759085	1898.4435624238006	1876.0414861753395	20.5902059132	3.46527402345
281803	276	37945.451823	2545.29813898	2565.23789943	72.5396173169	2636.216584966485	2412.251766183204	20.588488603	3.46527482525
282976	278	37970.2387331	3000.51095608	2978.7693355	137.155807449	3175.977625669005	2819.643652466439	20.5685549054	3.46527497831
283004	279	37973.0187011	2229.24158542	2219.03408766	31.4564803654	2291.625480950289	2192.5813445556323	20.5101316862	3.46527458809
283654	280	38020.493274	2145.19893358	2149.39129258	31.4324080123	2183.2927656312645	2088.5526220490146	20.4850611819	3.46527620031
283869	281	38042.0685041	2566.87805441	2562.04885644	50.2832139733	2642.663093027978	2499.1827066055203	20.5644683011	3.46527242294
284349	282	38070.386055	2670.31642353	2659.8688179	30.3397695122	2735.995316665171	2635.456256301497	20.7083869786	3.46527584958
286786	284	38243.9774671	3023.12585193	3039.12167133	56.6097145445	3080.129810318086	2887.9314403570465	20.5355156934	3.46527504702
286684	283	38258.488483	2438.50661898	2426.75131833	60.6248810481	2522.807936121262	2371.93978728713	20.4966241367	3.46527657694
286917	285	38267.0842619	2541.17174776	2533.48914943	81.3012507734	2663.7718312634183	2428.31400607242	20.4784877158	3.46527368844
287400	286	38302.149075	2036.5768277	2031.79062353	41.1380630615	2088.478273432685	1976.7044834264982	20.6566967287	3.465269426
287581	287	38357.3576779	2940.65789361	2936.87914115	82.2225114706	3102.13846817837	2832.725871679441	20.4691211339	3.46527206679
288000	288	38552.4400561	2085.0066103	2085.51121825	10.9503181768	2101.4672816507305	2062.8106187088138	20.8468867025	3.46526383122
293166	289	40910.1084991	2154.22917371	2152.55661468	7.9770210087	2171.9460257753085	2143.5557160090684	21.0455860965	3.46553096403
296215	290	41033.2505519	2084.6801831	2085.13064936	17.6548827516	2111.0733137339007	2058.722233776309	20.6888814228	3.46552879588
297094	291	41081.4188449	2145.52087739	2142.13641648	19.8362522221	2178.981031313894	2123.320574203765	20.8139370619	3.46553108124
297330	292	41127.093998	2252.73702664	2255.96932304	14.430857668	2274.5549194165033	2231.1275472862376	20.608523325	3.4655296533
297908	293	41135.364614	2086.27327254	2093.28215863	21.8153589034	2118.1168288931412	2047.9077052859425	20.7783592763	3.4655307525
298419	294	41144.180558	2090.60682745	2094.57240631	14.9734915484	2108.130396626363	2058.9237570386135	20.7878450617	3.46553186184
299356	295	41198.8536329	2076.01802477	2074.51938103	32.5510041553	2135.1840082708513	2028.0087310370045	20.7438743907	3.46553050567
299531	296	41208.620769	2393.0486233	2411.12494178	51.068428396	2456.168320639349	2314.5552901380356	20.5934728086	3.46552955786
300384	297	41269.701417	2234.51079128	2230.05018022	34.2059279787	2303.606185830555	2197.4129034597668	20.9119325275	3.46553117446
301159	298	41322.9036901	2451.91498897	2450.78132618	12.0549302295	2475.6889927966995	2438.379572465653	20.9011795702	3.46552421914
301307	299	41338.322505	2242.46291132	2237.52929621	23.7547802846	2282.4630944346272	2208.444996755938	20.9341208607	3.46552635532
302025	300	41379.7391789	2348.97131845	2353.31582641	25.5941416504	2385.078987274707	2305.356798308091	20.7757844209	3.4655256341
302579	301	41448.099725	2622.78898581	2628.17247121	32.0591063492	2659.980728060439	2559.8756469779064	20.8008108883	3.46552520936
303063	302	41510.618772	2123.14109737	2123.60251664	25.2427211363	2164.9439750643633	2083.236135461042	20.8195469192	3.46552927874
303101	303	41568.2857509	2158.78896292	2157.30885792	35.8509568713	2209.5246578447554	2112.214762167985	20.5979336276	3.46552738433
308146	304	41916.21134	2291.98214308	2288.87304388	20.1727431881	2324.78760922413	2266.977619613014	20.5457815278	3.4655398649
309864	305	41983.4300201	1980.67569478	1977.33977552	13.7227328446	2013.3782392442886	1965.6151241378238	20.7750673981	3.4655419354
311671	306	42087.093725	2023.7965032	2029.19012575	31.6999018745	2060.994644654112	1977.1351494898395	20.5526085301	3.46554405621
313291	307	42091.287307	2134.16711071	2134.95674448	21.2500362335	2166.31917902831	2098.133348145719	20.7520933309	3.46554696289
313393	308	42108.067215	1873.93045716	1872.79985504	15.098368324	1897.7807195435837	1849.863662766853	20.5970897026	3.46554714505
313740	309	42120.286279	2692.54067348	2701.73629063	20.7526724185	2710.9561237901503	2649.3806182142216	20.6008198863	3.4655479707
314410	311	42168.734391	2262.40436486	2272.53870827	48.7165123247	2322.4747326805164	2191.908066224121	20.5802604932	3.46554684912
314405	310	42177.9506159	2902.33015257	2890.57661161	137.363234749	3113.5710622924275	2710.7631762082638	20.6288851391	3.46554849387
315415	312	42221.3033459	2345.97513301	2368.54761688	58.4717747304	2395.745675797775	2223.9247788783805	20.5398428164	3.46554850816
315803	313	42232.9797931	2548.63724373	2552.62550362	19.3589584664	2578.1355173355296	2510.4853946937583	20.6100298542	3.46554514423
316195	314	42287.1493189	2621.98624022	2616.43521397	35.3198301489	2670.494679623408	2561.871494600302	20.7507751095	3.46554844474
318964	317	42478.300523	2663.5274726	2648.61812874	40.841537287	2726.1840702394065	2619.334134925223	20.489502077	3.465549245
318895	316	42498.306231	2473.22419997	2479.79993524	20.7297661357	2506.393498418304	2447.075020331447	20.5306797807	3.46554821896
318738	315	42498.737541	3004.41350122	3003.91477325	47.0379367647	3078.8821037277785	2930.095604103392	20.5366138579	3.46554781508
319217	318	42522.3944869	2047.47444212	2045.55746471	18.8167787968	2086.9967504433635	2021.8564038126624	20.6916671676	3.46554602121
319500	319	42606.3109751	3127.7501715	3144.7580438	84.3025354982	3227.0527192397676	2981.7477864830494	20.5439276722	3.4655459256
320000	320	42802.2100849	2049.99193866	2050.26752326	16.6192725056	2082.1859734681398	2027.8650060339546	20.8865151554	3.46554240854
324034	321	44982.871516	2117.54378722	2113.23814409	33.2714103605	2168.808976440986	2070.6984225183814	21.0977864592	3.46564103585
327135	322	45081.844542	2094.1930137	2093.92957427	14.2114633275	2112.7807583807958	2066.9209272123835	20.6953704531	3.46563597671
328405	323	45167.795845	2127.5942924	2123.95157571	37.7515186601	2182.8569839065804	2089.485084933375	20.7915043535	3.4656322087
330038	326	45198.7000461	2078.20531799	2080.0868513	34.2451281381	2121.7426486321506	2026.9224982257372	20.8071782902	3.46563152691
329745	324	45227.387629	2189.76820746	2188.48707646	16.6711140763	2217.4990930759895	2168.9319363602535	20.6378508305	3.46563043285
329910	325	45231.5429389	2098.51682686	2107.98192145	19.8505457872	2121.679167184974	2069.088054414348	20.7935070773	3.46563011347
331243	327	45285.8686781	2034.81766081	2039.06885362	20.0833466918	2058.1202211981213	2000.190161362156	20.7908596315	3.46562818929
331384	328	45301.1209891	2284.80700869	2282.29606549	20.5986474093	2334.2504655390594	2259.1348170637557	20.6072659057	3.46562494732
332509	329	45359.3058939	2223.1692364	2225.18898853	14.1202869465	2244.6209293572765	2202.755630208649	20.9953660035	3.4656275325
333542	331	45393.624382	2270.86703152	2261.17990158	22.0086938195	2306.3414211954932	2247.7455669757032	20.9426438964	3.46562455178
333372	330	45436.28667	2628.29894568	2645.87921121	106.926943853	2773.843616708992	2477.6042958869166	20.9354515679	3.46562578262
334017	332	45463.0332389	2319.34123034	2318.17293369	14.1917194246	2347.5245333836465	2301.2465908924264	20.8569858217	3.46562408848
334506	333	45550.8559189	2600.32214253	2605.11411294	50.0143417546	2671.37878943838	2526.8186622309663	20.8742821512	3.46562178326
334850	334	45586.660521	2120.50219622	2116.4978253	13.527790952	2145.93272003952	2099.5593879199146	20.905512019	3.46562999787
335118	335	45649.8506141	2167.28832693	2165.49758366	15.6424227066	2197.066352829174	2143.5341897110775	20.6206758082	3.46562813106
339888	336	46142.0285261	2333.30421138	2326.08237392	29.4637640253	2381.361908352524	2297.8417075781354	20.4935898916	3.46564558061
341801	337	46217.1320879	2048.40855408	2048.73075647	7.30374913418	2056.77091040445	2032.7443708332273	20.7962640998	3.46564765769
344127	338	46321.7860789	2040.49504048	2038.53320685	15.0008059737	2078.283319878932	2023.4489727453833	20.5343513425	3.46564945569
344288	339	46371.0966239	2118.27640802	2120.982329	10.9964326696	2132.768486398834	2101.6492068181637	20.6914593406	3.46565005262
344634	340	46385.037673	1821.94425922	1827.54333574	11.395559287	1835.5436350034597	1803.1798777074184	20.5275036165	3.46565175981
344920	341	46406.771771	2682.35136722	2675.59484264	23.8883413589	2742.4613771889494	2655.169879779704	20.5472299859	3.46565229631
346037	342	46425.334435	2397.23240275	2407.50820584	43.4431093947	2460.208353064661	2321.289908942424	20.569800592	3.46565025783
346240	343	46470.843523	2752.29874298	2753.17928071	48.382732994	2809.546373363392	2645.1255269284843	20.6344845121	3.465651744
346884	344	46496.361196	2334.188241	2318.85960959	58.3144636659	2410.366275897406	2255.6362243250696	20.5713689605	3.46565070805
347243	345	46530.193259	2574.16049423	2578.98928585	22.7800992098	2605.6419321302983	2531.183033836308	20.6393967856	3.46564806418
348043	346	46579.3062191	2519.8289894	2514.89325471	85.7644870811	2660.170999233882	2422.0039807017138	20.7153539239	3.46565144553
350651	347	46791.8851891	2592.77072944	2588.27793581	26.4848953701	2629.306632412562	2553.3603948609484	20.4570889361	3.46565168387
350885	348	46810.26912	2535.050989	2536.16047203	27.3603697631	2585.6822562165635	2492.7363153653696	20.5147060439	3.46565333138
351078	350	46812.29038	1984.60194603	1971.31502537	28.3586531095	2047.7249190547427	1960.854097275572	20.6711601344	3.46565369864
350889	349	46829.829046	2979.94999716	2958.66367936	71.9578481422	3136.067696106621	2897.1738905386997	20.479023268	3.46565484652
351515	351	46936.5515311	2807.71055552	2788.68469428	140.5633683	2990.3995519410046	2624.835707289781	20.5131758688	3.4656546791
352000	352	47109.3929451	2058.25048002	2057.83384527	13.1755167017	2080.034615641681	2041.050739976889	20.6750696831	3.46565301717
355696	353	49070.611104	2100.14682713	2091.83790361	41.0089062907	2175.649232169353	2031.7486713782564	21.0809765258	3.46568395687
357890	354	49222.1007121	2152.06715002	2141.3464725	30.5401042133	2206.8003577290856	2119.1726175199824	20.7182874518	3.46568064795
360965	356	49305.5442231	2031.2955736	2027.70270083	20.1805545622	2059.131525968321	2004.9430107574005	20.7880115832	3.46567582157
360203	355	49333.580337	2083.91414811	2084.81408798	17.3272968152	2115.279918393905	2055.8017276703163	20.7966705652	3.46567565379
361875	358	49371.0951841	2177.04627258	2181.80096059	20.5116013776	2207.795040996825	2142.5760042602096	20.6796895534	3.46567389947
361864	357	49383.3503931	2048.08856005	2048.95246768	19.227961133	2075.4040008537822	2015.9812325827336	20.8258503757	3.46567373327
363104	359	49401.9584	2068.35058627	2074.53896395	25.0737253507	2104.595064176865	2029.215665946991	20.8591458495	3.46566876048
363483	360	49454.6776719	2386.60722616	2374.22125903	46.4400421543	2466.6307367904587	2331.34063935412	20.6151459691	3.46566013921
364535	361	49528.3630929	2302.91512493	2316.41472431	36.6915396802	2344.327833712071	2241.4315295345423	21.0399846146	3.4656558834
365099	362	49536.7869499	2242.66177385	2241.85460611	24.2471797131	2274.2500491362516	2209.1728920655614	20.9283501585	3.46565600085
365675	363	49621.8819249	2680.45349397	2691.4898843	40.091180801	2729.5487759208686	2618.2449281393465	20.9374769852	3.46565740351
365945	364	49624.5111051	2249.98443833	2248.56576565	30.6588466748	2289.192361208963	2212.5897237397135	20.8542230767	3.46565826679
366648	365	49709.2498369	2655.14813975	2629.59711223	72.0599662924	2779.1148607332693	2572.9626656603336	20.8930420687	3.46565486287
366836	366	49783.03953	2111.30560065	2108.21865731	13.3190338707	2138.2862035936514	2096.283118223708	20.8921126436	3.4656634648
367000	367	49854.002681	2148.09568309	2144.2556109	22.1093852726	2181.0354217282593	2118.8649246267755	20.5851749331	3.46566928135
370996	368	50309.5156641	2406.46800409	2422.70913903	46.0640451291	2468.452841026794	2338.6593470965736	20.477510445	3.46568474483
372751	369	50426.550261	2068.02325628	2065.66513747	28.0867807018	2112.0620949026115	2032.9456446332474	20.777583654	3.46568572526
375168	370	50525.9926009	2070.07475356	2070.79086589	15.999142713	2094.1210673879796	2046.0015005779799	20.487230282	3.46569016586
376192	371	50534.4274659	2205.15100384	2206.37859896	39.4824452346	2259.906801130045	2136.908694251075	20.6123123344	3.46568841975
376437	372	50576.908524	1811.86789754	1811.26281382	4.87890613931	1819.645870978862	1803.4820963582144	20.4656681782	3.46569099863
377093	374	50584.495162	2379.37638289	2389.62914234	23.4092670184	2406.6966284568543	2338.2203560032494	20.5208529501	3.46568890593
376870	373	50639.1147909	2850.40984739	2854.39694678	20.9248319773	2877.2760016715574	2810.4415386342052	20.4620496123	3.46569120277
378429	376	50671.0604141	2367.33415974	2377.52473547	42.0606816997	2410.865400997175	2269.0004773581977	20.5817013326	3.46569111227
377995	375	50695.712599	2540.80961295	2552.8386799	61.4119888682	2629.854367553344	2425.676585643766	20.6187236699	3.46569110005
379062	377	50745.0164881	2705.10395973	2711.92749402	45.3684941536	2773.557345661321	2645.3309197509175	20.6423541082	3.46568932153
379706	378	50781.561877	2408.3474645	2406.92942592	20.1530403889	2443.650491094396	2376.0594226273674	20.6911398309	3.46569157644
382585	379	51007.3959301	2665.79539466	2701.9158542	67.2329590931	2721.4784526567823	2566.129079113615	20.4362617119	3.46569241395
382853	380	51021.873153	1954.35245377	1955.87337786	11.1062894008	1966.326270602289	1937.7943464343273	20.6375031609	3.46569094534
382883	381	51028.0195661	2519.59533856	2524.18449513	19.6487898336	2540.3856063080893	2477.5780787178714	20.492420837	3.46569067691
383040	382	51100.32021	2840.84633267	2835.86137611	27.3857348555	2899.008928602708	2790.4889790060315	20.423240395	3.46569188098
383569	383	51216.977922	2654.89663608	2656.88876848	45.3025142644	2715.757903943206	2591.963667564455	20.4721487727	3.46569122425
384000	384	51385.732743	2089.91126335	2099.91199087	27.751239842	2119.054926609913	2031.146599078863	20.6202074213	3.46569211076
386833	385	53213.920682	2057.73380836	2061.15275975	15.9263974818	2079.864650049532	2033.0565053104908	21.2137368568	3.46570467393
390047	386	53369.277626	2165.18784639	2158.10239627	20.4841450452	2203.3792507882167	2145.373251245062	20.7237274105	3.46569792692
392061	387	53461.5092149	2083.72031009	2084.18193935	23.0238511297	2112.1217103199033	2045.7647038181744	20.7705938255	3.46569453996
392755	388	53500.2427099	2060.89088988	2051.28221985	16.5837004796	2086.3169955212907	2042.771968031175	20.7480904016	3.46569214198
393693	389	53529.3345349	2149.85608687	2149.47901031	11.8477832804	2167.2333851864396	2132.4521114062245	20.7035522605	3.46569282991
393909	390	53537.277036	2032.19862532	2041.70243824	36.2935057874	2075.9448142602882	1973.0266347416732	20.779362235	3.46569039054
394238	391	53569.104254	2102.39445896	2101.78679979	12.7014331046	2123.751394396342	2083.652104979983	20.8409799507	3.46568764275
395200	392	53611.783994	2461.23260296	2468.91802986	27.6633002598	2502.9867877133474	2419.2408382276576	20.5854409255	3.46568301153
396477	393	53688.877223	2283.82177426	2286.28790843	19.0727781742	2309.360403772393	2248.1955924264194	21.0737234016	3.46568464098
396634	394	53711.1735079	2349.62597255	2372.96394766	62.3023127454	2430.634483850378	2230.0911323753708	20.9049924777	3.46568344415
397739	395	53795.868983	2791.35082385	2776.80498019	61.4063632814	2882.7218339628494	2698.649321437541	20.8879930845	3.46568381739
397752	396	53806.6537199	2243.67570868	2242.80240586	17.0962587097	2282.772325099923	2227.8908641624025	20.8299043614	3.46568347903
398431	397	53922.7656651	2920.10420908	2947.52586619	85.5524126673	3019.755549636222	2788.44222750415	20.8893831699	3.46568203441
398813	398	53990.1039081	2190.98253948	2193.52448061	25.9842102561	2223.6334112954137	2155.438009969606	20.873758518	3.46568575955
399000	399	54064.6589661	2151.86483142	2147.97340224	26.0232327685	2191.6153940526624	2115.6224235369696	20.5546887592	3.46568544773
402336	400	54525.4412601	2341.01598373	2337.35841152	33.6516149419	2397.450211249364	2289.124570386716	20.511247423	3.46569102735
405001	401	54647.407227	2156.12750651	2158.99717603	19.4059948033	2194.208592275081	2119.9857584957	20.8044022093	3.46569299324
407507	403	54758.690841	2295.67397023	2297.36153679	37.9716783	2349.5810328557372	2219.31094247239	20.6513952996	3.46569142466
407384	402	54767.974139	2042.24374464	2040.94574247	13.1049571717	2058.67967716422	2018.815767781677	20.5220422208	3.46569201335
408305	404	54818.9407301	1797.93839976	1792.71006705	16.1828372385	1821.9703159898656	1780.3423286084221	20.5712943383	3.46568900086
408425	405	54823.7762799	2423.64426466	2424.85864098	22.5044822616	2455.5892736045566	2391.2409358494906	20.6185950152	3.46568729074
409742	407	54894.4830739	2337.43309174	2331.4423446	26.0953085179	2391.8951144254315	2304.462945975579	20.6690383571	3.46568827989
409256	406	54902.853184	2722.62943064	2705.06182447	53.1122264466	2821.8262332489508	2661.8010990714884	20.5370031835	3.46568826743
410202	408	54920.5217979	2412.46845873	2394.9297163	43.7305008232	2480.294438262883	2364.4324541510905	20.6945504254	3.46568587909
410927	409	54998.1316719	2709.56519404	2712.38101766	51.3815420471	2775.744277656564	2628.9764102901813	20.6779600847	3.46568338272
411398	410	55029.4454889	2334.03418091	2338.86274161	23.1944301114	2366.4836230829937	2296.3926123008796	20.7208189987	3.46568631045
414346	412	55240.3839469	2570.98151804	2571.68666431	29.2765678557	2607.301097313918	2516.972692250163	20.4926196792	3.46568892018
414197	411	55261.3275869	2558.50659484	2551.81791447	62.7259725414	2669.503098185558	2474.235105546574	20.4342881349	3.46569144076
414407	413	55274.7286789	1919.71831918	1920.45470728	7.60128086887	1933.1931948612378	1907.7234528199397	20.6723491988	3.46568863866
414985	414	55352.3817461	2838.38762434	2819.05662745	69.3969767941	2930.555142908976	2726.569069326978	20.4042961136	3.46569142651
415567	415	55509.042217	2646.99838255	2659.26693647	41.6965672718	2692.6957201421546	2577.496449666777	20.4704383906	3.46569472434
416000	416	55681.044611	2059.40021241	2048.75540019	31.4535612313	2107.460345429984	2024.9520844269616	20.7324385476	3.46569783488
418636	417	57380.2526109	2082.12807305	2079.22291207	15.5630313283	2111.74478486997	2063.8792091494447	21.262098807	3.46570154812
421626	418	57517.0005131	2182.24968689	2178.03631285	20.0936191667	2208.799212401001	2146.7754450420675	20.6802799071	3.46569638346
423798	419	57627.9507029	2061.704414	2067.57283129	18.1671294641	2078.66029459267	2027.2440168982844	20.7391531532	3.46569059712
424681	420	57671.092608	2098.66019954	2087.04068533	38.6257183476	2152.7465953454716	2047.661808513278	20.6944374135	3.46569184794
425386	421	57697.6252389	2143.89177394	2137.0384455	29.546297084	2190.120715185005	2105.009705647645	20.6698464497	3.4656889702
425494	422	57706.304055	1950.52138847	1949.02465586	21.6073573893	1984.6833746709062	1916.7011198113923	20.768405464	3.46569098334
426116	423	57739.3990741	2124.60235688	2103.67582935	54.41210004	2199.1007364070488	2051.9590553383264	20.8213449672	3.46568898071
426688	424	57760.8148739	2490.43919542	2478.16034498	47.9130370838	2567.746619979084	2420.2606088957223	20.5770049421	3.46568631282
427969	425	57856.469506	2240.74993353	2233.54229016	22.76157124	2298.60435644713	2219.1831026862737	21.1054430955	3.46568341737
428329	426	57898.5700281	2420.81159726	2404.8220059	57.4611026706	2521.23427040476	2358.3128142487008	20.9371877402	3.4656847173
429444	427	57979.4310191	2782.39284745	2784.18333344	36.3162969628	2836.7920531245254	2733.9752180973383	20.8856342327	3.4656872212
429552	428	57995.1178479	2433.4407682	2423.16727732	52.9076198153	2502.8240790081713	2341.740954588173	20.8275192026	3.4656902649
430443	429	58122.20542	2906.16519751	2940.24099173	83.0333500039	2986.2607252397756	2767.5500446402484	20.8254180815	3.46568821341
430786	430	58192.9468009	2229.85319467	2237.13006209	27.4497186185	2266.549517235217	2171.804993878247	20.8157325544	3.46568970201
431000	431	58310.540803	2182.91104863	2179.69418847	15.6551182003	2215.840137444901	2165.745321009418	20.4946205561	3.46569535105
434045	432	58738.3310981	2336.24961905	2331.16033887	20.3596822762	2366.7517960196597	2313.7039086578097	20.4372160955	3.46569876945
436552	433	58866.4090221	2281.88494943	2292.55333294	70.5280775726	2367.5180082709044	2188.9680161689785	20.7896382482	3.46569874894
439206	434	58980.62661	2245.1581593	2243.75863548	25.0731521477	2279.9200336448293	2209.241740752889	20.6197986766	3.46569678854
439405	435	59008.2483079	1974.67387116	1969.72383142	20.7374632954	2007.4993218069517	1951.8244155179452	20.5021322588	3.46569850589
440368	437	59058.0930259	2422.91865004	2425.25982098	25.7128490496	2460.3099834227464	2388.8346673971714	20.6051620004	3.46569585541
440291	436	59059.1248341	1831.57823517	1830.69652536	13.5583415893	1863.9425884071045	1814.1159439296366	20.5795065203	3.46569892189
441448	438	59140.42064	2276.58351673	2261.3493145	35.2530858791	2336.4404763401985	2241.118865145619	20.6690388157	3.46570002816
441918	440	59140.934164	2385.70131807	2391.45564117	49.6855318216	2448.3362402251387	2293.5055068967076	20.6979128649	3.46569779782
441673	439	59173.8385489	2732.43948897	2731.97272305	20.8576443296	2775.0832174306565	2711.3192098926897	20.5173366982	3.46569928507
443034	441	59270.1949239	2617.64010943	2611.07879787	20.8397636408	2655.619017967693	2595.117124887493	20.712446119	3.46570168518
443433	442	59281.4604359	2311.32568368	2297.90673269	32.0731924902	2383.9014128925705	2277.413716214152	20.7682841663	3.46570186764
445917	443	59455.182615	2655.22948552	2652.87079825	30.2698432643	2701.1995398553586	2615.156142039551	20.5791442618	3.46570577635
446196	445	59474.992785	1894.80560898	1903.09282421	23.386663788	1925.1689761744071	1861.6976130183182	20.7549208343	3.46570465318
446094	444	59527.0555189	2378.70691926	2406.05235075	84.0042890475	2465.2231393957013	2261.500635094919	20.5469990748	3.46570344455
446763	446	59614.412091	2696.58562117	2689.61129503	38.7253130291	2754.7444094589846	2640.8263978186105	20.505758534	3.46570307122
447577	447	59799.7357121	2679.18161508	2685.45417459	54.1995169428	2744.2936613039674	2589.662927245553	20.5748587455	3.46570411618
448000	448	59954.336313	2094.76850451	2096.13227949	16.9035532916	2117.653382589287	2072.0188720053384	20.9149510141	3.46570122225
450616	449	61421.5066199	2118.03135558	2113.46583797	25.9687208288	2154.5904634954672	2075.5521929113443	21.3590639624	3.46569672215
453125	450	61567.7933681	2190.03814002	2213.89393673	49.2881058093	2234.0048352690387	2098.666977707313	20.6993315204	3.46569668642
455581	451	61675.0202739	2048.42613134	2050.35304495	14.5295257635	2066.7810456133243	2026.9615365488764	20.7536256793	3.46569823178
456670	452	61753.453079	2160.12273658	2144.37369194	30.7456946095	2205.786683895861	2118.4366092807104	20.6801888499	3.4656955611
457197	453	61796.001543	2110.36199541	2109.7894009	22.8135497177	2142.791400159259	2075.55948861391	20.5974314301	3.46569687723
457860	455	61808.208118	2161.47908562	2163.90870526	11.7939139163	2176.4737775820313	2139.6617902888893	20.7859786141	3.46569612979
457362	454	61813.125633	1945.8138045	1948.93676637	25.7580578138	1979.6070176618944	1900.5580503397232	20.7802497491	3.46570006514
458260	456	61822.653482	2571.63834016	2581.76328367	100.943316174	2711.140093934322	2432.848653493759	20.5394404225	3.46569662476
460175	458	61951.7176659	2510.81040075	2488.43386572	49.1673101488	2593.029824766011	2461.1385086116097	20.9449863734	3.46569209979
459676	457	61953.186188	2245.11341819	2252.53568593	26.6782895907	2275.2064927685688	2207.439540088033	21.1093089779	3.46569356594
461332	460	62069.086786	2431.14065709	2450.31916015	49.994020959	2496.2308884002878	2358.829773228646	20.8224165746	3.46569657064
461184	459	62071.133611	2693.51640193	2692.6283847	32.7497604878	2744.5981333895525	2653.6491786461684	20.9074126933	3.46569513637
462302	461	62180.6656179	2894.53001404	2894.73999799	59.7850606747	2983.958188422589	2809.5923276368394	20.7791150061	3.46569657706
462688	462	62285.682755	2059.59732207	2038.62732357	41.3351302505	2125.987914250358	2018.90263124506	20.7790144908	3.46569838951
463000	463	62404.5648551	2182.91402497	2192.50535522	29.1335107154	2214.588318137339	2130.774795475574	20.4324000844	3.46570231602
465667	464	62848.383127	2380.71338122	2377.18889126	18.2160119926	2424.1925945457842	2358.8634675515905	20.3491374438	3.46570406241
468091	465	62976.4957199	2464.81015868	2476.45019132	57.2166841565	2548.3137256591745	2355.1834589429327	20.8172172967	3.4657031887
470591	466	63101.6428161	2256.63309317	2241.61015024	35.7570890762	2311.4236921019697	2209.2525033329557	20.6379953406	3.46569890374
471225	467	63107.261394	1994.26215397	1998.72300848	18.0928155542	2014.661205652356	1965.585883850351	20.5301201169	3.46569989055
472145	469	63177.4352059	1897.03918401	1896.48554201	9.00293505331	1908.4100545054223	1883.2863251097256	20.6282817617	3.4656983911
472135	468	63202.839803	2458.94685606	2461.06609065	38.9420046634	2508.4198886748068	2403.8567480134016	20.6298695831	3.46569742351
473513	470	63251.1276391	2278.50649437	2283.416326	25.1046213924	2307.9810057676114	2244.624165740447	20.6922237611	3.4656996334
473559	471	63293.433135	2271.29003226	2266.174565	23.4558409529	2322.271823663109	2246.606221181526	20.7101096913	3.46569897479
474055	472	63303.2381949	2681.60324418	2686.16538028	58.06863045	2765.9773169753494	2596.830230138473	20.5197209757	3.46570063278
475416	473	63418.163233	2520.0645069	2530.10462505	51.6512998495	2606.6889964860893	2442.7161390449332	20.7864730459	3.46570078144
475582	474	63425.9180131	2412.58435385	2413.5218596	24.4642003753	2448.0344753904615	2366.7648907870725	20.8364436575	3.46570160045
477634	476	63469.1552279	1887.98564347	1886.23919524	14.0529513696	1917.317467448709	1869.2576457131092	20.8885116087	3.46570289735
477394	475	63495.3763909	2720.655228	2710.88346502	50.5291809186	2829.8926440074133	2662.730767968087	20.6818953281	3.46570301718
478079	477	63688.491986	2389.8195692	2395.17744167	43.4991630165	2449.998091774283	2304.1978696153237	20.6843284561	3.4657011363
478634	478	63791.8952029	2559.61975874	2575.83340891	59.2551384295	2670.2871237916365	2484.3767547691036	20.5653155292	3.46570269572
479608	479	63990.909117	2780.96269678	2762.46729421	62.4674959306	2909.3854361678236	2705.2776702558285	20.693171664	3.46570138658
480000	480	64121.255904	2083.88244709	2079.59823116	10.9334340669	2101.712661310937	2073.5017390703188	21.0459890702	3.46569528518
482132	481	65514.5615001	2090.00249778	2086.82503349	11.8307471382	2115.4255225798715	2074.5142879580603	21.4785725729	3.46569409842
484586	482	65559.4488621	2110.86861413	2107.63738058	21.292649931	2151.0805924747215	2089.491807176281	20.7256085155	3.46569324996
486863	483	65680.0623519	2059.63813212	2057.01958251	14.4437341952	2088.265369467449	2042.3758309882855	20.7244186586	3.465696293
488561	484	65730.4116371	2207.199291	2204.37883811	8.46867528677	2223.4689223899795	2194.5368617612503	20.5831162108	3.46569302274
489564	485	65809.234051	2177.63666269	2191.82564657	48.807379762	2233.261129979454	2102.500088521604	20.4770824461	3.46569530004
489839	486	65812.077852	2221.40655459	2204.85166145	52.2182709906	2324.0522096808777	2165.7578258569392	20.6805106164	3.46568906475
490009	487	65855.541661	2605.03159406	2609.63049078	28.9379175077	2646.513239952764	2559.4525273347467	20.4060950977	3.46569642976
490020	488	65929.4164829	1901.50544527	1903.20705184	12.0680098732	1915.8724562804173	1874.6126622449299	20.6905904303	3.46569757639
491869	489	65966.368068	2496.46696943	2503.30629619	21.5889020305	2516.8772397791786	2459.3168685562114	20.9253378965	3.46569102232
491880	490	65982.756166	2384.09733255	2396.728876	32.9205674531	2412.2684609963085	2307.6487650616514	21.0796315942	3.46568872627
493263	492	66122.344389	2750.83204401	2748.21843922	58.9791867273	2864.6137330544366	2679.5215094412765	20.9180275771	3.46569431451
493238	491	66141.3087881	2284.73844076	2280.48530165	36.1635007265	2347.3467612341174	2235.3144467255274	20.8125147191	3.46569417877
494114	493	66187.069941	2965.11300034	2971.72679462	49.1007434275	3067.5476324090682	2893.7846796880535	20.7237336911	3.46569499593
494686	494	66369.5743289	2087.87195717	2086.97370563	26.3150043818	2142.980957540238	2042.067376444041	20.7082094349	3.46569677125
495000	495	66458.429208	2273.86513939	2278.8539671	18.9643688606	2299.2806772778245	2239.838120283771	20.3141825668	3.46570405761
497553	496	66993.2572839	2338.24846447	2325.51520521	67.1444881754	2460.6200317440007	2264.841421045915	20.2631595247	3.46570653698
499814	497	67091.488941	2707.26727483	2700.57367992	44.2834585837	2779.2323646161794	2626.7501175409852	20.8137465217	3.46570566127
502662	499	67224.6094179	1987.42228586	1986.61738401	10.9726228987	2012.3422469460872	1969.7057243426261	20.5604547886	3.46570672452
502472	498	67259.288532	2246.23623027	2246.21754113	24.6083660382	2288.949234280835	2210.113136320098	20.6313953749	3.46570326122
504292	500	67339.2955809	1908.71254059	1906.23518591	18.156419914	1933.753334173642	1883.5388354471459	20.6344593459	3.46570100054
504807	501	67357.2807779	2404.99114538	2407.78283353	47.9960807533	2475.0260371416084	2339.5192153828175	20.6802052149	3.46570121619
506493	504	67393.1671219	2582.94986356	2572.59766749	48.5956652514	2669.9249082125816	2506.993077150734	20.4699410634	3.46570114445
505705	502	67404.8669369	2352.69312397	2350.91331598	17.0852017462	2373.3829647638363	2318.8380437575356	20.7015312398	3.46570142323
506381	503	67468.1217029	2377.71142366	2375.59300197	41.4867686787	2436.5306565863066	2321.0533974798454	20.6819238816	3.46570306904
508467	507	67556.7475469	1947.98020576	1947.49365491	18.805325106	1970.6994669259193	1923.6226654236286	20.8898731406	3.46570425356
508131	506	67586.486542	2415.60152423	2389.10611939	52.5873775572	2504.140894652441	2360.4454338991645	20.8520745855	3.46570398359
508663	508	67591.443279	2799.46918167	2785.5323761	35.2431778826	2880.493750410033	2763.355177998577	20.6766675336	3.4657045214
508094	505	67626.3597269	2448.90582142	2451.61885303	24.1058717466	2481.949796550394	2395.19172767361	20.766847143	3.46570238429
509951	509	67878.7309151	2366.05248403	2360.93358264	21.9846973124	2396.5388187323138	2337.1407743940545	20.7331991713	3.46570086878
510639	510	68020.6027019	2534.71087193	2518.97437667	40.9007602469	2625.203461419015	2503.6867205879043	20.5481297199	3.46569691406
511659	511	68209.730195	3118.51761369	3152.61338891	104.8072553	3248.427378380449	2915.929449679405	20.7423491524	3.46569345689
512000	512	68392.3913231	2113.74229098	2112.80953694	11.2249212477	2129.8990590947587	2095.607664864157	21.0424856181	3.46569087395
516115	514	69592.666115	2203.58029901	2193.36896267	29.6019450953	2252.5199853696904	2172.8705133876624	20.7222680416	3.4656944183
518475	515	69729.2416959	2085.11429927	2091.37188799	20.125334453	2113.9852741874997	2056.474842989155	20.6927993058	3.46569280438
515485	513	69774.8266659	2135.60455297	2140.06979856	18.8206077353	2153.7596511084753	2099.5566208358214	21.2823243772	3.46569572701
519353	516	69809.198122	2165.55473073	2165.79161891	26.4407463177	2210.5284250922005	2126.432428308426	20.5896968338	3.46569458448
521002	518	69876.3056149	2444.88104778	2448.04954887	67.6772146543	2555.9447489668155	2327.2645719385537	20.6866951717	3.46569009094
520955	517	69888.347672	2198.72724583	2197.63633292	13.8817335899	2223.854792702923	2179.4598335825076	20.4856755839	3.46569419141
521839	519	69959.0851309	2802.25793088	2811.74951012	76.042551575	2886.3903527722405	2637.876902249657	20.3966714224	3.46569515719
523680	522	70064.0718999	2345.1128224	2346.65852109	32.2911874079	2384.967399673796	2304.3663631480454	21.1057392385	3.46569123796
523539	521	70080.5715599	2410.93175768	2404.31890317	45.0353523726	2508.7977202324255	2365.222462763212	20.9556846216	3.46569300574
523231	520	70206.524272	1891.40763956	1894.34095489	10.1582726472	1900.827907577828	1868.2182005392606	20.7895270733	3.46569555187
525204	523	70223.4908769	2702.50676727	2694.66666984	40.9468398292	2772.145389809563	2641.7675834729553	20.928196355	3.46569754756
525429	524	70254.3674231	2283.2379065	2277.2438472	27.9956840665	2335.6801145451177	2234.824359973292	20.7931239678	3.46569955904
525770	525	70258.646488	3168.48646205	3168.17492849	85.9616283899	3278.791495640081	3066.36863626993	20.7242311295	3.46570501299
527000	527	70570.7167339	2217.98806405	2217.83468278	27.4552221527	2259.3133669694357	2178.3084052944737	20.1706439179	3.46571478369
526823	526	70646.588444	2199.14145084	2202.73849513	32.6309652774	2244.9212851924076	2146.9913754858194	20.5833440139	3.46570570072
529719	528	71244.915899	2273.61980778	2274.94701788	13.1019145547	2294.1839471701796	2251.410189911709	20.2608144252	3.46571567417
531432	529	71343.8771269	2550.7607065	2538.14927295	43.4059378907	2638.794877420093	2509.34694155018	20.800448157	3.46571394534
534072	530	71451.8099899	1983.71954168	1985.08319399	10.4339114305	1995.2565608658936	1963.78968337607	20.5239627117	3.4657085095
534990	531	71479.5690279	2307.78944226	2311.28449428	45.4368575832	2361.2136878004862	2240.678298294003	20.5618427422	3.46570849578
537700	534	71513.9384611	2736.74082253	2738.90342216	71.0949758327	2865.4681060483226	2633.5171989289192	20.4302914071	3.46570190817
536792	532	71558.848732	1929.76491934	1931.78732587	11.5243570652	1945.1062826744146	1912.1233036994886	20.6232354818	3.46570278233
537189	533	71630.434696	2432.86178635	2419.30468197	56.1207819122	2502.2013893386757	2357.0206966272526	20.6687281883	3.4657029457
537950	535	71641.1392729	2300.46838126	2304.84902259	21.579240778	2335.4208060167325	2260.7954293123184	20.6915925094	3.46569895698
539727	537	71669.470108	1981.220882	1987.03426206	18.9662641392	2000.2098315843427	1948.5076650562098	20.9014522722	3.46569691009
538787	536	71717.226521	2451.1797878	2466.22565042	68.5361330536	2535.9445040268133	2338.01187292577	20.6210326562	3.46569765991
540135	538	71768.507241	2836.12150604	2836.62075804	31.3256397447	2880.427611490556	2776.103735211309	20.721522602	3.46570061467
540161	539	71843.2672679	2385.13155836	2384.6752037	72.0783149832	2483.1362931352105	2305.587178839258	20.8925563157	3.46570275891
540389	540	71877.503541	2364.49976755	2370.30493132	22.0521574845	2401.7614078476927	2324.8827245060056	20.8119138391	3.46569630504
541807	541	72136.876406	2350.55444565	2351.63077849	36.1870917604	2407.114823775728	2300.5272769786	20.893351106	3.46570417395
542597	542	72295.8533509	2626.01928794	2619.07276644	48.3535369079	2689.5708507802537	2550.8133716665607	20.5620742004	3.4657015287
543551	543	72515.276571	3217.30350818	3232.9208419	57.2007342184	3286.3161330241755	3114.437810899982	20.6758914277	3.46570299745
544000	544	72656.9594541	2090.88280896	2089.16390151	9.82919642082	2106.7411806929663	2075.422151702267	21.0840105421	3.46570519995
547003	545	73749.063607	2252.17665808	2251.16369124	29.1386214066	2291.5380932259236	2213.3627767169	20.6384305287	3.4657071804
549424	546	73906.6560209	2139.41329333	2148.30255109	20.1005368952	2160.0388541285465	2093.3022756462005	20.6926486424	3.46570118133
550475	547	73971.3113301	2184.54034225	2186.50514703	27.2504672814	2219.8458669947436	2140.2008344722144	21.076385735	3.46570274006
550865	548	73994.0994029	2184.8400921	2185.66740865	7.61813261714	2199.139713549199	2174.1111877236326	20.6148727502	3.46569870964
551966	549	74070.9891689	2602.94828332	2606.71377656	32.4320711554	2646.781803986705	2537.7782965190922	20.6815800468	3.46568749918
552269	550	74078.43151	2186.2843814	2185.51375401	14.9124713801	2206.304052545271	2162.8359015804235	20.5178810654	3.46568865577
553596	551	74163.3304861	2900.39883057	2896.57633327	51.4194219171	2969.6019103596363	2804.302164709404	20.3802911436	3.46568447056
555157	552	74261.2825921	2412.66089358	2411.6011838	26.6718528556	2447.1172712141893	2373.4188029023935	21.1182097315	3.46567150074
555381	553	74270.556165	2477.24996056	2448.35423655	69.6421028318	2597.880419277367	2397.420447736793	20.9908500693	3.46567294699
556767	554	74416.0796049	1903.65087135	1910.12475023	26.485471389	1930.8679829554537	1857.9947806623957	20.8675076764	3.46566966472
556952	555	74424.6723459	2744.34528477	2763.5541167	71.2108586328	2839.0136252904217	2619.642559273007	20.9603659827	3.4656738057
557168	556	74456.0565591	2343.53510692	2343.59906834	42.8760245998	2404.9836755469805	2283.596084654256	20.7888514906	3.46566905965
557204	557	74477.2087679	3265.03892998	3262.03187952	64.1418284218	3371.879790427178	3177.9924041066774	20.7369448914	3.46567259404
558800	558	74783.3080621	2231.62241551	2231.33491416	10.0908531964	2252.264964826285	2216.7886540303402	20.1264288192	3.46566708897
559000	559	74859.5353069	2323.38150626	2332.05278317	38.2930995966	2384.54162366131	2273.205721929747	20.4723082159	3.46567202173
562049	560	75418.709383	2275.05881905	2267.8333484	29.4629179858	2319.4520665540153	2242.502641255448	20.2778674424	3.4656938107
564060	561	75543.9877739	2521.41126808	2505.85319695	56.898735892	2644.301922626747	2455.0379144900053	20.6880174645	3.46569643002
566476	562	75669.286401	1992.66842405	1993.9928187	21.0330762511	2023.2132749447435	1959.2631166778408	20.4537991594	3.46569290723
567188	563	75669.8702419	2242.241774	2243.14500299	15.9293492001	2273.506966085919	2219.2563635862866	20.4873543813	3.46569344065
567845	564	75721.1691239	2905.40755835	2905.6516785	59.0177758894	2977.7983522933314	2818.175427118171	20.3253167332	3.4656946165
568808	565	75758.371974	1964.79918103	1967.91627917	17.7570621512	1988.1574630381497	1930.6542480735388	20.5505033769	3.46569303177
570270	567	75854.6827631	2262.05985294	2253.28973857	31.3074555325	2315.3341409672407	2227.6445132133294	20.8045673381	3.46568969624
570104	566	75856.7721889	2448.93611348	2429.86452331	46.4720984108	2530.234463758556	2400.829248936398	20.7468246155	3.46568999948
570608	568	75883.7583899	1937.00923892	1938.24956713	15.3413242621	1956.7803600836519	1910.8936488437248	20.902980431	3.46568645024
571122	569	75901.146749	2345.87039589	2350.21014807	24.2027459252	2373.8889091622677	2294.4653452632556	20.6862270814	3.46568348891
571599	570	75997.648015	2847.27675714	2851.04638019	48.8071700985	2909.991386328447	2770.513049405661	20.7389771903	3.46569062823
572151	571	76075.9392221	2453.19968104	2470.05549048	84.981417462	2567.5224430014937	2319.9283341773203	20.9553059324	3.46569099802
572335	572	76121.8493259	2414.96865374	2387.93899036	44.1045328504	2483.751586741647	2374.2756190944547	20.8523184446	3.46569052164
573647	573	76408.0694571	2434.85439536	2437.5067887	43.6760462935	2512.259602805193	2383.654853838947	21.0220283367	3.4656955011
574510	574	76538.6507659	2940.84936279	2938.75114164	134.933055246	3108.9766442327614	2748.857670201678	20.5830649013	3.46570294097
575657	575	76770.3767879	3439.10305613	3448.01095357	126.307534071	3599.2456176118903	3280.0935843097677	20.6816036299	3.46570128288
576000	576	76915.381834	2055.46524281	2052.74711178	23.2063820311	2093.039741167373	2024.6121554776084	21.0632129935	3.46570518849
578674	577	77876.3679049	2317.62124622	2322.01427978	34.0482545542	2359.676354998386	2264.840029043982	20.5446730966	3.46570902471
581225	578	78071.4301269	2202.64330055	2205.69593015	53.227885774	2291.06133199286	2132.66668173842	20.6850963729	3.46570501192
582743	580	78145.693522	2230.70252426	2228.70441871	39.6319682232	2309.3943155158286	2191.1104345684334	20.6097216493	3.46570003051
582490	579	78176.277184	2257.357222	2256.33709969	14.5684084427	2283.7561085139646	2232.3188241958906	21.0316510336	3.46570405288
583939	581	78240.664742	2616.3980242	2619.9183113	32.6688402519	2654.1932362832645	2563.7564533419636	20.6823556185	3.46569285505
584023	582	78245.106514	2199.35253314	2199.40744533	11.0779739136	2215.4424423396877	2185.1515106813135	20.5874178893	3.46569492613
585440	583	78304.3424139	2708.25255048	2701.50613042	39.715826506	2789.602641214207	2651.819923719747	20.4112503938	3.46569062792
587105	585	78394.955126	2684.89134739	2709.31223416	60.1959878897	2751.7675761715514	2590.038690005935	21.0906499323	3.46568166907
587023	584	78413.695894	2289.27033872	2292.55158167	30.5744078004	2336.477220793617	2244.110274315774	21.1631661827	3.46568035003
588861	587	78588.8146729	2758.65049017	2751.72751504	31.3438867549	2804.035123285874	2713.0037234502693	21.0677086393	3.46568442142
589082	588	78626.881572	2366.27156061	2365.67426437	18.8947196633	2399.756288796286	2337.0530842842	20.8044058999	3.46568360514
588784	586	78647.4791579	1927.9992872	1924.66863036	10.3686645152	1949.875177289051	1917.7964494104835	20.9303231606	3.465683545
589224	589	78648.525851	3776.07788641	3847.84914637	172.137932092	3946.9077248861618	3397.098571423907	20.7820377957	3.46568688553
590806	590	78957.0507319	2252.12146776	2252.1489124	14.8695129697	2269.658056175192	2216.0786764927457	20.059721246	3.4656899306
591000	591	79028.706383	2403.76033094	2405.28010843	19.1344285648	2434.3639678937884	2375.139135124174	20.4044642398	3.46568805808
593737	592	79649.0478621	2358.72782435	2370.93295152	40.6100240237	2403.8101613837366	2275.5252062855297	20.3201020268	3.46570505461
595909	593	79776.918385	2781.6635268	2777.55048286	54.9250983132	2856.603862386692	2701.011701932621	20.609985981	3.46570445932
599652	596	79898.4602609	2733.27401461	2715.70056094	40.1659612245	2808.0243356649203	2687.162474316816	20.2002186721	3.46569668352
598635	595	79905.4214189	2229.50161635	2234.94168265	24.8766627659	2263.825254481037	2175.717176869215	20.4349092449	3.46569220873
598596	594	79929.048198	2032.90107626	2034.12928193	46.8126989526	2114.6998437584357	1980.7140517865762	20.358825927	3.46569441439
600453	597	80022.197314	1970.54372891	1970.99186932	14.9400827551	1989.6670664812764	1944.487785787374	20.4754090198	3.46569591609
602545	600	80041.3307989	1937.44894694	1939.26760272	12.8016384691	1955.5676373828353	1913.6674007378513	20.9639229882	3.46569149385
602185	598	80119.60777	2293.65406105	2266.02292115	70.5713496939	2412.7881424011384	2216.313132008375	20.8088686579	3.46569262786
602219	599	80126.1040311	2237.66514174	2238.86907891	32.3674311798	2287.121593927711	2189.7572911962084	20.8575461269	3.4656890732
602760	601	80141.5407951	2274.68730389	2269.52394122	32.5289273562	2353.102351758222	2239.683199827611	20.6812374229	3.46568726032
603469	602	80245.2137771	3042.06070416	3055.97182755	68.2000756555	3121.622678862643	2897.197236593838	20.7565785623	3.46568967421
604030	603	80360.0245049	2568.02066611	2555.22717382	45.3654229819	2643.6624122739777	2512.091423025138	20.9929221569	3.4656952724
604272	604	80418.570801	2545.11113333	2547.30728863	13.6174159848	2564.321463090462	2524.5832800287367	20.9069881687	3.46569502438
605744	605	80717.023809	2478.01973954	2484.05392689	24.690665121	2504.878223107446	2420.2006270998304	21.0930811999	3.46570091999
606439	606	80828.036258	3102.69880254	3107.82169199	29.1550950255	3147.8890168691933	3063.025697633237	20.6347814382	3.46570481102
607645	607	81093.3094549	3239.64823919	3254.44758781	56.8993828836	3318.030987996478	3161.6744196107975	20.6859383063	3.46570262502
608000	608	81243.957696	2072.48334332	2077.21575951	24.9246966913	2100.152499374826	2021.6769270003058	21.1654021984	3.465700584
609982	609	81927.3619261	2318.74697781	2317.13975542	14.0675899969	2341.9117349618855	2295.084657302379	20.3986070075	3.46570060263
613100	610	82139.578346	2270.74410607	2264.54537097	25.1093120041	2308.1336354364794	2236.9778659993717	20.7454767429	3.46570009632
614620	611	82266.270782	2306.61347029	2305.97264392	14.1068176391	2330.07136270214	2286.485436430372	20.6576478223	3.4656911599
615987	613	82312.2281611	2578.75799315	2579.19710609	50.3647820161	2649.1430862742654	2518.844300224286	20.8035770199	3.46568467213
616257	614	82373.018095	2255.57473073	2263.16789957	27.2945221476	2289.658555435714	2198.004287804077	20.7026972576	3.46568265436
615252	612	82386.022145	2328.78950266	2330.59251812	30.7293443755	2373.9448663279422	2259.8262657887835	21.1401941557	3.46568753343
617112	615	82411.036319	2559.37582825	2568.4831953	62.2794807986	2657.4681033155093	2453.0029963360307	20.4936046774	3.46567843472
618496	616	82438.373013	2466.53604224	2471.2826592	47.6402684913	2558.1272777444797	2404.8967270627763	21.1767497667	3.46567500322
618720	617	82503.892519	2372.81932906	2375.95922097	56.0850946636	2444.26032594025	2294.746262151594	21.2497661454	3.46567142114
620646	618	82670.2155759	2901.62779539	2905.58844033	42.3051375005	2954.276655118546	2802.441440584174	21.1539257056	3.46567848643
621029	619	82734.941093	2370.12054293	2369.23035814	29.3327259487	2417.4912972423713	2331.259029559945	20.791106523	3.46568182576
621232	621	82803.5933909	4116.19491517	4106.40862119	260.381521224	4448.881481328592	3773.4119793114146	20.7983795173	3.4656836346
621216	620	82924.9091859	1915.84578925	1915.42680455	12.3887542708	1931.922936573787	1899.374813743851	20.8616523486	3.46568288491
622828	622	83059.8827031	2190.5259035	2186.42106408	41.019727353	2248.2895458228236	2142.276937667971	20.1244906554	3.46569553036
623000	623	83121.333848	2406.61526108	2416.05918607	28.4120181791	2437.996887195081	2353.779830717959	20.4872958758	3.46570004273
625813	624	83848.7488101	2433.68130051	2429.7039078	46.8004509571	2495.29793599375	2371.2141301979414	20.33809026	3.46571112467
628030	625	83981.757169	2763.15824664	2743.80354474	44.9482966833	2877.9691007215083	2726.814097273194	20.6110917778	3.46570989592
630235	626	83985.8379469	2877.97611736	2882.71643085	81.5044701206	2995.2322676585486	2780.52686130539	20.1266006291	3.46570038004
630787	627	84127.7274859	2260.84764067	2261.82206665	15.8623540804	2289.5990132511733	2236.120645396296	20.4756708647	3.46569263842
631221	628	84130.3257859	2125.22761717	2124.10631799	19.7726878623	2164.1484725244536	2098.861231789072	20.3913459863	3.46569340996
632793	629	84153.2357991	1919.96605248	1925.42059851	18.5818707639	1939.527591832469	1883.7192080946181	20.9956026497	3.46569106198
632796	630	84219.2516439	1931.54978159	1933.13696484	18.588716128	1957.2716723985277	1904.911651711626	20.554762236	3.46569039977
634283	632	84339.2013321	2235.9616225	2235.83942076	22.5096171862	2280.875573862896	2198.5653058077232	20.9322150127	3.46568372353
634476	633	84366.4268889	2282.5128194	2293.72577942	30.2798309945	2313.778756226727	2225.0045512314996	20.7120018618	3.46568484171
634215	631	84368.9392819	2323.11327397	2327.72165387	43.8531695695	2377.2467587714455	2255.6374280325294	20.9526127029	3.4656872952
635293	634	84519.1689789	2994.68097037	2991.22338682	39.7863174309	3052.1463115514357	2949.3686075720725	20.7735581502	3.46568789558
635945	635	84573.0566361	2589.90564856	2616.94664948	67.7446943386	2659.7025499469787	2464.398346925197	21.0547407702	3.46569140471
636247	636	84586.138932	2532.4763252	2534.75436555	17.0013134199	2555.1490267134154	2501.9561171167934	20.981194613	3.46569422
637802	637	84947.111871	2325.71575092	2329.36932045	36.7354771449	2367.965591424117	2267.450414880438	21.1311784424	3.46570386347
638344	638	85091.1015949	2974.56251212	2970.08221195	39.1260512053	3055.589424928249	2915.768907967651	20.6731888011	3.46570718687
639605	639	85335.0477951	3191.37422718	3216.06062589	99.8244932073	3321.729370108225	3045.737817174127	20.642942234	3.46570633591
640000	640	85491.601542	1964.50171083	1968.22174365	14.3537494639	1987.356821648837	1940.357564326518	21.1862991585	3.46570857365
641557	641	86024.2138901	2279.84795446	2280.09907638	9.26168654412	2295.2605861356096	2259.6433415674983	20.2366412799	3.46571280609
644560	642	86287.417769	2320.711839	2323.34105383	24.8204165262	2372.6057384803808	2283.1999754062217	20.7751472895	3.4657040572
646810	643	86363.3408971	2289.48781526	2284.74370606	20.6368844045	2329.1597605641946	2256.518062133664	20.6815478156	3.46569468842
