steps	episodes	elapsed	mean	median	stdev	max	min	average_value	average_entropy
31959	27	3181.95287514	1970.12787885	1966.60642531	40.5624583719	2042.8391005754133	1919.1388511433163	85000.3800231	2.17830070984
31804	16	3188.18886304	1988.2939209	1981.23143241	48.8672639149	2059.9201946844505	1930.021229145347	82693.3033225	2.17833571339
31866	18	3193.11581707	1970.19067032	1962.54967417	37.7169577718	2048.0323279174054	1932.4940297218905	82896.8667746	2.17829588072
31834	17	3194.62414598	1990.36544831	1977.32801601	45.0494139078	2052.0781606909936	1941.0252174553164	82764.4811806	2.17835163253
30730	1	3194.66991496	2054.59764916	2057.65416125	12.1132167955	2068.2731064306763	2032.067195793292	75769.0215933	2.17841147876
31884	20	3195.46913314	1959.5628286	1963.72505718	57.6845426201	2050.6098974117954	1881.7672281490097	82766.8514399	2.17838889826
31239	9	3196.99287915	1978.44379604	1972.21093833	41.3376920292	2056.703316299478	1924.0634663034018	77368.4714499	2.17834317363
31090	5	3197.12038994	2024.76592827	2018.01632512	18.367456292	2053.284897227866	2007.5408813609008	76736.6572647	2.17839187728
31906	22	3197.79222608	1976.88435695	1955.60977742	35.8528753588	2045.2290855589877	1948.8136309462484	83749.9707022	2.17831725584
31930	23	3200.61677003	1986.62183527	1979.97966242	27.1466967745	2041.1394379142355	1947.8053607934057	84521.6175713	2.17831362142
31046	3	3200.64927316	1970.36024464	1957.50299861	41.1067106024	2043.4509464375524	1918.171255934801	76809.0571963	2.1783761257
31961	28	3202.32286	2046.20529402	2049.99520135	27.7937087634	2085.875625626342	2011.5746966156585	85041.709045	2.17827450785
31958	26	3203.14209414	2013.21587306	2018.68418969	20.1146836722	2037.684996670725	1976.0978323062252	84080.081971	2.17834433258
30818	2	3204.64979815	2030.16587039	2029.66764336	10.3195874173	2052.7642014808775	2016.2463026998073	75103.2940161	2.17832429691
31939	24	3204.96814394	1959.30652763	1953.92924935	58.7558943501	2056.2605624565595	1890.0369495033074	83855.5096933	2.17842452841
31978	29	3205.39695001	1988.19699311	1986.25680834	41.7612174252	2055.6991700946874	1939.3412652967936	84664.3416731	2.17829110114
31890	21	3205.52865696	1990.30114288	1983.57151184	25.697738721	2035.82578898303	1956.531050014052	83172.9954973	2.1783731716
31080	4	3207.24571013	1995.71554277	2008.01967257	56.1405901488	2057.80022800845	1908.7620058309224	76165.4250786	2.17835572101
31176	7	3208.133461	1963.82057566	1968.31404301	59.4007209361	2050.7987200092643	1890.2204383835822	77170.8832609	2.17833562113
31149	6	3208.72995305	1974.48529398	1968.66918681	44.5697605132	2040.0310412456956	1909.6066289592452	76843.8976305	2.17836940097
31227	8	3210.5456171	1969.22245412	1976.17184966	61.0023449588	2048.9245998526926	1888.2399347756057	77179.4810455	2.17836211441
31372	11	3215.60567212	1986.14359434	1972.3158211	33.3180472509	2041.5300796778527	1943.262164768634	78163.1854667	2.17836895027
31880	19	3216.21539712	1986.4657678	1983.77266001	36.7847073935	2051.488722141147	1944.6887765079077	83785.0480151	2.17834293687
31379	12	3218.88126016	1927.67634603	1901.53641304	59.0493808678	2039.1205357556385	1872.1788224087763	78023.7858527	2.17841623247
31989	30	3220.66776896	1970.6034676	1949.32009176	44.7011809049	2043.2020929200069	1924.8066881904306	85981.9801449	2.17834493859
32000	32	3222.74037194	2027.64644294	2034.30606159	27.0922312345	2063.345483054594	1977.3002987004627	86831.1938898	2.1782679646
31321	10	3227.35201001	2005.39972536	2000.08311504	24.2838400039	2043.6455227446004	1976.8673401532674	78393.3213226	2.17836584051
31998	31	3229.06705403	1964.41765518	1955.19262967	51.856901398	2041.8512283604975	1897.607631167081	85771.5994187	2.17837790507
31946	25	3234.34903407	1927.72038346	1913.85502041	65.8010383984	2046.3897400665996	1847.7972598623433	83870.3656288	2.17833915112
31697	15	3239.18620801	1977.74163712	1961.56392919	48.4428367316	2061.504767003908	1930.3258616610278	81166.1997221	2.17832293942
31548	14	3239.19107914	1932.80086184	1916.52950305	53.1160404761	2037.8191191581134	1883.5693073317432	80052.5398767	2.17839248614
31464	13	3244.75644207	1954.27415308	1940.55558276	52.4869021009	2031.4653848189964	1903.312172566973	79045.3084373	2.17828918328
61170	33	6359.44309497	1811.10912601	1815.20162977	48.7656122667	1881.870899575979	1749.420237826076	331636.064924	2.97760179182
62583	41	6361.11296797	1863.74759056	1851.63511542	39.9841590908	1934.6157843024007	1814.5665333313218	347046.78348	2.97724592562
62181	36	6364.93751216	1862.74904068	1865.90561601	32.4573594927	1921.1215914205086	1807.88960105801	341772.190763	2.97747187874
62983	47	6367.23515415	1845.07303203	1834.52987354	58.4521182838	1940.1792796499171	1776.6992087624778	351737.899055	2.9771981717
61581	34	6369.12372494	1851.72599433	1862.91490586	41.2610410947	1909.531620668682	1784.9656952270536	333859.503016	2.97768623478
62297	40	6372.73393607	1862.13749203	1853.53527702	32.8862377063	1922.8427298950048	1830.5886152733317	342464.813896	2.97726921355
62058	35	6376.26119399	1799.50967895	1795.04329984	31.3991178243	1854.408714371647	1755.1404029038256	341020.603811	2.97756693768
62908	45	6379.31001306	1866.80762262	1861.69940852	67.8665364223	1982.6335636996128	1772.569189737917	351429.64955	2.9771457855
62852	42	6381.45553517	1931.58020515	1933.33649833	46.401541831	1999.8696115475323	1852.900851388089	351139.860886	2.97716994205
63006	48	6390.0398221	1802.9349281	1791.79444219	42.6991760907	1880.2702529619896	1751.9674162103051	351368.673854	2.97736664581
62966	46	6391.85866904	1850.92223838	1846.26135727	39.6204373318	1910.8723485841379	1790.735557945613	349699.676686	2.97724437053
63583	56	6405.796422	1801.17976278	1812.12801572	36.7000084599	1857.1133579849554	1748.621829478977	363474.038616	2.97692210851
63014	50	6407.74140811	1861.94171557	1856.31434511	42.0812991015	1934.3632872187104	1807.9341952973857	354213.210598	2.97700682954
62184	37	6416.70853209	1934.78149684	1930.42367505	38.8208946089	1993.2473575982715	1884.5967168780671	340632.124263	2.97751597865
62275	39	6416.80466008	1877.7883146	1867.64439746	31.8710727308	1923.6334848430538	1834.9088188555038	342375.930181	2.97735724818
62264	38	6428.42605495	1915.03531978	1901.10627164	81.3642575109	2046.2737060549357	1816.3361915135126	340443.014188	2.97737714554
63098	52	6430.42197704	1862.91169725	1854.67047505	24.3322309497	1911.584866387655	1833.2462577951321	352619.831214	2.97718776966
63011	49	6434.58789301	1814.04594011	1809.14748428	45.4635427962	1891.7381573086368	1756.7710093391827	350872.618859	2.97710634908
62888	43	6439.30648208	1836.21561618	1820.52868497	45.1804726502	1905.0518995244051	1790.5080330782812	347127.711215	2.97727059858
63792	58	6441.84433794	1917.85311434	1915.18381614	30.4880977462	1967.3914134989805	1873.3328579499146	373780.560535	2.97651386912
62900	44	6442.46706605	1899.41145131	1898.69097239	52.4289217191	1997.402413694382	1830.4781811115863	348490.196154	2.97720542548
63039	51	6445.27420497	1829.39036917	1835.54847642	31.2894475146	1873.904606609775	1787.5428665928262	352856.47614	2.97701294179
63899	61	6451.38673711	1820.38029967	1824.43213174	46.611464731	1889.3281756447816	1755.6728766641545	376859.625564	2.97672813268
63373	53	6462.21592116	1826.59239038	1831.48187143	24.8412801065	1871.4985471462144	1791.9552747395583	357736.610113	2.97693427052
63570	55	6468.59860301	1868.73111128	1861.6444576	38.3931046593	1921.9124134626816	1807.3575411075194	367800.235658	2.97668089351
63482	54	6475.66432214	1830.81710873	1819.70956954	56.9229229149	1926.4323172164452	1756.1862630296719	362116.681379	2.97688074894
63829	59	6481.42997408	1876.46144885	1872.51054072	43.8638207849	1946.02754831398	1826.89763091851	375956.202743	2.97637954544
63896	60	6483.97739506	1792.67735839	1791.08209842	38.5027971578	1849.8894841667554	1737.3872301788756	381123.748714	2.97649395252
63968	62	6494.64032698	1843.1451339	1837.66803908	36.0062837381	1908.2353288298054	1793.932768047642	386582.195178	2.97623142073
63756	57	6496.85173011	1856.61687623	1845.98185164	29.8454827286	1920.684373721881	1826.8233684032907	371275.345176	2.97670380694
63982	63	6505.21598506	1808.71495541	1811.37733883	45.4099938005	1876.2862239584126	1748.715090221289	387154.862049	2.97629441479
64000	64	6520.09138513	1838.90641155	1831.41147139	43.9556071853	1898.1467896816737	1779.9661188960702	392363.777506	2.97596034072
88351	65	9559.74954295	1775.64429	1781.97385329	21.3741399607	1800.0324810042182	1744.6733324930963	727641.374719	3.26442694288
88983	68	9569.1428771	1747.46831762	1750.4959474	22.1068071119	1778.532784806701	1710.2237841548822	732561.967708	3.26462061928
88394	66	9584.26872611	1723.55625452	1716.30388251	14.8673851592	1748.285289286732	1710.5206868989058	721480.371923	3.26464734733
90253	72	9594.94410896	1785.56535988	1776.26579035	35.5100265232	1838.2887441377654	1735.8168455594487	746734.949565	3.26422360145
88831	67	9595.75434494	1773.33653979	1776.14853385	17.0794223501	1802.6318708931758	1748.9302354686815	727584.625144	3.26461574199
90149	71	9597.21941805	1732.10236184	1730.53012329	15.6151281766	1757.3148072521958	1708.353498048586	738361.458537	3.26473957219
90432	73	9598.14214015	1733.75913254	1731.05439275	26.7150471848	1769.238712182953	1699.9773041413303	745434.998119	3.26438783258
89555	69	9606.59424496	1741.92101801	1734.14441056	18.5864436127	1769.3197601193474	1721.9556460246574	728175.418447	3.26483950141
89751	70	9614.27463603	1775.44349982	1775.60044112	22.8571900109	1820.894745187876	1738.2817893988242	737504.452604	3.26431976652
91144	74	9619.65590596	1722.05947361	1721.15070229	15.4477885667	1751.813118889489	1696.8551539519945	754984.948386	3.26462122189
92496	76	9624.66700816	1771.30971745	1767.09185947	22.779126752	1804.643539294689	1746.4260248477833	775159.943482	3.26410063699
91629	75	9639.94039011	1746.6910866	1735.727111	23.5293303662	1788.5829499119272	1721.6324851806514	759034.105051	3.26442379726
93119	79	9650.32802296	1807.17101652	1806.16441786	7.95855464723	1822.8238927528216	1793.0037288897308	780555.195321	3.26421406771
94066	82	9651.37707305	1736.6851458	1736.05510022	12.9792845431	1758.787358768143	1715.9574359159815	801469.683623	3.26401602619
92699	77	9658.37747717	1714.34098008	1713.22990623	20.1828172432	1744.9208721344817	1683.6446310918484	778842.734394	3.26415477351
93038	78	9667.75298905	1871.16844596	1871.37579311	4.03672140014	1877.48520493164	1864.0764873683613	778048.490402	3.26449353611
94473	84	9678.89049411	1833.16234095	1846.25767893	29.234578322	1863.3109936070746	1781.2139075624787	820599.453562	3.26356435999
93924	80	9682.4722631	1791.23336545	1789.28481312	14.3415967191	1818.8191103680876	1771.1145922556727	797295.868072	3.26429930909
93996	81	9691.9983511	1772.98873103	1775.74485942	21.5722505448	1804.73736152301	1731.2403777107224	794022.902865	3.26402956916
94500	85	9697.81616211	1780.11329747	1772.23068643	18.9103107143	1826.2971208350903	1766.3810494618444	810060.362656	3.2640936442
94836	87	9699.20775509	1739.43335392	1746.19939939	15.0843908217	1759.6848711316452	1716.4966798231542	824304.765191	3.26418327354
94618	86	9706.36012506	1776.50314069	1781.24266265	13.2994158763	1796.9453548813833	1758.5821484208104	816281.277938	3.26374311616
94444	83	9710.91973996	1756.68125843	1756.85889968	20.5439782583	1783.218759743033	1722.9225969464162	806329.737838	3.26411787785
95102	88	9711.23732901	1747.61992574	1746.36455326	24.1593847422	1781.2681799562697	1718.8847393301232	829525.945182	3.26385739285
95348	89	9745.00187206	1773.50422623	1771.07212592	21.5055445948	1803.3356290191807	1750.3313787579775	844558.364468	3.26335977597
95728	92	9751.70148301	1707.36717756	1706.24131664	14.2497133172	1727.9938921924481	1684.8421954231678	859799.217489	3.26363124839
95645	91	9753.94285798	1814.81890913	1815.06973361	21.5259665035	1844.6077576907558	1790.4487883682991	858884.160839	3.26317719609
95858	93	9772.55193615	1737.19112157	1730.78907318	23.0234487473	1777.151401188076	1710.5014359029863	870494.047578	3.26333274232
95550	90	9777.00091815	1730.95197718	1729.64354714	7.28871296782	1745.6715343559995	1720.8476846510694	843633.696608	3.26379912705
96000	96	9783.73138595	1753.52965056	1750.51160162	10.276592271	1769.4161223719518	1739.0303439846969	892560.73808	3.26302323594
95904	94	9792.18588305	1820.59242345	1817.66764989	12.4967021689	1843.829627911703	1805.9658861561259	866091.867931	3.26361713028
95945	95	9803.43269801	1699.32100827	1698.15660756	31.2392467381	1750.4253466257264	1654.946773407294	876884.193679	3.26346207744
115707	97	12773.857398	1713.46073155	1711.21854923	9.16425242803	1732.7296700031634	1701.3988558673414	1236815.2911	3.3679462742
116578	98	12803.4282901	1689.69330344	1686.75986839	8.4928945163	1705.7543306821517	1681.0836861227187	1248191.00011	3.36831221276
118564	99	12830.7553921	1722.03114253	1719.10010366	8.56449854386	1734.6808331485786	1711.5858448795586	1278950.26385	3.36800714589
119195	101	12831.2599401	1695.5331825	1691.11284617	15.6893069193	1728.7801590739473	1679.8003262398229	1300659.09267	3.36770602308
119126	100	12841.769037	1729.97213967	1728.5488065	6.59162616426	1743.8757415618793	1721.6989951331504	1295844.12533	3.36796717692
119692	103	12847.2521811	1698.09348576	1699.68669736	16.6494980943	1718.333925779909	1678.0379136800886	1304260.56701	3.36823456224
119509	102	12853.8416471	1685.23436325	1682.57849343	7.6230155227	1700.2538504138506	1674.3905834561572	1305282.68306	3.36789314804
120325	104	12854.913229	1704.59878104	1705.94928515	7.52715228644	1717.6244937929562	1691.327977242204	1313777.83252	3.36827310086
121456	107	12856.833406	1751.25427109	1752.25679784	3.56031634724	1756.4170756634983	1745.3255968594256	1362775.36068	3.36769503952
120631	105	12865.9873831	1723.86353544	1728.38319481	9.71253353292	1732.9960297910325	1705.5423488719644	1331628.46993	3.36772807135
123404	109	12872.194309	1687.78446365	1688.42050314	8.91173953748	1707.3784971998773	1675.7070486058337	1420139.88944	3.36779389821
121282	106	12878.701751	1683.62196129	1681.65655907	7.8452732318	1696.2770770605	1674.1042747523702	1346603.73325	3.36820870076
123574	110	12888.3377931	1769.41334635	1768.56545429	5.56108684278	1782.708382654682	1761.4243624238925	1419333.30949	3.3676454893
122893	108	12900.4039891	1701.79814884	1700.28764908	9.66359312543	1719.8631280817863	1691.9105444978006	1391144.11457	3.36778054534
125078	113	12912.675271	1738.17865254	1734.93693216	10.9079254049	1759.1285180301556	1724.967354732515	1472869.57724	3.36794475868
124429	112	12914.268888	1839.65275695	1841.76423866	19.4303727152	1877.6626065174491	1808.6562893276073	1443431.3432	3.3679474678
125814	116	12921.8828549	1750.1379083	1745.18538663	14.3199681548	1771.339612125913	1736.371593866774	1509161.77005	3.36761063965
124108	111	12924.1468761	1677.08744796	1676.43029547	2.88586718398	1683.4366096419606	1674.229116452896	1432194.42483	3.36754564573
125578	115	12934.543299	1715.46473847	1713.55777234	6.66795041824	1727.4264989904145	1708.203806318159	1492128.95873	3.36738827419
125127	114	12947.441153	1747.46598403	1743.55694723	11.6695373237	1768.4956666233254	1735.0692210333284	1487252.80753	3.36718969171
126383	120	12948.256171	1705.85357319	1706.42003583	10.2962146046	1717.6710419151173	1687.3686927896595	1537064.55167	3.36756036877
126191	118	12950.0538211	1760.29217405	1757.88939383	9.96087060519	1774.1026272866948	1744.629971466237	1531730.56904	3.36706483099
126124	117	12951.5415831	1687.71568788	1683.89333353	17.599248758	1710.8212905568464	1665.861650581754	1513601.90831	3.36804743036
126356	119	12952.4154341	1705.52690623	1708.18196359	11.6470007667	1718.2735471512199	1680.7872374993528	1531335.80099	3.36760446758
127384	122	12998.9619431	1680.59058436	1678.7973671	7.56360789846	1691.5628612846745	1670.8074367096829	1614019.21494	3.36727367669
127181	121	13000.7545872	1719.75514481	1716.22859783	12.1751246731	1739.936211121304	1706.5618390985858	1606707.29594	3.36679567471
127479	123	13004.592432	1780.25531472	1782.77905504	6.51895729057	1788.7229963583022	1767.302942518977	1624109.96073	3.36672919461
127898	126	13018.5935431	1732.91305388	1732.20465902	8.19610270848	1743.044721897522	1718.900433038363	1673115.7481	3.36678239879
127832	125	13028.9982491	1725.04402348	1724.55968317	7.19081498218	1736.4871607040154	1715.068807481345	1644339.27095	3.3671926109
127800	124	13042.563426	1685.82348391	1684.15624656	19.0324824442	1714.1997366605913	1663.0111443412172	1650817.16644	3.36696728294
127967	127	13066.5242541	1796.30583617	1794.20433825	22.1910216444	1827.7967596195017	1767.9234518118708	1671720.27709	3.36715889421
128000	128	13082.174228	1638.0646753	1636.25714675	5.92254239802	1651.0088523653915	1629.4642935578918	1685124.71809	3.3671975746
144272	129	15991.938473	1707.45816043	1708.56651442	3.44022925419	1711.8439792294405	1701.7526372253146	2103336.27699	3.40432415179
147428	130	16004.2303941	1681.10875432	1681.18680847	2.64623329293	1684.820085772764	1677.2901125068004	2154610.89581	3.40479502142
152622	137	16050.9419091	1751.78001141	1756.95658024	14.4676757265	1771.279277906168	1726.1036798207206	2326534.91231	3.4042208656
152276	135	16050.954741	1679.42309063	1678.44320062	10.9244309811	1693.2856372600538	1663.048050454562	2297434.98253	3.40467957368
152482	136	16055.4591641	1676.26644432	1673.09569197	9.24706618116	1689.7433044791828	1662.8916988054302	2300262.79273	3.40425738799
150367	132	16055.7030799	1733.93515253	1734.28078767	5.44916685955	1741.7699506749927	1724.2590190444532	2239333.06531	3.40429947288
153425	139	16055.7643631	1672.12004025	1670.23475202	4.55217539811	1682.9341763478542	1668.4851849193597	2374938.23498	3.4045030418
151319	133	16060.688334	1721.33554616	1720.65495009	9.28096807891	1734.74005050492	1708.611436792772	2270490.95335	3.40431044545
150230	131	16065.2264462	1671.86288121	1671.67900788	8.30869965847	1682.8668833865902	1657.070515759722	2239004.65547	3.40413709533
151770	134	16067.2505951	1676.69632	1676.18083061	4.07628884701	1686.5502518897608	1672.8155628997672	2277997.93417	3.40470677217
153263	138	16076.5854971	1686.86443303	1684.85272709	7.35680609823	1703.0786511398546	1680.2682575490728	2348013.2299	3.40404580482
154193	140	16086.9177182	1686.75669502	1687.82466929	3.99853344289	1691.6468264273192	1679.7714691432448	2375670.61495	3.40466356883
155518	142	16110.0003471	1674.64571804	1676.47370279	8.35993427005	1684.8666306783664	1662.1761858396762	2446882.23707	3.40422456014
154344	141	16117.509007	1745.80921236	1745.49637957	9.23000447175	1760.9497250977136	1734.3391798809403	2416430.6464	3.40414767958
155876	143	16139.3577521	1734.72387066	1737.23293875	7.93720045979	1742.9222188594604	1717.6854464023004	2486821.812	3.40473213153
157090	146	16146.1460261	1659.90288161	1658.98122841	8.78926942612	1672.935059661914	1645.5934364908317	2539994.00174	3.40378801384
156361	145	16149.7983692	1710.38613385	1708.85322594	7.67189879611	1729.711508680279	1701.3511474298211	2532570.72776	3.40424850806
155915	144	16159.097755	1775.85074893	1777.70953573	19.1084633458	1802.3062316492826	1748.1605469457104	2488584.95212	3.40442611189
157899	151	16165.9788561	1732.04008386	1731.05832013	10.0291328007	1753.7164257808174	1721.025587517161	2610758.4967	3.40368456447
157969	152	16179.692821	1655.41496948	1656.90798507	4.54546467728	1661.6037200660064	1646.6621273991786	2597319.108	3.40473673587
157635	148	16180.573313	1682.31860259	1681.95911685	2.59807052664	1688.0772861501227	1678.6493056402849	2610844.3413	3.40414506568
157110	147	16183.411139	1709.69456727	1711.39605163	6.16717301341	1718.156656320035	1698.6686928992958	2561758.64873	3.40375086483
157638	149	16183.802834	1660.81281302	1662.92067543	13.0161813677	1683.8463512138062	1643.53302354279	2602544.33085	3.40418368949
157755	150	16190.4809031	1741.75879893	1745.29060905	9.49701057939	1752.58151208276	1725.5473753629126	2621982.72488	3.40344822395
159148	153	16244.4814641	1689.23016616	1690.02563532	4.87395927939	1696.2969760354938	1682.356040735681	2745438.41966	3.40393109003
159192	154	16245.153024	1761.87651024	1762.65001858	4.32476494366	1769.6639033368865	1753.4377445477671	2766746.44348	3.40333315759
159213	155	16282.390018	1714.04217642	1713.0479682	3.27739772407	1719.938034156533	1710.829250487674	2765571.14537	3.40327264243
159490	156	16294.1708732	1724.3233477	1723.53344709	4.21018607713	1732.452394445741	1718.8840715552908	2811455.36945	3.40352009178
159628	157	16301.5700121	1720.65140659	1721.86962269	3.78467477312	1724.8711504071532	1712.2068081876555	2817590.26699	3.40369537529
159787	158	16317.221493	1660.69302588	1660.3148853	4.25459369325	1667.4071703360503	1654.3713407636392	2844572.03354	3.4036368176
159938	159	16339.0866511	1742.66683566	1736.12838847	12.1822830828	1759.7666594395503	1731.2869637775038	2890974.07041	3.40363505563
160000	160	16371.4420609	1634.26389485	1632.89948865	5.08600458149	1645.9410371361898	1629.129856610989	2909199.30178	3.40390828973
175530	161	19169.081208	1670.34439239	1672.10795898	5.23010184223	1676.8743946335571	1662.1420666136526	3496617.19001	3.41668242191
180372	166	19197.6755161	1693.04497615	1694.36511549	5.40412184415	1699.2615126231435	1682.8011846862819	3716864.31644	3.41671179017
179790	163	19208.929482	1664.80341537	1666.08571641	4.18658049352	1671.538870562272	1659.0401927870914	3663947.27155	3.41681285684
179883	164	19209.1746421	1720.12054261	1719.06755273	5.64442713373	1730.4114474954326	1713.1360754399818	3678965.61377	3.41642646019
180386	167	19211.6373181	1733.64214492	1734.74640379	5.38139631541	1740.0756449041187	1723.508269654321	3677704.91931	3.41628866396
181065	169	19226.2369671	1654.80910512	1653.9353562	2.14391702193	1658.7423195492827	1652.4148541933841	3700606.95656	3.41608437884
176292	162	19240.034996	1699.66878988	1697.28801303	7.43554077382	1714.4220895350152	1690.711042817028	3487976.27088	3.41627085727
181332	170	19245.84354	1674.32074927	1674.08951606	2.55169619331	1678.9378511082868	1670.7198466044217	3709869.03417	3.4169749384
180749	168	19251.8046341	1704.65327577	1704.55557163	4.94198573716	1713.260486415958	1695.3201412196736	3702706.90686	3.41635683991
182799	172	19259.941535	1695.09961862	1692.13581372	7.90581151724	1707.8749715784948	1687.1986097306415	3812577.68491	3.41679864744
180306	165	19272.7979231	1696.2030045	1696.74543352	3.95058792961	1702.1870384849703	1687.7390528922695	3691848.04935	3.41619677863
184397	173	19298.228508	1672.10554317	1673.85273632	4.25118295508	1678.9227657761512	1666.2194857874003	3913074.75643	3.41643777893
181925	171	19299.0445151	1679.0280451	1680.27405528	2.35153397647	1681.550650582312	1674.617486636388	3788491.94544	3.41608239834
186419	175	19319.652806	1649.22484386	1649.88268226	7.57846897296	1659.0014359801032	1637.8258927584816	4062107.32227	3.41589207359
185787	174	19344.2856851	1748.88232918	1749.81587647	4.9152542276	1756.6872262986337	1739.917412777621	3954019.01758	3.41628127807
188817	182	19350.2153192	1653.61265168	1654.03077995	3.92482949678	1658.9246435878963	1645.8566794820479	4205417.9356	3.41638297552
187708	178	19352.758925	1725.72811905	1722.42849094	6.65150663349	1736.4943361343269	1717.4749677833838	4161509.23462	3.41588414448
188181	180	19360.5753	1645.28700542	1644.90541569	3.78566282199	1650.4807460272164	1640.405281480066	4151176.34602	3.41699359233
188898	183	19361.315752	1709.37227852	1709.3122983	2.80569811415	1712.9422139486558	1705.4635110218123	4199994.92277	3.41578718947
186886	176	19393.2710152	1728.94204803	1734.71475801	10.9470819802	1740.4820624141792	1713.0028015198664	4025781.01871	3.41702917446
187616	177	19401.501826	1710.67601873	1711.12805472	8.81393323404	1722.7449665488066	1693.522729132658	4091921.0937	3.41639544564
188041	179	19410.477248	1773.88351092	1773.09266588	11.1744461634	1788.0531265155555	1754.6552318499353	4106425.22464	3.41649018441
188763	181	19411.232867	1686.14641261	1685.88913974	1.1286465917	1688.2969958583367	1684.5077882857663	4208751.87006	3.41631732541
189174	184	19425.8296092	1738.58632664	1738.42396786	3.14838209757	1743.3011072635131	1733.921681498526	4264363.47715	3.41544705013
190519	185	19489.2806621	1691.29370634	1690.88396258	3.8972287424	1697.5616117789864	1685.8342500664853	4421677.11494	3.41609175299
190616	186	19524.2187409	1757.78967126	1758.16476998	7.75818817569	1768.651072666176	1746.390416709411	4449108.98506	3.41557137669
191220	187	19539.571434	1707.16280304	1709.91608623	10.4256236296	1719.7194853029575	1692.3618424303413	4540779.8667	3.41520388813
191762	190	19572.86675	1652.22888335	1652.72856685	1.93488018528	1654.3818046372198	1648.4439344503905	4612744.9851	3.41577900482
191510	188	19578.8690422	1733.87203801	1733.2745685	4.11790207657	1740.2845850446643	1728.3978935937987	4562224.02341	3.41560227423
191625	189	19596.3470922	1729.55198762	1727.2646779	7.58360774404	1743.7322411463463	1720.170266263598	4573036.17993	3.41586229515
191891	191	19605.732697	1737.9843416	1738.51620344	3.95052550167	1744.299218149192	1732.756792728735	4664580.5232	3.41574868691
192000	192	19635.980895	1658.33718981	1658.32746002	4.5318234134	1665.439126148852	1649.9682527087766	4690392.52191	3.41615748186
204835	193	22343.0109141	1695.29729882	1694.84864248	9.07447577065	1709.1269427486593	1678.852481306618	5443352.96263	3.41982125888
207121	194	22364.362222	1729.88531667	1727.93516981	15.9434585365	1751.8936471160634	1703.8910289756202	5620060.73013	3.41996907328
208012	195	22366.4347219	1664.19875081	1662.79956019	6.13497301111	1675.224834810179	1655.9596444889066	5638245.07787	3.42002390776
208082	196	22386.0764592	1745.16494509	1745.44792227	10.5397034643	1758.4048196876724	1728.134421017787	5648366.73426	3.41965715302
208241	197	22410.4186552	1743.769777	1744.28605899	6.2925065579	1753.005581001222	1735.9749332044894	5679116.93616	3.41948833662
209115	198	22428.8868091	1664.82350528	1664.21419778	5.1361637377	1671.360397321886	1659.1915848325962	5736975.24691	3.41923945361
210531	199	22429.8881121	1685.67289284	1686.74133269	6.70732352593	1693.781820829034	1675.058843161834	5793688.77963	3.42032079974
211586	202	22449.7533162	1733.95167195	1736.56026168	8.24593766853	1744.0533735325503	1718.165857000492	5909110.21334	3.4199424869
210861	200	22449.836129	1713.28291709	1712.59700337	8.88317980249	1726.5815567566774	1699.610056740842	5830610.7568	3.41960400149
211481	201	22494.6289551	1696.6381009	1696.68218936	3.40375841357	1701.2941681104762	1690.9729030870378	5765741.1477	3.4192810504
216675	207	22504.450742	1661.54773395	1662.29834483	7.0884118989	1673.5756376088846	1650.872017128627	6355712.67773	3.41955849909
213667	204	22506.5140982	1693.71721825	1692.21023632	12.2946667091	1715.793584516909	1680.7022258225059	6070331.80393	3.41973721038
214422	205	22514.5274761	1684.06969954	1684.9918129	3.50432472302	1688.5829044046932	1677.783314722126	6074800.63475	3.41933414195
213018	203	22521.071224	1713.78577846	1715.19331631	6.63022094186	1722.2375944834016	1700.8624281563953	5930632.20945	3.41931002208
215022	206	22527.3728762	1667.21772094	1668.01968661	8.73658103271	1681.5782077323884	1653.887611665452	6228096.0143	3.41907628267
217076	208	22542.667902	1777.77133626	1773.98831136	11.6875639365	1795.2858820807558	1763.7642774459814	6268922.79584	3.419600445
217202	209	22548.889415	1718.19761095	1718.77687498	6.07988328365	1726.0341768694404	1709.1041700398	6384830.86353	3.41926393854
217368	210	22553.5850351	1724.71815665	1729.31561227	12.0138970161	1738.3482556705715	1708.0478575155826	6388507.20011	3.41921977578
217418	211	22564.8691611	1650.12743975	1649.62819536	3.15505831392	1656.4337979537413	1646.1863838233644	6353954.21703	3.42027300078
219144	212	22605.1800489	1763.23299386	1766.71691897	7.68872295623	1768.7671924706685	1744.8656849102224	6434820.61451	3.4204252438
219463	213	22618.6487792	1702.49325463	1703.94060735	5.3337274756	1706.5748382416834	1689.3988797290178	6507053.67682	3.41962592038
219827	215	22630.570267	1796.85449903	1797.66789868	6.40483487078	1806.3952138592454	1788.1745034583012	6534469.53456	3.41977458488
219817	214	22638.6768401	1695.54079554	1695.36040874	4.11564637508	1701.4502340824902	1688.0213830158127	6571089.04849	3.41977680743
220287	216	22649.51509	1750.21282726	1749.69659339	6.96762653837	1763.039180085946	1740.1785821528815	6677274.02597	3.41871387844
221892	217	22730.3966072	1698.45148384	1699.89147205	7.44786154821	1712.085994105641	1687.9932749608915	6852547.08758	3.41939573986
222782	218	22754.0799861	1776.4970426	1774.65947161	15.0742382573	1797.727591532156	1757.936890751653	6958152.44324	3.41891098326
222978	219	22772.0178959	1703.22819253	1702.89576311	2.07267478021	1706.3519952250635	1699.1369848466263	7050344.10443	3.41831390255
223580	220	22816.374325	1660.90983424	1661.31336925	10.2308494925	1675.2182864994313	1645.679190176262	7094008.48212	3.41907840931
223830	222	22832.7301321	1748.15165121	1747.33260649	3.4547376377	1756.7248676963338	1743.5236840350951	7100137.15812	3.41926254724
223693	221	22839.5115252	1746.51512337	1743.30258349	6.49631217645	1758.3570540016951	1739.5175402928944	7099771.66121	3.41877694158
223892	223	22844.499815	1756.0553812	1757.92998964	5.97855602988	1762.4454142952932	1741.6748188946613	7157993.86227	3.41914608678
224000	224	22926.586529	1671.86287911	1673.73015245	5.4131509489	1677.806293469958	1662.0863359054895	7172506.77258	3.41953725995
234942	225	25538.014518	1720.75423476	1721.18108124	4.97501326886	1727.6799275586318	1713.8905344685109	7946196.7047	3.41982167445
236922	226	25548.9294431	1689.81562813	1689.16200245	8.72717258586	1705.606924523563	1680.5936377225316	8084595.68296	3.42002618134
238584	228	25579.4636621	1773.2257369	1774.68245331	10.1432331667	1788.3409514353868	1760.218659318122	8179334.46507	3.41969762102
241296	231	25615.483355	1699.88379287	1702.95900329	14.8594541106	1721.4248072124653	1676.5914708324326	8419451.00758	3.41917583124
236954	227	25631.602917	1764.01973812	1763.12586391	8.91412888877	1776.5981188260434	1753.129136069416	8074219.62593	3.42010878651
242397	232	25640.681258	1759.71592751	1758.8355622	13.5913240666	1783.8744056178657	1742.8157380874595	8556950.66676	3.41991692764
246174	237	25696.810364	1719.01024986	1719.89403513	17.9553729069	1741.2681488947446	1693.6471924058328	8963345.59787	3.41945225402
245800	236	25706.729254	1729.85904538	1728.95220717	13.4068087681	1746.5155451971632	1712.6865999795257	8878647.47507	3.41989251701
247933	242	25719.4676321	1762.83663696	1767.47216636	17.8338924512	1784.418525328706	1734.8300739789527	9228371.88542	3.41934437474
247829	241	25739.8498302	1736.15533021	1736.6630636	6.1915409031	1744.4173644756104	1726.872955223635	9243623.43268	3.41946512012
248570	243	25748.5990131	1675.50797369	1673.99249403	17.0428378837	1695.718988745856	1653.1390018322584	9258227.86131	3.42037968418
245374	234	25771.7688742	1705.22123222	1705.99527175	2.89845337605	1708.1830912240991	1698.9843024885852	8762584.57153	3.41935894689
250117	244	25849.421778	1776.0951483	1775.03244482	4.49287907132	1785.8170796294273	1771.2821588710294	9464974.25463	3.42059771815
250515	245	25849.9031141	1715.93603762	1716.82733869	8.20667936478	1729.1478194662552	1702.3702192669875	9588302.63661	3.41965421568
250958	246	25864.0681331	1811.6033211	1809.11247027	12.0793619646	1834.2552550698078	1796.5364390837283	9632394.78506	3.41993445569
251298	247	25875.229908	1704.94406841	1698.37354015	12.8998997802	1727.7168403439282	1692.5386532134316	9676695.58224	3.42009705916
251569	248	25890.3651121	1792.19069515	1793.04268355	10.427872711	1811.396290230395	1775.1991963867872	9831374.60332	3.41876044548
253761	249	25978.784517	1722.58876982	1717.89010193	15.1473774207	1744.3680565871427	1705.281792397132	10115913.2697	3.41963630876
254624	251	26004.6389952	1711.74456628	1708.96811403	7.32346491934	1722.6371065627072	1702.3409592917374	10392036.7148	3.41846596998
255442	252	26056.847477	1694.1859942	1694.76865141	7.29265230059	1704.8914583545231	1682.3892337630543	10455022.278	3.41926188528
256000	256	26159.2713292	1694.1054225	1692.5375257	15.5403863648	1722.2648315099993	1674.9228140724658	10592744.5937	3.41982169769
265480	260	28586.166338	1751.12555473	1749.21226682	19.7452910588	1780.340732957777	1726.7901719832278	11849395.5447	3.41827464565
273802	269	28705.646616	1757.94129109	1760.34330404	13.8866776575	1778.768745745594	1732.8138136355478	13206395.3804	3.41874248301
