steps	episodes	elapsed	mean	median	stdev	max	min	average_value	average_entropy
31615	7	3159.85158706	2034.09955237	1972.8056565	225.43518877	2466.901846050036	1777.8851661353917	32237.8158531	2.16667032652
31676	10	3161.88198614	2188.61396873	2093.86832458	245.637785616	2643.974485125241	1964.5107939829961	31870.2284643	2.16816228359
31392	1	3165.13566613	2322.01612288	2256.43051422	219.105930902	2714.9551872713705	2104.4709931126004	31731.3845849	2.16724111002
31590	5	3166.96561313	1956.15621435	1913.56297368	182.522933995	2350.582111606651	1752.6369253130033	32180.0942044	2.16719099238
31573	3	3167.48857093	2129.56127893	2054.53446994	235.38739964	2511.6127788748795	1870.8312600557233	32611.6711251	2.16659763204
31575	4	3169.30055594	2028.39002303	1977.34837722	170.13673557	2381.9428368175677	1836.5540631716497	31919.8277529	2.16810483245
31723	12	3178.25815415	2452.55443358	2398.72871006	379.704923727	3074.965473117781	1999.8045192221796	32287.3358956	2.1672627113
31887	18	3180.96623302	2086.31125189	1983.60884046	262.545778602	2559.448717761855	1835.9565325220562	32697.8877563	2.16723056523
31899	19	3182.76369905	2065.03077587	1983.83346556	239.312621996	2523.0825603450326	1792.3349505958975	33410.388807	2.16642854136
31684	11	3186.48025107	2174.94739407	2105.77420911	199.22062405	2544.6779261162305	1958.6824385027955	32131.1783784	2.16765924353
31942	22	3188.79528999	2102.40797464	2001.70957078	236.26827306	2539.70833552084	1880.3738807160516	34046.9564914	2.16566798834
31881	17	3191.55122113	2043.63213412	2013.12679738	163.365017118	2388.7700122153306	1846.0986661337338	33980.46392	2.16629298007
31952	26	3194.89087009	2180.68539817	2122.44723116	289.54626098	2664.6081707974704	1874.5682660026205	33092.025619	2.1675143959
31909	20	3197.64919114	2214.73183988	2187.6484675	204.195117462	2608.636133753699	1968.998099566133	33022.0105895	2.16714202041
31947	24	3198.43756294	2020.66002378	1962.34079653	210.542069959	2449.353135335352	1811.5005449383407	33708.5206877	2.16772201408
31846	16	3232.56864715	1989.95911992	1932.94220234	235.164239637	2439.5454323719878	1722.4291390420267	33699.996813	2.16625946205
31431	2	3237.23524499	2182.40599806	2186.35501105	112.083180006	2376.174192673902	2005.5519214529302	31974.5838195	2.16764019061
31953	27	3237.24006796	2233.69879864	2159.30184912	287.393018294	2757.887657609812	1930.997572985633	34049.3429013	2.16612287444
31673	9	3238.22220206	2152.86220796	1971.65797361	348.134025181	2672.3787094605714	1851.511602296849	32701.8534112	2.16697136022
31780	15	3240.20479798	2070.62129355	1996.61909559	202.057517633	2467.5262087577316	1858.7171524785506	32412.2885666	2.16833558135
31734	14	3248.17642212	2045.78781176	1991.16749294	201.908550375	2421.8888658464175	1820.678752642798	33184.3756933	2.16660007223
31624	8	3248.37543797	2147.37561438	2094.20875163	232.669914277	2585.893586758608	1871.5870458490758	32522.7389775	2.16731282818
31974	28	3252.04478502	2142.32545847	2066.61596818	251.127618955	2629.2678109032845	1913.5396732458744	34549.8952293	2.16643009067
31916	21	3252.48370814	2093.48440996	2042.13084635	151.614834872	2429.7825222238016	1935.0337679526745	34064.8795647	2.16659570976
32000	32	3256.813025	2315.45340914	2222.3965972	339.686493532	2868.1925036195353	1956.8474302633704	35621.244626	2.16486413034
31999	31	3263.44915009	2152.64542219	2095.73781623	225.330449251	2599.008253402632	1893.4709091294428	34704.6242439	2.16646196838
31992	29	3263.54559493	1983.31671971	1907.04863271	198.322333023	2366.8262850240453	1766.7996203503865	35053.7385676	2.16539072463
31993	30	3270.40703011	1930.70286567	1886.42626654	228.304239774	2364.632694287546	1691.7150425122688	34630.8309719	2.16688357082
55011	33	5958.24059415	2866.96530654	2808.06066893	314.265457521	3354.307681989741	2521.6361425864084	216014.610346	2.92474652837
55647	35	5967.63586998	3260.06255206	3221.26887841	398.904156337	3841.685349446082	2762.211511828003	214269.983194	2.93034393033
55819	38	5972.09729195	2880.43977874	2822.11380989	304.194395197	3344.633232198097	2504.7965630554227	217276.082518	2.93150356598
56561	39	5985.10396099	3814.72505081	3775.17402273	521.460957579	4573.116632257125	3114.5351183399657	230613.310725	2.9266790983
56958	42	5988.31401896	3083.62445792	3038.99504244	368.220156907	3627.4127772278816	2653.925789936572	231374.701463	2.93224178699
57051	43	5989.43660212	2826.08551074	2752.26208767	268.524414522	3261.7256371406634	2544.863107058414	248123.595507	2.92191311116
56753	40	5993.79349709	2903.88391431	2824.97545999	261.448475473	3332.758116993532	2656.1320941863687	232933.363756	2.92886113006
56792	41	6000.44240403	3167.97372487	3075.13969184	441.047935775	3854.9080552259747	2665.014939829693	242970.527322	2.92356084582
57436	44	6004.01607394	2895.64763295	2865.68317409	321.858758479	3385.7499663741933	2483.6760801784003	253326.164315	2.92396458209
59331	50	6012.65603495	3214.65037723	3140.69970409	355.760014054	3763.960033071984	2839.495784427359	297866.760914	2.92570915901
59275	49	6015.10568714	2865.2311531	2812.6528528	311.849919226	3335.130133948105	2465.1894768032016	295415.693769	2.92732201388
59355	51	6018.32358694	2888.79093831	2799.71469495	282.239561688	3357.7528631537702	2598.7186198893296	292665.95749	2.93124211123
59381	52	6020.82620597	3097.28824967	2969.72212824	344.51371947	3669.3355661853366	2724.5937964196155	297492.95824	2.92511740805
59667	54	6026.36448908	2828.59599436	2776.75820688	276.59498983	3255.1070559455457	2517.9633302508246	319452.585052	2.92135061291
59736	55	6026.840873	2697.72890079	2607.26931384	239.66186089	3096.0696883706364	2472.745285451301	319118.015409	2.92489954599
59879	57	6036.62304497	2760.17593061	2705.64246109	286.599032999	3190.8507409342346	2432.0314231593147	333917.772618	2.92147130658
59751	56	6043.16350603	3210.16354003	3166.27458028	396.867948321	3779.58253815716	2744.7256699894515	313103.853074	2.92754390819
55688	37	6045.78067613	2798.15722136	2765.96975113	252.65180353	3170.3050411855497	2510.4438808821596	216071.472058	2.9294280017
59094	48	6066.08494401	2863.44434161	2807.18302122	272.641835195	3294.588311194655	2558.1133447276547	297904.025988	2.92312904802
59973	59	6069.405931	2743.57832562	2704.70974121	266.98510043	3143.853997690658	2445.031644917239	341614.261723	2.92562706366
59916	58	6071.95243502	2854.00668958	2766.67020477	205.873669468	3204.9520216918295	2656.1275802769424	332399.34299	2.92619870774
77023	62	8739.56417894	3980.5807109	3996.14569941	34.7029466351	4006.3574986448307	3898.0502137460844	901800.840963	3.17458672656
76863	61	8751.93606901	3485.02927562	3495.26067572	32.8820002031	3512.93250307313	3412.632984270328	922713.748194	3.16587704381
77387	63	8758.64559293	3476.97948941	3487.9623865	31.3720454688	3505.5609532882063	3409.4584265256526	907579.868852	3.17792418956
78357	64	8773.74483895	3731.32394976	3739.36923221	26.8466229372	3757.26455309201	3677.191452739668	936456.283738	3.18246640448
78439	66	8782.12666893	3399.66028584	3415.75091187	35.5535874687	3427.409690695765	3319.5064697438875	1009746.56994	3.16075247025
78367	65	8794.33666611	4728.78484995	4742.79916113	39.5332753859	4765.017214093123	4641.038693432046	964801.576886	3.16844682188
79270	68	8802.07941008	4049.67478417	4064.54328952	42.9860188213	4085.6310120853786	3948.667972847557	1059288.97258	3.16045118989
80512	76	8807.29850006	3315.06136781	3326.9390854	34.2761221959	3342.9884972118502	3237.9436664874206	1171725.95386	3.16381425936
79801	70	8810.17755413	3870.86956286	3879.11566084	27.9696024087	3900.4782698056274	3812.2996451385584	1067508.25759	3.17207080064
78886	67	8817.17123199	3467.21412991	3481.10010384	35.2157557603	3498.330359311649	3393.7074340813265	968586.158963	3.17874046406
80011	72	8825.52663112	3503.49255095	3513.29651176	39.4594564115	3540.796903812374	3421.1842842471	1058409.35027	3.18054741233
79392	69	8827.19022012	3518.58178132	3531.33984219	31.7116963575	3547.5147307028833	3448.4732822649003	1045334.61126	3.16592600131
80274	74	8836.05815411	3373.12395588	3387.53787897	33.8268503016	3402.34633904486	3299.518101523143	1124595.25309	3.16661680714
79961	71	8854.34704995	3435.63402763	3441.99149165	16.3485549399	3446.5007674295402	3394.9711804679687	1071010.9603	3.17398370011
80075	73	8856.32062292	3848.40787965	3865.29242425	50.5199001764	3895.9881179884765	3748.0581084923306	1107822.34153	3.16391504763
80373	75	8860.03968	3244.19766592	3260.71929101	37.5549344713	3274.078469422011	3160.7429804739586	1152078.51248	3.16722860719
80654	77	8872.21840906	3854.86569906	3861.8556914	19.3514353379	3871.1459347942728	3810.7715720543315	1147986.82895	3.1769520896
80962	79	8877.46321702	3399.9367566	3411.68951594	29.3610599425	3427.446494170358	3339.8991011503126	1262273.6825	3.16362347042
80766	78	8893.21031713	3294.76179703	3302.43138299	35.0894183102	3328.827612117461	3222.119651547149	1142262.21415	3.17403293972
80978	80	8897.25642896	3244.13284045	3251.38808807	22.8609793435	3265.244746546584	3193.1652766569177	1265928.60511	3.16909761244
81000	81	8963.75455809	3328.71342333	3341.67500047	32.4827180673	3354.995822337839	3257.3441952709227	1260984.15805	3.17101802327
94686	82	11514.2443581	4017.93803816	4018.31309687	3.38004012787	4022.216726892574	4012.660899739244	2490042.91677	3.21635787226
95693	83	11540.8638229	3512.57830671	3512.58281239	1.59067148457	3514.81434410885	3510.1440702305113	2629913.26276	3.20805095314
96010	84	11553.5079579	3507.3267818	3507.94224359	1.62572231832	3509.367959057751	3504.200012426115	2577976.40406	3.21997164337
97792	86	11579.0514781	3430.52543033	3430.7571641	2.3969189694	3433.526000741816	3425.26318867658	2935771.90818	3.1922743381
97380	85	11588.748225	3762.72105773	3761.87235188	4.09644848073	3769.3711162525624	3757.5690655273124	2656733.20803	3.22959815732
98585	87	11609.6895781	4763.14579492	4763.94423919	5.82177432719	4771.756574607546	4753.992860077449	2912739.76861	3.20413012679
99022	88	11613.8459051	4091.15633782	4090.34412734	3.41067784955	4098.360849063068	4086.115879692484	3098260.88409	3.19613552436
99536	89	11613.99612	3898.77698831	3898.77139131	3.15009249408	3903.567430806449	3892.0146456614693	3042741.77041	3.21797712003
100150	92	11637.1307931	3549.53417788	3550.36817691	3.57563605447	3554.613117240637	3544.43340658834	3254798.25617	3.1979354642
99815	91	11638.8474171	3506.09548713	3505.80246169	2.66538079786	3509.7196437148827	3502.3825151886767	2973425.68689	3.22859592081
99639	90	11647.7846661	3348.43601548	3347.93616952	2.40226127598	3354.1241898266603	3346.0889998090797	3080174.82265	3.20811418369
100204	93	11651.606426	3542.08730434	3542.11508078	2.59790177703	3544.7565638936044	3537.4978113782995	3076652.7924	3.22875701061
100500	94	11653.313267	3403.13228591	3402.87728038	1.59107917397	3406.5496555616223	3401.5329873236547	3294096.35884	3.20598896536
101101	96	11663.1385729	3899.53255209	3900.79719405	3.66937716829	3903.009156192785	3893.771990123809	3468753.44631	3.19664916666
101469	98	11674.7390611	3872.52430836	3873.3299002	3.5702941745	3877.5439168549747	3867.2374276437167	3454922.63179	3.22535797404
101059	95	11684.580533	3447.21831124	3446.89857879	2.39485077196	3450.7224771400092	3443.8417992938266	3342247.51411	3.21915679361
101580	99	11695.082098	3434.16149439	3433.66405317	3.88166641451	3441.289636282211	3428.2072842701086	3707141.35148	3.20243596108
101700	100	11698.8107021	3333.69907087	3333.78162217	1.36924191651	3336.313349436926	3331.556979507072	3706944.34873	3.20996574989
101745	101	11731.6388791	3274.61397329	3275.33397374	3.27768528709	3278.5317569602985	3266.764557018398	3768664.33149	3.21118378888
101240	97	11743.3459091	3277.50899555	3276.89510999	2.84999317161	3282.189910070363	3273.3726512506623	3520574.90521	3.20337464837
102000	102	11766.8032382	3360.62927044	3359.89927043	2.47098272339	3364.905559167976	3357.932707047766	4105783.86267	3.20972409916
112386	103	14284.4260931	4019.44559464	4019.05462843	3.24810785606	4024.468151307604	4014.414038594496	6362791.99952	3.16463134567
115532	105	14332.282387	3511.73257385	3512.7724554	2.16565245543	3513.930493689613	3507.9085911642305	6863014.8752	3.16675853173
117924	107	14368.883981	3766.29629017	3766.41584798	3.10568098087	3770.814197489546	3761.7430122624864	7214867.35491	3.18462860937
117282	106	14375.6372399	3434.41362223	3435.26974232	2.07672632047	3437.1995452973624	3431.029143455492	7731658.54855	3.12703644514
119585	110	14392.802609	3901.81110005	3901.29162422	3.07912749037	3907.7558214436613	3898.2131879880862	8027310.87302	3.16776063397
119526	109	14408.782752	4093.8115766	4093.19882835	4.05830740651	4100.717244877502	4088.622963936182	8403907.17727	3.13249065849
119321	108	14420.169596	4771.12069998	4771.90721614	4.91528975432	4777.391441231006	4762.545459629095	8076982.4073	3.13885057404
121336	114	14431.3097751	3349.63099177	3349.72117254	3.30353425872	3354.386446664092	3343.516595581773	8696232.93769	3.15157504858
114526	104	14432.4889691	3514.37487058	3514.41217315	1.84249395802	3517.2552461037767	3511.5124395541643	6946013.86319	3.14724885211
120735	112	14434.3414321	3507.62289719	3507.62253906	2.82560914714	3512.9939298061645	3504.237594624141	8204793.70237	3.17963944405
121411	115	14438.0448661	3404.3147308	3404.1713822	2.70430877475	3410.477870636946	3400.7854532759447	8987394.46187	3.14543279974
120621	111	14440.40815	3554.76761443	3555.54613126	2.48799475183	3558.0706626851825	3549.639181584912	8799578.00743	3.13179912837
121609	116	14448.2445691	3903.73925479	3902.77009466	2.38442774732	3907.2901857491343	3901.1533801129135	9242276.67671	3.13500725597
121300	113	14450.0382781	3545.36256913	3545.60240485	2.0985065833	3547.9615216155744	3542.0364474260264	8527766.49415	3.17928952059
122414	120	14471.8474801	3335.23414475	3335.33461473	2.74751194386	3338.896880754507	3331.2860304851124	9779793.29114	3.15232951499
122355	119	14476.771425	3435.54852546	3434.96924528	2.23442136169	3440.035960593714	3433.270555247904	9864439.10293	3.13975995837
121946	117	14480.26984	3874.44201906	3874.80883404	2.65083570036	3879.54624529898	3870.6923104774987	9105255.57986	3.17262115487
122227	118	14492.143436	3451.7079217	3451.34204162	2.24419222772	3455.0001121356413	3447.9762330797594	9347311.17246	3.16233776415
122829	121	14515.6965361	3277.22668491	3277.33932741	1.33527605963	3278.9104893262406	3275.306010247624	10256724.9242	3.15488800419
122908	122	14519.194874	3279.31867987	3279.3920166	2.85281977604	3283.940552951606	3273.8438414360116	10440085.3323	3.13817465803
123000	123	14548.655638	3362.22098853	3362.02204553	3.1262751804	3366.945418486565	3357.5405756595114	10806230.8396	3.15168836977
131917	124	17073.6750941	4021.74873306	4021.90485614	2.6361639408	4025.8612807696604	4018.1507608422567	15626652.8197	3.03681932311
135227	125	17100.942193	3513.35216302	3512.41114686	1.89141604344	3516.4952059385555	3511.3503044432487	16548430.8784	3.05107238301
138501	127	17129.9048719	3434.07818337	3435.10525432	2.99596276737	3436.530915995669	3426.674277938611	19163945.994	2.98855987017
137997	126	17145.06552	3767.37321984	3767.32521243	1.61334522646	3770.335996191395	3764.7396254467376	17458671.3421	3.07344404147
139374	128	17150.5075061	3902.51861524	3902.27019741	2.35473558302	3907.1021716453915	3899.0738686023874	18988209.0632	3.04502725353
140537	129	17192.55019	4098.42429128	4098.42483911	2.96972124564	4103.250486377871	4093.3253839940335	20867041.6073	2.98771841416
141170	130	17198.078135	4771.81129314	4771.81882724	4.33106487391	4778.357788133289	4765.956168094619	20702571.6205	2.99767115019
142221	134	17209.0086	3555.71839594	3555.80474886	2.50808817344	3561.4284159134363	3552.774433009517	22029918.965	2.98717992456
142371	135	17225.060514	3509.13014325	3508.37376228	2.71239470837	3513.9567701582505	3505.893684260965	20640639.0831	3.0517697573
141743	131	17243.564791	3351.30260526	3350.9746161	2.03198952107	3354.6522794082225	3348.2579432544785	21180894.3117	3.01133636111
142825	137	17245.0461581	3904.72830939	3903.52172526	3.24098293648	3911.13773103252	3901.060218021243	22548388.8141	2.9990436901
143320	139	17245.6747921	3438.77762953	3438.78363235	1.43674918733	3440.6015606371975	3436.7009607217055	23502101.1016	3.0079010425
142112	133	17247.9049611	3406.1451326	3405.36281837	3.02454827406	3410.942304486544	3402.76157127114	21671558.7929	3.01181148941
142601	136	17253.448072	3545.87657285	3545.64815839	3.19657449828	3552.0575848582407	3541.6694193526364	21030632.7687	3.06454850258
143159	138	17268.257221	3336.86242514	3337.39708794	1.15959920319	3338.0298425647593	3334.8756259779407	22757051.3397	3.0314384625
143647	141	17275.0706141	3453.73532148	3454.66910908	2.72793415176	3457.8620470570895	3448.555706623199	23398161.9784	3.03294940475
143464	140	17277.341167	3876.99455124	3877.92582624	2.88520674306	3880.7921198488434	3872.2500605017194	22510495.5277	3.05443428391
142099	132	17295.8161521	3516.3183388	3515.9760118	2.68132586552	3520.4101087166346	3512.088007056816	21152769.0627	3.006533421
143873	143	17303.108927	3278.04574964	3277.63413739	3.00827850933	3284.9203751511277	3274.3127661420776	24310748.5494	3.03730193944
143872	142	17339.097872	3281.54215513	3281.38483244	1.5284684339	3284.3701332873584	3278.7192653035827	24865813.4869	3.00796168541
144000	144	17356.4282022	3363.10867658	3362.75941019	1.47609967787	3366.0777849323877	3361.1600406610587	25514319.4412	3.02724641879
152755	145	19884.9906251	4024.27140234	4024.22012653	2.763538464	4027.566004886601	4020.331068771118	36214322.7027	2.85085897527
154655	146	19903.4136829	3514.25000174	3514.51684715	2.14212497457	3518.179589168109	3510.547492771702	36749341.8516	2.88184494911
156623	147	19922.8645401	3435.400806	3436.05287924	2.25045721143	3438.471265900606	3430.65456220288	40942617.7422	2.80048211006
157792	148	19934.224103	3769.56616087	3769.90167796	2.24617467463	3772.848774392164	3765.801908377852	38712894.1402	2.91129317689
158129	149	19939.5085821	3906.34596257	3905.79443497	2.35160211222	3909.760634694359	3903.0263035227467	40734738.1212	2.86534411169
160653	150	19991.3288171	4099.43099593	4099.29290736	2.98235365128	4105.309293603764	4095.7990195548273	46414800.8269	2.7862151854
161691	152	20001.9405119	3556.86250545	3557.78073947	2.5952538321	3560.387983893819	3552.2269514595982	47277429.9	2.80043594626
161182	151	20013.7284441	4773.86651416	4773.05455678	3.88669371241	4782.484384651478	4769.315190351767	45618326.5997	2.80775560177
163242	154	20019.284565	3905.35002906	3905.20903626	1.62542901088	3907.6985522214227	3902.902989503013	49440004.2447	2.81560367145
163333	155	20021.8028791	3437.48504282	3437.40175723	2.84462862744	3440.91960283701	3433.5317388208273	49924861.9744	2.81938367747
162511	153	20024.924087	3511.21713769	3511.6647088	2.16850691276	3513.9781548773094	3506.498790917042	45538080.5587	2.87547443911
163411	156	20034.5960231	3406.97173279	3406.04615976	2.33452345263	3410.2533438537994	3404.1526049626264	48963804.6923	2.83562762109
163974	158	20061.079886	3547.86473272	3547.98446616	1.95160994341	3551.386030994176	3545.1016116169662	47716903.4433	2.9071699925
163459	157	20062.4503419	3353.19238328	3352.5533617	2.90206652986	3356.899557970459	3348.8079134281707	48778019.8648	2.81817832185
164272	160	20071.0132861	3877.54847395	3877.65209367	2.12699771376	3880.2986925827045	3874.3792418019716	49792950.1491	2.88373255151
164282	161	20085.949085	3452.3671647	3451.87047678	3.55332804631	3456.7750243722408	3446.883363889257	50803730.4378	2.85069280281
164658	163	20098.4560871	3279.62790078	3279.20673256	2.05805703871	3282.281645563979	3276.5708797532834	52425432.7381	2.86378697925
164063	159	20124.7060452	3337.58915984	3337.5891532	2.3339466101	3341.5798818503795	3333.992050859003	49892529.2667	2.86171992959
164618	162	20143.455373	3516.82267066	3517.12938873	1.83168558952	3519.5833371036324	3513.8100425812986	52825009.8035	2.81847965066
164938	164	20145.929888	3281.36913392	3281.24306404	1.51247484137	3284.379882563019	3278.640597559837	56012241.4307	2.81586374487
165000	165	20155.917228	3363.19497227	3363.5721331	1.52066918914	3364.8298565494492	3359.924553017094	55547167.5584	2.85755969213
175761	167	22713.6262991	3513.34873799	3513.75042882	2.62292739614	3518.183160028367	3509.4375009831083	77413010.008	2.65740306943
176954	168	22714.159538	3436.76226462	3436.66552948	2.39679690469	3440.616973866825	3431.8259279852455	84048871.3054	2.5616086679
177779	169	22714.6624269	3768.93943883	3769.35744398	2.6346725227	3772.6971369140106	3764.6381734448123	78861711.3842	2.70382714994
175177	166	22755.446399	4024.80506038	4025.70412216	3.70756709823	4029.1316341825427	4016.931500461409	78320823.0459	2.61444020488
179082	170	22761.5154641	3905.29821877	3905.66615349	2.41001851776	3907.672585283673	3899.509204064538	83655490.3686	2.63301022325
181865	172	22785.2183201	3556.34624252	3556.19589705	2.89861040228	3559.7429638075837	3550.4003832752583	94678136.5513	2.56233996695
181346	171	22796.2322149	4099.92729741	4099.57667035	2.70632485414	4105.0092932030675	4096.26051196463	94887245.576	2.54302097964
182839	174	22800.603447	3905.65313668	3905.37370381	3.3650280975	3912.2140988594806	3899.856261030505	96889428.6609	2.5870597768
183049	175	22804.5106981	3439.16351234	3439.34823332	1.80556163406	3441.759940984059	3435.997875496976	97307716.6967	2.58947979406
183556	177	22831.8191421	3407.98288411	3407.70292503	1.1348436719	3409.5532216278016	3406.0449749528398	98447998.392	2.60242341939
182803	173	22832.6941671	4774.59480417	4774.73080084	2.30052014278	4777.261546852259	4770.750605043776	95461954.978	2.56555561797
183243	176	22833.9483571	3510.99875047	3510.88091122	2.3678379423	3514.507807290352	3508.3349062703173	93313019.3463	2.64109770447
184442	179	22849.466804	3354.84891613	3354.63448205	1.15244117571	3356.5887361799337	3353.145163137083	101719060.572	2.57996267898
184722	180	22856.4743161	3881.22057553	3881.01537481	2.31410362024	3883.8769017009627	3877.816943886443	99160992.0801	2.66885402679
184394	178	22856.982295	3548.56828013	3548.86820676	2.22762192592	3551.180484081097	3543.6263531613745	96189565.546	2.70707279369
185037	181	22884.502543	3454.21722257	3454.59983319	2.42707339601	3459.3442430531186	3450.3709479577146	102692986.602	2.62306625071
185327	182	22907.891108	3279.70797418	3279.60791096	2.28095778823	3283.171360020517	3276.452924290091	104336838.319	2.63882802803
186000	186	22946.667784	3364.6571611	3364.38492919	1.98099667543	3367.147042460742	3361.7498264719434	110571341.393	2.63642191421
185686	183	22976.2546341	3338.71884596	3338.81341418	1.56429234078	3341.350641380733	3336.6992066097664	105915852.218	2.63876561849
185975	185	22984.3019471	3517.33012263	3517.34345815	1.25242727678	3519.5356371758135	3515.1380365752343	111878700.542	2.58532078211
185931	184	23021.303587	3281.88301472	3281.04147801	2.25829383983	3287.4553095085885	3280.1399790664154	112800707.846	2.57527874671
197038	188	25499.391768	3770.71378778	3769.91838872	3.04287329812	3775.5716102204883	3766.811763298791	148438870.822	2.44598785854
197170	189	25511.608819	3515.01715143	3514.60352592	3.12770455504	3520.5766210218962	3511.77998055031	151234873.324	2.38782882995
196968	187	25515.7996609	3435.65427965	3435.60664241	2.3414169586	3439.6624898648447	3431.9705173278057	160102481.352	2.2767318604
200117	191	25549.229038	3907.06298999	3906.84231949	1.78898683911	3910.056886409202	3903.4831245194973	162453826.838	2.34242903738
202287	193	25574.2884581	4098.92762741	4099.38382915	2.52606752369	4101.989023861112	4094.203129802198	180547177.424	2.25444212586
201508	192	25574.5174451	3558.38678344	3558.57210868	2.51545412357	3562.2404164264703	3554.820919600756	175465421.206	2.27631504332
202313	194	25580.2386379	3908.61576875	3910.17091268	3.81116578776	3913.034344055801	3901.6479153837076	177143665.611	2.31886800488
202646	195	25617.4619431	3439.75182123	3439.33900038	2.39709868718	3442.638853619278	3436.6611475047853	178872950.744	2.30930444175
199987	190	25620.1594701	4025.67522102	4024.22416849	3.69666475804	4033.6350940090792	4022.144805137516	161385054.99	2.33825560001
204446	199	25636.8254161	3354.04551127	3353.87578449	2.36164112928	3357.665467883306	3349.6823232866545	188477871.874	2.30458738058
203954	196	25637.097425	3407.8409077	3407.75766276	2.66370799213	3411.473501136496	3403.669187116795	184140558.689	2.32435654414
203991	197	25647.397191	3512.41950059	3512.49607822	2.4522581049	3515.6878911063995	3508.513364720978	177363689.095	2.36322409998
204013	198	25659.9574959	4775.31572682	4775.27412369	1.66559025983	4777.982605890112	4771.929185652167	184227459.617	2.27708687663
204724	201	25662.5976241	3548.78454816	3547.84866058	1.9977036649	3552.1644924112284	3546.6349195369485	179220835.72	2.45368206132
204654	200	25670.6448441	3881.66487749	3882.0207149	2.4243677128	3885.530615325114	3877.7798661099596	181534818.766	2.4064905438
205347	202	25681.7576861	3454.5274894	3453.86963208	1.75518073555	3457.8934930087657	3452.1743140865033	191195807.546	2.34911402007
205801	203	25738.5613801	3280.11872153	3280.97501621	2.47510910662	3283.0991092130967	3274.8801849680567	194350444.13	2.36649655702
206354	204	25750.1515281	3366.47317805	3367.20157793	2.25565903386	3368.6889736787716	3361.691838805084	202599443.425	2.35683060116
206835	205	25820.4394372	3519.65143873	3519.27902354	3.617534361	3525.529003930143	3513.0146526566377	212027420.782	2.30610470709
207000	207	25834.9281759	3283.20166931	3283.04343078	2.56587134973	3289.240494756559	3280.452980134305	214932937.333	2.28691759123
206885	206	25860.565974	3338.10900209	3338.00857433	2.40087723351	3341.463836818251	3333.292430593371	204430180.353	2.36907785989
216603	208	28288.2184219	3769.58147293	3769.17822345	2.57431664045	3774.5175161030047	3765.8696162470887	263506390.753	2.14021295557
217498	209	28296.81236	3516.83814424	3516.84019225	2.24973797385	3520.180621652331	3511.7980799767606	272195778.823	2.07150874843
217802	210	28306.4033	3435.7851982	3435.58052086	1.9913451961	3438.759559690592	3433.280093129887	287581085.597	1.95918740352
220987	213	28339.011657	4100.06187938	4099.53212726	2.21671415753	4104.061610652349	4097.2351834084575	312337278.571	1.92262184657
219934	211	28350.582979	3908.48652156	3908.81220843	2.79280259191	3912.512900927152	3904.047582457673	288654106.14	2.008721731
220970	212	28360.628701	3560.03457645	3560.84548062	2.63046857879	3563.433114066538	3555.353493566822	305463218.125	1.95659645017
221704	214	28376.925745	3908.32224809	3908.66122311	2.15671263216	3910.5030965503147	3903.160455002146	305265700.179	2.00641425743
223393	215	28414.393503	3441.42262051	3441.14209204	2.2270038087	3445.4377064592945	3438.751907753631	316049455.921	1.98823727061
224132	217	28422.1698151	3355.5607036	3355.91202281	2.29184284715	3359.1132183651885	3350.9782841582028	324754190.185	1.98911289622
224318	218	28457.191292	3409.51298631	3409.25485906	2.4871583053	3413.2201570149564	3406.162391222195	322938048.012	2.00435260443
224834	219	28463.9293761	3511.41283844	3511.23829129	2.03692006607	3514.292029168524	3508.7805450231112	315505060.633	2.0386173134
225232	220	28471.8276629	3549.88636965	3549.94248635	2.59704290691	3554.125504736365	3544.969049549353	313794353.936	2.1489325321
225435	222	28475.0981741	3880.71671756	3880.11780893	2.78057604477	3885.192174673865	3877.0421709111765	319185232.893	2.09992304942
225742	223	28480.3295171	3456.05325253	3456.31176926	1.74481823462	3459.4496896836627	3453.041059605261	331062039.268	2.03208261314
223948	216	28483.682091	4027.70098156	4027.60163138	2.42047493181	4031.260715020832	4023.2177557808122	307810050.279	2.0207408277
225234	221	28498.5136302	4776.98668357	4775.28773332	4.03057295621	4786.033613036011	4774.050627375145	331123468.63	1.94855133828
226804	224	28546.3749571	3281.19339756	3280.78155174	2.08694519731	3285.0739135793347	3277.5086810168486	342945647.072	2.04275844686
226964	225	28558.307209	3364.99341581	3364.78230597	2.01568404973	3369.081292267211	3362.329558735334	349621729.894	2.02942323252
228000	228	28663.4242389	3338.01520581	3338.5022166	2.18058057965	3340.8588474273074	3333.614801174227	363009269.369	2.05537575006
227935	227	28669.786298	3284.23467333	3284.46422556	1.79528513148	3286.2800150814646	3280.464486554789	373506811.051	1.95376416903
227814	226	28676.3143961	3521.24486154	3520.86361739	1.95399407477	3525.9471815707543	3518.902379815169	370058059.951	1.98901468015
237156	230	31070.428992	3516.75115271	3516.90683314	2.06725416694	3519.366151076549	3514.0781269279087	456119481.72	1.73628816662
236791	229	31086.0222111	3772.11477016	3772.31011261	2.59962607809	3775.0723739931286	3765.892885369083	444303679.516	1.80358993724
237878	231	31098.295372	3437.45046238	3436.96590855	1.66671794405	3441.081863552766	3435.294117649747	482272260.235	1.62946147001
239593	232	31118.547868	4102.55643388	4101.89188067	3.76133797533	4108.08439391532	4095.6791100867276	507621449.208	1.57739103165
240735	233	31118.924612	3908.11088708	3908.74857929	2.27155705187	3911.0936324094537	3904.5469211601094	485144031.31	1.66739586319
241617	235	31156.9769089	3909.58439637	3909.44472669	2.08837310465	3913.769028819553	3906.7728788712807	504730548.479	1.67085305437
240864	234	31169.556253	3559.01195965	3558.09232322	2.7719453757	3563.704734185111	3555.6105599828315	503642804.695	1.63121277716
243851	237	31200.219686	3356.10856295	3356.40373594	1.53246057162	3358.030778689869	3353.208666246264	530874129.001	1.66010114051
243255	236	31201.200125	3441.8514833	3441.1491673	2.63771923185	3447.2745826174787	3439.086760626689	522736116.057	1.6584099963
245298	238	31253.80494	3410.30345821	3409.71615431	1.5018610838	3412.457233578778	3407.9251648711434	540045903.498	1.67317638626
246064	241	31274.915658	3880.75947911	3880.55612056	2.21240730406	3885.609525570622	3877.8227465829814	527849558.195	1.76324265511
246094	242	31277.978497	3457.60672969	3457.65021379	2.21755589917	3460.9145101479107	3453.142718947145	542561987.998	1.69505511617
245923	240	31278.8820469	3551.09536387	3551.44061066	1.64163344542	3553.7016538039047	3548.6744847546697	520450314.545	1.81801446545
245607	239	31281.669148	3513.39511108	3512.83112635	1.93344816893	3516.4027386580997	3511.065923819516	528593390.926	1.69721630963
246347	243	31329.6006811	4027.73704417	4027.80908639	2.6663639456	4030.7098018734077	4023.56214960396	537810573.136	1.68154965545
246698	244	31345.02512	4780.21228056	4779.9192984	2.52109342952	4785.0150756440735	4775.106892439037	560570064.054	1.60691131833
247697	246	31347.7200511	3367.20713635	3367.36582422	1.05135687615	3368.946005034173	3365.8527711898646	572560065.815	1.69206537436
247554	245	31356.7863321	3281.40926921	3281.81982531	2.12202939595	3284.7526201459673	3277.15834136695	564708835.776	1.70284708222
248980	248	31506.587352	3282.89323865	3282.78355493	2.19544875678	3286.45080914091	3279.487018369985	613820938.996	1.61443643272
249000	249	31525.0541861	3520.01279692	3520.10032047	1.91236812134	3522.7484473301247	3515.931636112195	611728777.756	1.65318646617
248896	247	31538.167341	3339.50565891	3339.43779008	1.11807798943	3340.891355651397	3337.6545687320104	595923874.42	1.72105577287
256721	250	33850.981318	3516.68549123	3517.09540162	1.90983332316	3519.0703141289596	3513.6942638078353	726470800.608	1.41794284491
257713	251	33889.461437	3771.8299109	3771.067109	3.68736826228	3779.266071681908	3766.8370161534212	716760988.082	1.47643807212
259385	253	33893.2645051	3909.2984454	3908.4813098	2.47921250711	3913.948011601594	3905.674939888687	762197744.271	1.35968143872
258353	252	33895.684011	3439.07039355	3439.33131862	1.83617909321	3442.1153667869366	3436.064375834093	770313214.795	1.3348743394
259571	254	33920.772438	4100.56504012	4100.79787606	2.51075892257	4103.880563981289	4095.2500655922995	798262703.314	1.27333926762
261469	255	33952.106988	3908.63163297	3908.46288406	1.78530885998	3912.085412177888	3905.8639244529795	793958217.077	1.36287686371
261890	256	33969.38867	3558.16521241	3558.09695981	2.56995569709	3562.286406660562	3554.57081009241	804371274.789	1.33191971349
263274	257	33986.2282331	3441.5948582	3440.99993188	3.07967458029	3447.1106234641215	3437.9958810355065	821332946.035	1.35609809495
263382	258	33990.3085241	3355.52965772	3355.19248922	1.80639055478	3359.031443517471	3353.0085957451897	827116288.618	1.35875724551
265176	259	34040.010102	3410.35549932	3410.10508154	1.34172699522	3412.141225150008	3408.7218668979745	850956248.923	1.37185108673
266061	260	34064.236495	3549.96423039	3550.10178795	2.06989707117	3553.314170805336	3546.5905353548296	822145610.296	1.50007966003
266090	261	34082.2933002	3456.91513304	3456.97929382	2.55364747753	3459.677378290959	3453.2647154488845	850805739.564	1.38136609124
266225	262	34095.351294	3881.60179414	3881.35388161	2.60490114657	3885.435301099233	3877.0953452139297	832751945.066	1.44166134712
266243	263	34107.906167	3514.38614065	3515.05821125	2.56119659431	3517.205835991561	3509.8145100344273	843055910.167	1.3850591491
267907	265	34148.9048221	3367.06880917	3367.66477966	2.52730328026	3371.2119028846264	3362.739439302207	888998409.989	1.38355977756
267580	264	34149.5779471	4027.2768931	4027.34511453	3.09690740861	4032.5461422790218	4022.0368406539737	871832134.52	1.36533459262
268092	267	34174.31306	3280.18501695	3279.74047479	2.36538078221	3285.090726303962	3277.5322073299694	885267360.648	1.39316732782
267930	266	34227.168505	4780.32086843	4781.42166884	4.0790241659	4784.917773167122	4773.431346152976	899925998.655	1.29936895537
269766	268	34290.3053889	3284.12575206	3284.29886353	2.15457792684	3286.9118280816874	3281.251462428	957580501.611	1.3084274434
269980	269	34381.2781169	3520.57969959	3520.14198856	2.07767439523	3524.9722864491123	3517.6622168967124	958993984.712	1.34843869829
270000	270	34441.072866	3340.46007516	3340.66660648	2.05059565247	3343.10242570854	3336.9138849878154	937638658.977	1.40909695966
277222	271	36677.7660961	3516.9036633	3517.05885957	2.06518031168	3519.832554892748	3513.962229075463	1111378369.0	1.14043406017
279129	273	36683.6215529	3908.73169066	3908.6879959	3.01955591158	3914.38139782369	3903.9034206515357	1153214303.76	1.09364045656
279276	274	36684.434629	3437.96831475	3437.92555109	1.80796647914	3440.7341919648716	3435.569133117266	1178904741.72	1.08226051366
280373	275	36710.190913	4102.391021	4101.70424069	4.09955589716	4108.203511768627	4094.875978132639	1216313463.33	1.02421075905
278962	272	36713.8003759	3773.45234186	3773.82297948	2.31495542304	3778.099099342503	3770.238288979656	1107579372.67	1.18705410254
281777	276	36735.47525	3909.10726716	3909.31726691	3.36620093328	3915.9878650063088	3904.7707097928046	1204041280.25	1.10538605953
283371	279	36770.300442	3356.16774927	3355.73034453	2.1067891628	3361.2606527109674	3354.0185933068437	1242866318.92	1.09794403211
282496	277	36775.29829	3560.8699013	3560.8378837	3.27313210209	3566.8649604438083	3554.6123597635983	1225990421.35	1.07493290935
283240	278	36784.5466599	3440.72193585	3441.88163659	2.9278291618	3444.1166661314346	3435.7836818154874	1236106008.2	1.09204934818
286045	281	36866.964632	3550.16471415	3550.36431599	2.15745617118	3553.812212552852	3547.011203926908	1236079328.21	1.21936718621
285159	280	36891.816906	3410.42051651	3410.4522891	2.50168544562	3413.5664683916425	3406.621691709436	1276510605.92	1.11654105929
286969	283	36896.0650911	3881.55006955	3880.82374336	1.95434246992	3885.521046534816	3879.1324768180257	1264298353.84	1.16530540873
286610	282	36901.0858619	3456.0654523	3455.98561063	1.94131525866	3459.050952033883	3452.507050871111	1284120697.69	1.11372159091
287259	284	36920.7567241	3514.04438087	3513.80259635	1.81375793917	3516.7189283307625	3511.8168976018997	1288462458.43	1.11486004687
288107	285	36933.631644	3366.82477694	3366.64356401	2.75682831721	3372.1971330643237	3361.7558944962702	1329613453.03	1.1224460685
288564	287	36993.6101949	3281.37105449	3280.34207905	2.36160215416	3285.5165969752993	3279.161144127952	1333798405.11	1.13127853854
288192	286	37000.844589	4027.40601118	4027.51403741	2.38070849727	4030.738581814542	4024.3793309208418	1326321689.43	1.09748490103
289368	288	37063.7746069	4781.59279265	4781.67346752	2.11416622992	4785.679274990712	4778.969772128129	1385416292.87	1.04202245849
290047	289	37077.213064	3285.16237419	3285.11623246	1.28246341109	3286.800255926962	3282.7284374377127	1421854196.16	1.04843653992
291000	291	37271.188431	3339.60137941	3339.26911812	2.02970886052	3342.4628900830867	3336.725764733934	1415431508.79	1.14420781942
290806	290	37284.1225021	3521.55226647	3521.72048257	2.48185411917	3526.8861646825044	3518.505027112642	1438388391.28	1.09410974176
299147	292	39475.117245	3517.24902611	3516.13464682	2.7140495906	3522.5496001072543	3515.0637915997386	1653826168.85	0.903928745202
299390	293	39482.5820019	3438.11199418	3437.96726801	2.71712921506	3442.094876373028	3434.4593244425587	1726270379.83	0.863810776833
300786	296	39498.2987521	3772.87338645	3772.90741259	3.04457832893	3778.879910483156	3769.4195185209805	1653335193.97	0.938036608694
299728	294	39498.9293921	3909.38126547	3909.36898632	2.09638877248	3911.619817150895	3905.4647838480055	1690255031.37	0.863489182403
300616	295	39520.4875131	4103.34388288	4103.06092558	3.24632434823	4110.3004310966935	4097.908731815528	1776576496.74	0.807826906885
301880	297	39541.5975151	3909.46493492	3909.50526677	2.51814947059	3913.513317408483	3904.5307301434827	1754546363.08	0.884992014603
303051	298	39550.9040811	3355.90678423	3355.96081921	3.03096756039	3360.7818820555963	3352.3945029925303	1797137549.98	0.8691148985
303303	299	39584.563158	3562.17771209	3561.98324024	2.96546612035	3566.4664826614194	3557.258969495245	1799232704.83	0.851575199227
303636	300	39585.9343441	3442.25427953	3443.15143365	3.02650176919	3445.6200278880774	3436.88772418992	1801762601.51	0.856857242217
306591	301	39664.750967	3552.69378675	3553.13536039	2.10085386175	3555.4896872043278	3548.478233948018	1798257629.3	0.984463036705
307579	303	39686.4212651	3883.58413572	3883.78357027	3.28992344993	3887.8239120973385	3878.062189222414	1838900248.12	0.936386437864
307664	304	39687.8385789	3457.81498487	3457.65489469	2.19352746122	3460.869051260681	3453.230612474533	1875874286.6	0.887518842203
307556	302	39711.9436162	3409.62149062	3409.65432598	2.3870816075	3414.5297743901738	3405.425374018861	1889718588.39	0.890579613101
308100	305	39726.5545361	3513.80339804	3513.70860153	3.05865974365	3518.0042888954663	3509.6149112047583	1883461181.9	0.877007483897
308581	306	39767.763037	3367.99101155	3367.39079517	2.43517154767	3372.7882919425697	3364.345709625989	1918477962.87	0.889281630414
309346	307	39818.721138	3283.04082918	3283.10770142	1.98292173433	3286.4731725745182	3280.008260453928	1940394216.72	0.8997633416
309488	308	39834.5454931	4030.02154969	4029.93378925	3.03343545205	4034.164926071094	4026.417614949674	1951426689.34	0.869610339526
310454	310	39875.0932009	3284.90816248	3285.03345194	1.96802820929	3288.5060468805395	3282.1476099323363	2041974748.92	0.821498292141
310363	309	39910.632597	4781.78816393	4780.74075219	4.38250515683	4789.753605827663	4776.509191365845	2026153995.37	0.818202740944
311937	311	40062.989428	3340.93782392	3341.69547041	3.16330458879	3345.612347347821	3336.3656853926213	2048256602.03	0.920914972075
312000	312	40123.7696011	3521.35360507	3521.43346203	1.6868696905	3524.2882255509744	3517.795342789625	2087853574.26	0.869117603359
319971	313	42256.5991971	3518.17438537	3518.72947198	2.79926787799	3523.634082856528	3513.187139053384	2368209332.14	0.685814021115
320352	314	42277.274158	3437.66421217	3437.4002391	3.5140531246	3442.9351293029295	3431.0079507191476	2456612566.75	0.659024973727
321884	317	42286.1120911	4103.2840361	4104.68828702	3.75309255613	4109.036578969316	4097.266099715573	2530598744.54	0.611236293307
320991	315	42288.5594761	3773.89141783	3773.98147373	3.47963333625	3777.6043525974546	3765.862748868862	2357435472.24	0.718650970784
321328	316	42312.0856831	3910.20637446	3909.64337794	2.56480654238	3915.432962885967	3906.6955506051627	2423842798.39	0.655049993404
322694	318	42314.015389	3910.56856451	3911.06432475	2.50374256204	3914.0414806918616	3906.165570170477	2491451250.92	0.682761916885
323246	319	42338.2258	3355.33719483	3355.82510073	3.04087877327	3359.1325126216684	3350.5657070842353	2530217670.89	0.657186674251
324339	321	42391.4008679	3442.22409817	3442.86751034	2.54993590308	3445.421868726825	3437.668818958269	2555461919.87	0.647019500031
324295	320	42395.719281	3559.09925749	3558.48273364	3.06083102715	3564.598732747938	3555.112226509508	2562373202.99	0.646132331471
327720	323	42466.485081	3458.29333872	3458.64552254	2.3768746548	3462.045969244278	3454.141771692724	2637807702.61	0.676865122199
326952	322	42466.9863729	3552.69581335	3552.54240978	2.60170003745	3556.076430335727	3548.502119620525	2541218290.93	0.768412310355
327745	324	42513.8307719	3883.38084291	3882.73292968	3.89996269942	3892.7102407160123	3877.199823106376	2588247256.5	0.726626360769
328811	326	42530.6638751	3514.6707898	3513.63973096	2.82254467111	3521.207719504017	3512.1451379787145	2662923828.22	0.662989063597
328430	325	42560.3531811	3411.01102856	3410.70304683	1.64908780632	3413.8583211681257	3408.59395608351	2689809706.21	0.680453202584
329598	327	42566.8891551	3368.21246771	3367.81165234	1.6569319695	3370.2938244091583	3365.814680453554	2716806627.49	0.677297234502
330411	328	42626.8677101	3282.47009224	3282.89376224	1.96879464398	3284.847645749528	3279.6370465976147	2742738878.47	0.686068626914
331147	330	42660.8499551	3285.7423902	3285.63977259	2.36303500466	3290.196812468728	3282.218175340035	2856751748.12	0.617777161045
330736	329	42666.0867991	4030.44632615	4030.23799966	1.93311071291	4033.7239624756303	4027.265653928879	2768774141.08	0.662319561286
331606	331	42799.9760799	4779.94863136	4779.05224697	4.86507727415	4788.56522573118	4774.931693002945	2868429583.15	0.618190483216
332751	332	42858.415211	3341.10258769	3340.44551562	2.03028609982	3344.4694087039816	3338.75275452096	2871125630.74	0.712560976594
333000	333	42957.0823929	3520.49582488	3520.14416104	1.95733615879	3523.728941890905	3517.6333608393898	2936725323.0	0.661002510137
340248	334	45042.2772481	3518.28872088	3517.83494694	1.60818773973	3521.330351433158	3516.4667546574274	3286959487.54	0.506404925509
341112	335	45058.824363	3438.22490876	3437.77310723	3.38363007422	3444.82049962773	3431.606406091865	3407109795.42	0.489534128241
341450	336	45088.3044221	4105.07017685	4104.53072586	2.31912710012	4111.114852078527	4102.809170704978	3476565971.73	0.452123814513
341667	337	45095.036201	3772.61057046	3772.41481309	2.42326979729	3777.9431134805577	3769.634388831235	3275999854.23	0.535642818931
342491	338	45098.523438	3911.12469962	3911.2602771	2.90686766924	3914.95125143031	3906.4641706372017	3426410207.25	0.511226261055
342629	339	45104.834748	3910.62352051	3910.23939546	3.32120244126	3916.3303471520917	3906.0812191889813	3385154078.52	0.486180779789
343390	340	45106.3459129	3358.73203437	3359.01510891	1.93992540759	3360.8747138142994	3355.1043499944253	3480412876.73	0.486073451078
345265	342	45194.533303	3559.8323126	3559.79025821	1.44067885429	3562.184712803461	3557.694258370474	3555251531.03	0.476373066531
345169	341	45196.7198031	3443.59078751	3443.74533177	2.43261251673	3447.2136879062086	3440.078062761121	3538244663.64	0.4763665595
347602	343	45255.542918	3457.02555152	3456.45170058	3.04497795606	3462.644220842922	3453.3636646060836	3605192667.62	0.501026102273
348954	345	45309.8638651	3883.85701095	3883.71771784	2.22221779668	3887.2632786269523	3879.947633871965	3584653579.21	0.541747284713
347812	344	45323.531405	3552.17668018	3552.06368974	2.85729080905	3558.261870956529	3548.6068295651535	3508174262.84	0.577756591629
349349	346	45332.229202	3514.77059645	3514.2012483	1.81655066109	3517.653628191614	3512.145416091901	3664659749.02	0.488895529233
349958	347	45342.7177811	3411.68391661	3411.41808541	2.5656833939	3415.7629656631793	3407.493563519513	3741238374.06	0.505168305993
350120	348	45378.384069	3368.31121612	3367.8607191	2.24293482178	3373.4607674988447	3365.540886237856	3728538364.29	0.502181785417
351658	350	45456.07726	3286.67699982	3286.43368776	1.894445944	3289.927439291725	3283.5254658302642	3893644495.92	0.453436882354
351162	349	45464.794379	3282.94381008	3282.31851031	2.08895741909	3287.056981128222	3280.6492150908716	3768038008.45	0.508239712234
351765	351	45491.028023	4028.9280954	4028.55753073	1.76616289271	4032.6781876863292	4026.819205802435	3817158383.7	0.490380069215
353198	352	45627.050796	4781.0140846	4780.25757754	4.22131742122	4787.280798838539	4775.842669574516	3964877637.43	0.455556261242
353605	353	45661.4652321	3341.90734338	3342.14060828	2.19543384795	3344.832873409906	3337.4952262244524	3921263804.23	0.535670977881
354000	354	45785.6190321	3522.2011811	3521.06158881	2.16236001743	3526.2502826385676	3519.8259717281653	4022414081.34	0.489958977917
360709	355	47811.1750181	3518.99873969	3518.48420919	2.38827429648	3523.858474034768	3515.09826519345	4453277850.44	0.368435209239
361342	356	47835.136327	3438.81391091	3438.45948462	2.56219354302	3444.6874233163485	3436.0043221186384	4600679587.01	0.355754696738
362524	357	47873.0136139	4104.39663928	4105.73676506	3.55296880573	4108.150990082445	4099.324833456444	4701801082.18	0.326689819329
363019	359	47884.216192	3912.81465061	3914.02513089	3.17797857139	3916.6398951873116	3907.726282488222	4616972722.42	0.375861858478
363148	360	47888.2359769	3357.09862718	3356.55364724	1.90946197726	3360.204203236124	3353.777734794802	4664210257.35	0.353839325059
362916	358	47899.4503591	3774.05799251	3773.2718352	3.89496716441	3780.0699223451247	3768.0234903289256	4458807164.14	0.39328768247
363510	361	47968.9366331	3911.00508003	3911.73531025	2.78800331679	3914.470171219441	3906.3895469049608	4597721044.78	0.35377782406
366143	362	48005.608861	3442.21150328	3441.85789226	2.68327926447	3446.0357729377606	3437.4806349863215	4787816498.85	0.344979201673
366223	363	48037.0990582	3561.83387989	3561.64867852	3.02322723567	3569.0183153478415	3558.48135738466	4807472007.13	0.346025114447
367937	364	48061.88729	3458.65121028	3458.94044269	3.37957674472	3462.728594434131	3452.7841492339417	4833877058.65	0.364667866413
369622	365	48118.155153	3883.9613991	3884.21301914	2.40152723754	3887.1090885168537	3878.3863222849363	4824783628.22	0.395949529112
369981	366	48142.7461221	3553.28092347	3552.90503611	3.15230983219	3559.005178684464	3549.714024610268	4789542036.58	0.424937973807
370168	367	48145.173274	3514.06511594	3513.71401208	3.09568405898	3519.1624599599886	3508.0766555959735	4927841061.77	0.35480251169
370353	368	48156.485595	3411.47093159	3411.7645651	1.78125418411	3415.123153158782	3408.525333461898	5018541919.35	0.368935037072
370981	369	48185.7356889	3369.17538967	3369.34272057	1.56840151337	3371.175345345396	3366.63898252853	5014772067.94	0.366501456743
372382	370	48264.050416	3286.00177537	3286.02183169	2.42691852504	3289.271403274081	3282.118355371774	5201986396.37	0.328266730733
372523	371	48274.6146421	3284.73578714	3284.15695192	2.3807209073	3289.595725248264	3281.7875494543673	5083189755.66	0.371490503688
372822	372	48291.1543381	4030.05807122	4029.86276589	2.39306894381	4034.885054093263	4027.1410399353517	5138959625.2	0.357035097622
374273	373	48462.7665651	4781.91234065	4781.38589735	2.85890608822	4785.610374295147	4778.763267825158	5327801130.86	0.331211930189
374517	374	48478.425807	3341.8941153	3342.1889665	1.10873194975	3343.616986768201	3340.1631581195556	5245299707.79	0.393700706682
375000	375	48633.892005	3522.08174426	3522.15534039	2.15771906167	3527.275653792146	3518.8409146983226	5387143356.53	0.356783278843
380460	376	50617.8657901	3517.42131295	3517.89494611	2.78605309569	3520.641274313174	3511.5045150983465	5889157928.11	0.263608064906
381323	377	50632.8335121	3438.98265026	3438.91902727	1.90042576882	3442.0444171275863	3435.4204883023094	6073185038.1	0.255556270512
383002	380	50651.199409	3357.52146348	3358.13762946	1.63461299434	3359.5461123850987	3355.0223462338467	6140847534.9	0.253352005369
382890	379	50674.6932421	3911.46778996	3911.71832515	3.22574402871	3915.8931876484285	3905.7728486808346	6091916364.13	0.272040594742
383438	381	50681.501091	3774.87808633	3775.12421255	2.57313495464	3777.953196005636	3769.2209462171995	5932350632.61	0.28369725763
382562	378	50684.2737901	4103.97472971	4103.62249236	2.8970142612	4109.192703747163	4099.215017717719	6208282131.74	0.233299351182
386079	382	50807.8309	3910.58649831	3911.73647952	2.95587317326	3913.729949149955	3906.293535940984	6172645828.52	0.253047382096
386852	383	50807.993634	3443.08680566	3443.11333298	1.7892356536	3446.7959184824263	3440.024242926337	6332684344.71	0.245749802184
387961	384	50845.875109	3561.68500433	3561.48450686	2.64669445321	3566.768501646603	3557.7558706266796	6395791235.01	0.24778662283
388812	385	50854.971297	3459.09586917	3459.41998123	2.37006816245	3462.2253889271956	3454.0374655009014	6372784534.1	0.261481006544
390575	386	50917.828372	3883.60601073	3882.9574071	2.19013035184	3886.4508066258086	3881.0506723258504	6368803708.69	0.285837427465
391280	388	50924.7712309	3514.18536176	3514.40629903	2.06997894152	3516.771086231821	3510.836383120733	6505772144.29	0.253865176233
391192	387	50935.9739561	3552.1743963	3551.86482792	2.68814527741	3556.0728793415324	3549.1562675229875	6360584727.63	0.307910826868
391509	389	50963.2644069	3412.2133908	3411.46041032	2.41025851259	3416.162536664042	3409.701450999334	6617221480.96	0.265996974438
391939	390	50966.7718771	3368.99602454	3369.3369611	2.17840673826	3371.5737639102504	3365.0823398690345	6609357131.86	0.262655652863
393273	391	51066.9559021	3285.95227301	3285.78821324	0.898628148592	3287.285528786448	3284.505453755822	6834294197.06	0.233826594482
393619	393	51117.1196342	4031.66188042	4031.21109866	2.23708838966	4036.8969248591434	4028.950186439652	6760571886.17	0.256240415016
393425	392	51150.811722	3285.04338342	3284.25023495	2.14659739306	3288.069763204583	3281.538447696629	6703319693.04	0.268084443044
395388	395	51280.30584	3340.33359112	3340.54040697	2.40168551427	3343.315878505938	3336.6815899838543	6887752219.96	0.284151288348
395302	394	51282.6247551	4782.07581517	4781.71898357	3.37851548695	4788.615074414232	4777.454196796573	7010724816.13	0.236672281744
396000	396	51496.2067909	3522.5186841	3522.67341949	2.65487160931	3526.4821624181372	3518.5616584979634	7075255511.77	0.256048326726
401992	397	53402.007766	3519.9412871	3520.3529964	3.11103746375	3525.225755705213	3516.3048544381786	7693307293.57	0.185140599816
402830	399	53415.9981101	3359.07448877	3358.8596383	3.83041474802	3364.129288416462	3353.01022588467	7928616318.84	0.178825215831
402388	398	53421.3885071	3441.03884973	3440.12435264	3.1540248709	3446.5355748445777	3437.567377600004	7902942184.06	0.181123830771
403957	402	53468.8218691	4106.67340231	4107.32459273	2.47338494042	4110.063916063049	4102.12219699956	8090069825.76	0.163651930266
403875	401	53479.6144631	3773.67490737	3773.60700258	2.27085623829	3777.000323432541	3769.4220886574294	7719491551.75	0.200740296616
403613	400	53492.907681	3912.30030295	3911.02625474	2.63769987901	3917.6869810872154	3910.365920716604	7912125698.46	0.193328894269
408099	404	53569.887321	3913.16410584	3912.9161796	1.62994330776	3915.993605396567	3910.114266101032	8117326870.96	0.177595095079
408079	403	53616.470093	3443.93241708	3443.41350638	1.46152687647	3447.6415454117673	3442.6231537869367	8234927130.23	0.171787495108
409265	405	53662.401036	3561.90871648	3561.12946162	3.10352776185	3567.6477312210704	3556.957287284119	8334900373.47	0.174299823387
409554	406	53666.1077271	3459.08054102	3459.00500153	1.71325012895	3461.67682902968	3455.9117705375165	8261766407.02	0.184080981122
411278	407	53709.7971761	3884.35561933	3884.28113858	2.92529907163	3888.343395046302	3879.9185173478027	8264646579.82	0.202933397426
411426	408	53724.2153389	3514.47788084	3514.6350051	2.32547632576	3517.517542158508	3511.0557891768353	8403971741.63	0.177655873392
411743	409	53735.3025961	3552.88519396	3553.28750614	2.09512063531	3556.5264469798067	3549.0761985041527	8258775359.45	0.220042819907
412274	411	53738.4398711	3368.84262428	3369.30074263	1.80866247038	3371.0612034186797	3365.5344479238433	8530231629.74	0.184589677051
412253	410	53749.791054	3412.72640962	3412.85259783	2.38936785185	3415.3485561442653	3408.842994374947	8578470649.21	0.187913738956
413764	412	53897.525831	3285.12882782	3284.90146955	1.93753584544	3288.4429740790706	3282.842411562416	8821651308.57	0.162939776266
415025	414	53952.430562	3283.80208233	3283.95723728	1.91875147756	3286.4738912406115	3280.2670323950306	8737715585.81	0.189584938617
414660	413	53955.890995	4032.98261458	4033.58986354	2.77349407621	4037.1009007421117	4029.212674693099	8754850432.13	0.180797525599
416146	415	54089.5190301	3342.50224716	3343.06439755	2.60172920185	3345.7627435646696	3336.6851850089265	8886509283.4	0.201808854282
416188	416	54105.87356	4782.59067482	4783.67793299	4.01468873896	4786.206224932308	4775.575562676334	9055367163.65	0.165724133304
417000	417	54292.7561121	3523.4070282	3523.76860247	3.02683213793	3527.15991315275	3518.300317815553	9136375757.89	0.180259784231
422440	418	56193.1431301	3520.20163989	3519.73751225	1.92671765959	3524.413280433301	3517.139350262801	9871503672.13	0.127591611821
423017	419	56198.446856	3440.78204992	3440.77892479	1.66556723142	3444.070056285081	3438.464562102504	10121532146.9	0.126060778169
423061	420	56199.8311841	3358.05016336	3358.12861472	2.0218803067	3361.1354205870543	3355.139258465363	10108096466.4	0.123991632131
424800	421	56252.3385921	4103.90996633	4103.46198701	4.04654383448	4109.220410742462	4096.050014555113	10352814533.3	0.112904222942
424839	422	56264.8370361	3775.1285333	3775.01157282	2.75060500686	3779.74517236534	3771.0957670232124	9911238113.23	0.139163883748
425462	423	56315.7098851	3914.47207518	3914.23104105	2.26700890478	3919.4248901140245	3911.2178093640587	10181541590.7	0.134641151438
427902	424	56348.759587	3913.3823479	3913.43941787	2.67322927186	3917.6508598212786	3908.473246561489	10355778300.6	0.12229380857
429562	425	56413.4181089	3444.1955678	3443.99558597	2.73606469653	3448.1543903106326	3439.678774844498	10563047375.4	0.117993182997
430848	427	56467.9513149	3459.36151363	3458.90090732	2.280994123	3462.6905260564026	3456.7100943980668	10586318836.7	0.127111374578
430748	426	56470.8572099	3562.5677536	3561.88284927	1.84377541924	3565.576912337589	3560.199419010655	10700315427.7	0.120373360546
431989	428	56516.2441661	3885.67671742	3885.70583706	2.39063229211	3888.8623329040397	3881.493590208425	10554288016.6	0.141497540898
432649	431	56538.1576211	3369.94192836	3369.68571406	1.1807560663	3371.919600708799	3368.3697099850424	10828039445.7	0.127539849241
432616	430	56553.788687	3553.43764084	3553.33605679	1.67735037965	3555.583125364335	3550.544430819262	10559313753.6	0.154421064477
432842	432	56568.439646	3411.70522268	3411.40713214	1.63633399184	3415.5188085725067	3409.511798498773	10923422377.8	0.130418641705
432407	429	56603.978667	3515.83589034	3516.53569903	2.37882502865	3519.263628047216	3512.4982428147223	10728076490.0	0.12206183094
435069	433	56701.765861	3285.77001131	3285.63583861	1.69008123986	3289.071013156115	3283.4215046437675	11259891935.0	0.111565705365
435826	434	56744.210115	3284.7246937	3285.01148095	1.83781918663	3288.5426457327067	3281.9605033924613	11139996548.0	0.13150988419
435967	435	56807.4230571	4032.32240269	4032.13226339	2.45033936256	4036.9224592739583	4028.4135502057934	11182939662.2	0.125034394125
437149	436	56897.396811	3341.725268	3342.10005784	2.58203308008	3346.3637898760194	3337.987103329429	11305089837.5	0.140748169907
437283	437	56904.3004181	4782.36887036	4783.04142895	3.30784604563	4786.742259153241	4777.698857267649	11527071813.7	0.113887666946
438000	438	57105.9666471	3523.36942561	3523.15649841	1.45268400653	3525.874213000554	3521.438842013571	11615505600.8	0.124806724076
443527	439	58975.7811511	3520.38870046	3521.32061233	3.16323708803	3523.6732245431804	3513.109775149566	12498572041.8	0.0867555576523
443630	440	58993.766078	3440.1739705	3440.38856103	2.07785035505	3443.876614657997	3436.9175036280185	12770741671.1	0.0862776035632
443670	441	58997.7766521	3356.89055739	3356.60951759	1.94342800772	3360.8946661700083	3354.0539382986453	12740242624.1	0.0846911141597
445038	442	59041.6973171	4105.39569727	4105.77820412	2.87287092214	4108.912281998186	4099.132986766062	13046404828.2	0.0768008369278
446748	444	59110.1260211	3912.87794024	3912.61382272	2.0444544739	3916.8460701133345	3910.0930874743735	12925227709.0	0.0920988558683
445316	443	59120.4611561	3775.51129274	3775.34867048	2.30533227239	3778.9585941632868	3772.2205513729327	12529769286.7	0.0949891307837
447824	445	59148.240113	3913.06689356	3913.34136469	2.83234655187	3918.988405701122	3908.9300240505518	13020352958.7	0.0830375914701
449750	446	59214.1591921	3444.61224666	3444.24490071	1.62417556723	3447.163764625482	3441.988762464816	13306352510.2	0.0800230853902
451382	447	59282.422457	3460.52259062	3459.87032265	2.19334866798	3463.9985832453854	3456.7521286996744	13334825084.9	0.0863759414031
451481	448	59285.0472829	3561.30336403	3561.6549696	2.17950110772	3564.5016071722453	3557.9658388144353	13493665393.2	0.0819122474814
452629	449	59318.5191422	3886.61384024	3886.17912308	1.77128021788	3889.24431179306	3884.549513802872	13285124749.1	0.0969211604656
453130	450	59344.4066281	3369.72382798	3370.21039509	1.75909536659	3371.451206356935	3367.2407697934573	13583042786.5	0.0867432038887
453537	451	59368.095134	3554.53570173	3553.92970442	2.12769444311	3558.114081916321	3551.8705071909203	13320524022.8	0.106355560644
453751	452	59407.0306261	3412.30508432	3412.25094531	1.90983862303	3415.4449828746547	3409.399721722767	13741289106.3	0.0892314086483
454309	453	59419.4213049	3514.71656711	3514.94506082	2.50941080737	3519.0066411919665	3509.9813343329897	13631897300.2	0.0828440918538
455874	454	59497.2644119	3287.98227194	3289.62008637	2.62715657444	3290.419443495422	3283.8496024106144	14136746484.1	0.0754604079661
456549	455	59537.215179	3285.07595064	3284.75686355	2.06775000663	3288.308142168417	3281.653716463308	13983120008.2	0.0896499999512
457284	456	59631.987354	4033.01095351	4032.78274175	3.7055066627	4040.0824374655817	4028.42913485711	14105150495.7	0.0852461789767
458168	457	59746.4641461	3341.87352427	3342.19630659	1.53671583556	3344.049746148495	3339.228488686488	14197904569.4	0.0964233687829
458228	458	59761.0001011	4784.85317181	4784.8218807	3.15231616907	4790.256222424247	4778.404072729151	14460516616.9	0.0773555949975
459000	459	59923.2181699	3523.67028519	3523.36841479	1.9903756027	3527.5407102109857	3520.927587571825	14572213067.5	0.0850916402742
463895	460	61766.2109971	3520.72506941	3519.80287987	2.45019020773	3524.8103859541816	3517.500818669583	15586090018.9	0.0583835390866
464390	461	61784.1924341	3441.29834061	3441.21483598	1.58255643323	3444.6489613816248	3438.6667198907553	15919231355.3	0.0584289124505
464487	462	61800.7050421	3357.38274441	3358.03413726	3.11273491519	3362.9710081721164	3353.267818464127	15884641005.8	0.0572151083197
465566	463	61855.4811001	4105.50751108	4106.82507971	2.46973955774	4108.467759110428	4102.154864069608	16230333259.9	0.051761879453
467366	464	61908.076762	3913.80116961	3912.67993229	3.41404473691	3919.2256466360645	3909.6172941347377	16116374298.2	0.0622940742251
467666	465	61918.1615841	3775.25729733	3774.55431386	2.95659310083	3781.4099968935584	3771.7795497616826	15749892641.7	0.0640985443406
468424	466	61949.0329361	3912.45330399	3913.20536111	2.37265112751	3917.006109873569	3908.7718145972676	16194400578.1	0.0558560384911
470515	467	62054.1867909	3443.71521484	3444.07907785	1.79253287055	3446.7016330237147	3441.4459910838873	16553237120.2	0.0538300874356
472584	469	62076.7001791	3564.50225877	3565.14064736	1.90549676731	3566.365519439307	3561.071119718109	16801624768.2	0.0552445030107
472472	468	62081.53353	3460.29563063	3459.63259339	2.2494411492	3463.5188641152367	3456.4925923619708	16606156237.1	0.0581752083747
473460	470	62115.4951031	3884.21937717	3884.69397419	2.7510975011	3888.000462972422	3879.2637983722616	16514691572.8	0.0655096645849
474063	471	62142.9868701	3370.38632599	3370.07417282	1.99044990925	3373.699164527334	3367.101280565502	16869933300.3	0.0584747054909
474499	472	62203.0888941	3555.21539497	3556.69076844	3.83423056556	3561.6845962251155	3548.416644505062	16589710831.8	0.0724944349119
475438	474	62216.913835	3516.0785521	3515.5327942	2.02108522373	3519.381835654954	3513.9317321341646	17008241215.3	0.0559300728281
475210	473	62260.6844311	3412.6520228	3413.22521336	2.13007334426	3415.9351844401226	3408.074939489832	17137215163.3	0.0604944186514
476351	475	62282.6713321	3287.03041765	3287.43525244	2.76275977239	3291.520510492473	3282.5532034390462	17521861453.2	0.0506317011894
476958	476	62345.2082081	3285.21809447	3285.62761974	2.47230832714	3288.967463394396	3281.180405904877	17329426373.7	0.06044247434
478077	477	62454.9692671	4033.95917503	4034.18969535	2.36261342487	4038.342112304997	4030.468477065138	17528536022.0	0.0574666451249
479227	478	62541.348943	3343.14955707	3343.66062807	2.27564443435	3346.2226815126046	3339.5669477999304	17629517030.6	0.0652473481226
479397	479	62582.2009959	4784.13378615	4783.5388719	3.48577470103	4788.614161294577	4779.3997945067495	17949629333.6	0.0521212368254
480000	480	62739.3899	3523.40201549	3522.5308583	2.51838145437	3528.0385833414443	3520.304597231875	18058542410.7	0.0574886691155
484533	481	64542.4446449	3520.40084519	3520.591875	2.92675634828	3525.4927998693843	3515.1553214322657	19224842473.4	0.0391779401023
485045	482	64585.1114001	3440.58576153	3439.98726486	2.69720901675	3447.1529617139595	3437.1193155095407	19618294349.8	0.0393427000286
485474	483	64613.534292	3358.25902155	3358.27703778	1.75288703569	3360.570642322406	3355.7796908722335	19606862004.8	0.0385764610861
486720	484	64683.8728499	4107.11791096	4107.47440506	3.53498833332	4111.4141731313985	4100.694539180613	20012728693.0	0.0348300395529
488507	486	64727.2645969	3774.59960486	3774.51804094	2.64068397733	3778.1546684232508	3771.571279259117	19470064893.8	0.0430555674845
488220	485	64736.5673511	3912.0523941	3912.29545902	1.74546196898	3914.5046040737575	3908.5922079541024	19858426062.2	0.0419771355901
489174	487	64741.5470591	3912.69790349	3912.1530582	3.3846537432	3917.1805185022818	3907.189376766846	19943277678.8	0.037532909526
492307	488	64837.9336021	3446.082774	3446.1090098	2.04093060183	3449.3807852253403	3442.9042985108235	20454898014.3	0.0362834453068
493124	490	64871.4157929	3459.34842951	3459.57253613	1.16414274969	3460.886478642272	3457.0416696290404	20419473828.7	0.0392005419714
493075	489	64884.960624	3563.31105961	3563.99835188	2.76809306738	3565.9551075410473	3557.2705814742044	20633306855.2	0.0372479014646
494048	491	64909.4496961	3885.53223513	3886.11584675	1.98550269581	3887.991317105746	3881.757347033434	20294673252.5	0.0439150704133
494726	492	64934.2130702	3369.81881135	3369.79667498	1.44981554079	3371.9409571328874	3367.1768869502307	20717174633.8	0.0395506496761
495953	493	65018.206511	3554.62745845	3554.3530689	1.6602123629	3558.7567622246193	3552.861570314665	20492928504.5	0.0491468723731
496184	494	65048.8841021	3517.31946592	3517.73634973	2.10801415002	3521.0590887580875	3513.8680955286923	20905691089.2	0.0378850188178
496849	495	65087.716156	3414.42410434	3413.70387892	2.16249511177	3418.8792392698433	3411.892227831251	21184473696.5	0.040844753183
497082	496	65096.8056891	3288.28746651	3288.08049845	1.88031281606	3290.9957577143664	3285.055768296791	21459500260.4	0.034065718844
497925	497	65166.7387199	3285.63787076	3285.56860099	1.77661712848	3287.699055924114	3283.2705235757635	21274943875.1	0.0406175279263
499189	498	65277.731118	4033.39564443	4033.78503948	2.48263935288	4035.849730611268	4029.7924892459287	21546364701.3	0.038669582015
500065	499	65337.791754	3342.56290206	3341.30498873	2.97374100441	3347.2879025944726	3339.6854967657496	21629345921.3	0.0439718131147
500398	500	65390.8494751	4784.39896253	4784.55398129	2.8172235487	4789.446774576637	4780.3335338680645	22033984750.6	0.0351750178367
501000	501	65542.2484691	3523.24943033	3523.01011414	1.74981258365	3526.095025846343	3521.0449266130267	22145832867.2	0.0387008926096
504738	502	67322.604074	3520.29542738	3520.39976064	1.30058504146	3522.1241693534935	3517.998234791104	23440318008.1	0.0263776839535
506444	504	67380.1820321	3359.2599814	3359.39871968	2.07684036754	3362.127546144623	3356.0176436716683	23953234442.8	0.0260750961946
505854	503	67416.31039	3442.53250499	3443.51746385	2.59795980456	3445.6397956179744	3438.7530515556423	23936492241.1	0.0264938161775
508511	505	67496.3322811	4105.42719559	4106.45623162	3.47660741895	4110.6500883281	4097.8248003474355	24476919024.4	0.023538404105
509822	506	67503.5712161	3774.98466954	3775.29986364	3.15208827333	3780.144348032772	3769.275361182037	23809526441.8	0.0290338344187
510108	507	67535.2046931	3913.95601099	3913.84592188	2.4158268286	3917.5379001246374	3910.534453875059	24307554461.7	0.0283692217795
510179	508	67575.1257219	3911.91682037	3909.96726343	4.12839404345	3918.622339608386	3907.1513775792696	24301842992.4	0.0253290277589
512511	509	67612.164571	3445.97270399	3445.43573532	2.47973079842	3450.661429432481	3442.7064698034687	24902310256.6	0.0245043386858
513584	510	67670.9626031	3460.85651447	3460.60285987	2.49556420404	3465.5453409553497	3457.2416915857325	24843212240.3	0.0264764593445
513928	511	67702.9762011	3563.70093499	3563.73014163	1.27145530592	3565.938817118174	3561.245549866608	25133800678.3	0.0251899179361
514815	512	67714.5122831	3885.47295808	3885.07988045	3.51276408932	3890.0853506545614	3880.3984400392405	24710258100.8	0.0293937953669
515119	513	67737.201463	3370.89729743	3370.43893504	2.36695855188	3374.6597248666194	3367.98996011094	25175075618.3	0.0267592507118
516753	514	67829.9678211	3554.46558037	3554.81085327	2.27883087854	3558.9907533597247	3550.9530725215927	25005648240.0	0.0333320446598
517344	515	67854.043638	3516.43258308	3516.01752014	1.77302622877	3519.0720645423166	3514.2102941248136	25499064260.2	0.0256410230103
517973	516	67877.2184451	3413.05776051	3413.03870729	2.92109557978	3417.936518041103	3409.120272563538	25845000204.2	0.0275942926526
518078	517	67887.2061021	3287.2087424	3287.32616637	0.80716761533	3288.545951449435	3285.608698156175	26070131047.7	0.0229930152181
519042	518	67962.2924449	3284.55190674	3284.36166032	2.40469021785	3288.624807323206	3281.1703181467064	25885401727.1	0.0273554410672
520348	519	68114.7029901	4034.44285488	4035.65643743	3.86780875431	4039.4143019560893	4028.5458292579715	26222740922.7	0.0261344537209
521015	520	68141.039629	3342.6736506	3341.92941248	1.96190605118	3346.3712012139385	3340.5503873683488	26276869524.5	0.0297401173621
521432	521	68199.0149891	4788.56844263	4787.88044994	2.2634815814	4794.340100754025	4786.334343092286	26772816116.9	0.0237639877755
522000	522	68350.4549279	3522.84971334	3522.53131483	2.82180142421	3527.821464985189	3518.458888564173	26894467845.7	0.0261091351819
525190	523	70101.46839	3520.54919347	3520.74365789	1.68637239556	3522.6519368905188	3517.362928062567	28337870168.7	0.017738319094
526648	524	70164.818012	3359.01676845	3359.30915507	1.83225835342	3361.460887234104	3355.7560203964513	28902368859.5	0.0175886996108
527750	525	70219.1133959	3442.10955997	3442.5192822	1.66755518851	3444.737339282555	3439.6519544857383	29042625832.3	0.0178682599833
529994	527	70296.2219059	3776.55741309	3776.55849787	2.479478848	3780.544629042176	3772.8491969239194	28741958560.7	0.0196208358077
529854	526	70306.4419651	4107.83229796	4108.24353974	2.52329629277	4111.132022974725	4103.534315603785	29645222871.9	0.0159099556079
530886	528	70346.9928861	3913.90227903	3914.5421229	2.96199396903	3917.905924894414	3909.882057549589	29398378217.6	0.0191888531468
531970	529	70363.3951511	3912.31727754	3912.65156361	2.68543467402	3915.975457479259	3906.502234246028	29482498077.9	0.0170993993565
532747	530	70379.0086911	3445.29744838	3444.99084378	1.76559471047	3448.196211843193	3443.179585846084	29973640339.6	0.0164952096391
534512	531	70459.4911711	3460.61698864	3459.68180035	2.89887956354	3464.205855503021	3455.8626021633554	29981343249.9	0.0178808291005
535392	532	70484.2437789	3562.97226495	3562.61388283	1.90089453409	3566.2414372180087	3560.531319000194	30398793978.3	0.0170300107256
535669	533	70530.8549991	3887.12343813	3886.45040267	3.10738898282	3891.775140427323	3881.6189301681957	29836923625.4	0.0197805928202
536224	534	70548.493238	3369.85167737	3370.22412732	2.2974109508	3372.7204413776967	3364.8740084304113	30376361656.7	0.0180595038313
538066	535	70627.145221	3554.40156657	3554.18702808	2.78648623422	3559.695023199572	3549.683943102124	30243062324.5	0.0226132846693
538370	536	70640.7158041	3516.26612442	3516.46107301	1.46734555405	3518.2267337327885	3513.566642306865	30797197104.0	0.0172787275901
538719	537	70664.319483	3413.67623837	3413.67128318	1.47435708788	3416.0150788758483	3411.8836653006992	31156294108.3	0.0186566079633
538854	538	70671.2680321	3287.39593793	3287.58164045	2.10529817384	3290.4961644182927	3282.6105526516326	31389741035.2	0.0154834971076
539820	539	70813.5342901	3285.92506174	3285.78305688	2.39626965393	3290.8649965629943	3282.132332081057	31195300144.2	0.0184074279257
541667	540	70929.1886489	4032.75308456	4032.36948237	3.55408551913	4037.7788185505797	4027.920638002597	31647874749.5	0.0176655484068
541945	541	70968.5013051	3342.96924895	3343.14899571	1.17255857155	3344.5412867641926	3340.6177032474016	31638150607.8	0.0201386794557
542439	542	71056.776206	4785.32020036	4784.28374652	3.87934842215	4792.646376428949	4780.501428180236	32232819846.8	0.0160593875647
543000	543	71150.847949	3525.00419682	3524.62524833	1.42241821102	3527.806604829776	3523.2268834458455	32372297734.1	0.017612520058
545772	544	72880.1003571	3519.91969107	3520.87654339	2.53050516784	3522.5474195943016	3514.6620932372393	33987707440.1	0.0118702919243
547424	545	72948.016151	3359.06743503	3359.11780442	1.56137806363	3362.1837551345106	3356.9359786402206	34623417679.2	0.0118141004794
548748	546	73031.0726411	3442.7284219	3442.37776924	2.0972263777	3445.6831856091812	3439.0572959778897	34876213692.4	0.0120316313554
550977	547	73080.6205981	3776.44682136	3776.18720619	3.66020821075	3781.2262324206295	3770.5353637201206	34465770862.2	0.0132302546115
551261	548	73107.3411701	4107.62916037	4107.36948594	3.3608173521	4115.912237825912	4103.8515279395	35604571336.9	0.0106832743904
553024	551	73130.5393031	3446.60346953	3447.29373136	1.76285601702	3448.2071183716057	3442.227407340197	35759188787.1	0.0110649731099
552790	550	73176.286798	3914.42561101	3913.86921742	3.54946767316	3920.405159247086	3907.853601242748	35361470221.0	0.0115085657865
552404	549	73177.0968361	3914.07674257	3914.56077865	3.774266153	3918.903454670729	3908.55357454736	35316306472.0	0.0129278719942
555366	552	73257.187603	3459.68164129	3459.98921115	1.62894292274	3461.456600340241	3457.122275998318	35883294619.1	0.0120165014296
555991	553	73271.854768	3563.51822523	3563.14980172	2.61248216536	3567.8055133214816	3559.5567406107302	36355469053.1	0.0114596157848
557111	554	73343.639549	3886.36403736	3887.13026502	4.65138443429	3892.080619208348	3879.7139650694544	35826475329.1	0.0132906394118
557435	555	73350.2498701	3370.97163438	3371.03627321	1.51826857745	3373.3928672763736	3369.004228459672	36423272342.6	0.0121393512623
559099	557	73435.6539471	3516.35850283	3516.68923069	2.91224066089	3520.3317779101612	3511.9662141202643	36823306979.2	0.0115972022269
559391	558	73447.6611691	3412.72812581	3412.90096696	2.4676539209	3416.6162916838193	3409.3875354382776	37220380824.6	0.0125777723889
559460	559	73468.3992829	3288.19766713	3287.4212738	2.59257565339	3292.509266452833	3284.6078892294154	37471253439.2	0.0103842690466
558950	556	73488.0425081	3555.86946331	3557.02260402	3.03740721571	3559.2346324021505	3549.803075529456	36227850316.3	0.0153114727463
561033	560	73633.3952541	3285.40710928	3286.39564181	2.26012822357	3287.878369544777	3281.1214648470395	37374706341.4	0.0123513030659
562534	561	73770.065232	4034.11675539	4033.72508025	4.49229807897	4042.1771640846887	4026.633041525319	37813520707.5	0.0119036074655
562937	562	73776.776058	3341.80848712	3342.16924008	2.50069919247	3345.759774353955	3336.1924816616006	37797365137.0	0.0135891747401
563650	563	73883.8871	4785.50745862	4785.81803584	2.60743357681	4789.212552421636	4781.864834751944	38538514858.7	0.0108142970804
564000	564	73940.8518801	3524.61263856	3524.356946	1.80518717499	3528.0248284911136	3522.343198234499	38636458033.0	0.011820384049
566537	565	75654.8681791	3521.56432265	3522.11784549	2.00753736201	3524.6126920532356	3517.7285432623853	40463702349.2	0.00793609711464
568013	566	75731.04161	3359.97181581	3359.93314031	1.56870804766	3362.4098235516167	3357.655857835925	41167229333.1	0.00790661635169
570367	567	75832.8911669	3440.25332199	3440.07554887	2.20760752907	3445.085772907911	3437.4617594207966	41586256658.4	0.00807249156976
571555	568	75873.9543571	3776.8420014	3777.29791159	2.07701268293	3779.579554300582	3773.1157631039564	40984573006.4	0.00888531772824
572856	570	75897.03441	3445.29101835	3444.99445486	2.20524682846	3449.9428325108756	3441.488144982251	42262558080.7	0.00740551358924
574031	571	75971.329159	3914.64952298	3913.62458513	3.19350973676	3920.5070399172523	3909.6541397741094	42128614480.9	0.00771611751389
572296	569	75973.936249	4108.58451216	4108.42634958	2.10191327186	4112.252980260458	4104.512402443307	42384045917.5	0.00713542316858
574037	572	75977.779727	3913.63723642	3914.72374353	4.12474763568	3919.5351394143877	3907.5106817152314	42174738230.3	0.00866929938724
576145	573	76063.4539599	3460.80309532	3460.74548968	1.39520936154	3462.998311321179	3458.4836297817487	42632338721.4	0.00804228400123
576498	574	76068.78196	3564.30170388	3564.49117509	2.07888050268	3567.0674156147497	3561.459628528816	43118944332.2	0.00767808510046
578330	576	76152.9358571	3369.6502885	3369.30445149	2.12207205957	3373.8147196986065	3366.057606970138	43283222990.3	0.00813166889832
578206	575	76170.9507711	3887.07291898	3886.49326348	2.61498618555	3892.297211615174	3883.2822457001384	42660038783.7	0.00888853001312
579867	577	76228.0173101	3515.41103123	3514.73673821	2.16525029292	3520.357337655518	3513.3885231342447	43677510897.5	0.0077703994804
580028	578	76276.3214991	3413.55638495	3413.20362001	1.9769222357	3416.719773350881	3410.9346404393655	44072837260.5	0.00843012045384
580270	579	76278.6431301	3288.46484231	3288.37687841	1.8496905213	3291.6542580373302	3285.992406841162	44402527763.6	0.0069420071767
580448	580	76293.651861	3554.92942442	3554.56788245	3.02434359806	3561.151636089411	3550.9217915166273	43238213673.1	0.0103072535627
581961	581	76452.936806	3286.55972247	3286.62621506	2.46661848459	3291.5013822138117	3282.4811737913174	44384383957.7	0.00826259866557
583909	582	76584.5306389	4034.71281519	4033.76528161	2.97085939778	4041.2167666990963	4030.970659619171	44897744537.6	0.00798578135304
583937	583	76585.2895441	3344.27640796	3344.87790822	2.32783925435	3347.0507154308834	3339.521042891697	44808184704.9	0.00913374611821
584788	584	76694.780978	4785.71898963	4786.68801857	2.92759299253	4789.0005734537835	4778.803715769873	45720809019.1	0.00724152518924
585000	585	76746.8448889	3524.63245047	3524.25007372	3.19511745544	3528.635786394796	3518.535306200353	45764595465.7	0.00790547321662
587212	586	78438.2032051	3521.32276345	3520.4824485	2.20017052125	3526.238152580103	3518.9228193324648	47833633732.6	0.00530745349805
588547	587	78500.7782199	3360.18678687	3360.09695403	1.45333046951	3362.2599407655784	3357.298448287386	48617335177.1	0.00528157600505
591151	588	78615.464534	3443.13266965	3444.18367674	2.80330074831	3446.0216609905347	3438.0252334016864	49166906534.2	0.00539207349366
592800	590	78685.880666	3445.98153151	3445.66822798	2.31961437019	3448.9114644822084	3443.7093001812523	49650087879.7	0.0049566644836
592284	589	78707.9025481	3777.23221192	3777.37057463	1.94928803162	3780.4585636196543	3773.917106540363	48404858621.6	0.00595485782004
594866	592	78774.2958331	4107.90421069	4108.0503213	1.0487240042	4109.429680625048	4106.076834115703	50359346783.6	0.00475550450361
594893	593	78776.1022971	3913.83775025	3913.27847261	2.82856992985	3918.2210516669948	3908.654991386418	49831355009.4	0.0057907439997
594781	591	78788.9810431	3915.995832	3915.77174743	3.77995681501	3922.1485473959588	3909.235950468054	49726557800.0	0.0051686739051
597034	594	78855.1516821	3461.21216108	3461.2217193	2.58976034227	3466.7318555207166	3457.553040968851	50309605031.0	0.00537006953194
597216	595	78863.0220301	3563.52523892	3564.42963425	2.25401760078	3565.9603377734384	3558.7145500664524	50802908136.4	0.00513688869533
599140	596	78934.07339	3371.55144022	3371.48646524	3.01705005929	3377.8823899400163	3367.620344807941	51035691731.3	0.00544186807043
599500	597	78967.3261189	3887.08846658	3887.29733423	2.76369944261	3891.9224857930417	3882.0201512412964	50461190134.7	0.00593141444283
600492	598	79018.724323	3517.8042148	3518.37242773	2.51251779162	3520.701704737815	3513.8086737238177	51423379940.0	0.00520004155877
601213	599	79051.813565	3412.97024655	3412.76621967	2.45798179645	3416.624976757932	3409.854688612214	51988531664.9	0.00562720229369
601251	600	79068.6037521	3287.09433587	3286.16149813	2.18055994757	3290.809403796846	3284.66404787881	52308059452.3	0.00464126285875
601366	601	79101.7649419	3554.47807746	3555.02767587	2.42274052371	3557.0737648992995	3549.2096857716215	51059441438.6	0.00690274911001
603226	602	79277.696914	3286.59793134	3287.6136942	2.59918834535	3289.5395513682042	3282.1817067507245	52350668619.3	0.00551622953249
604933	603	79374.6807461	3343.71097499	3342.75442408	3.35619683634	3349.1044692661385	3339.3014623149706	52771588084.9	0.00612159783118
604967	604	79424.6290011	4034.77801829	4035.17180901	3.28622968832	4038.450675612199	4029.6509308953828	52914117349.8	0.00534042168432
605807	605	79506.7452111	4788.5158457	4788.65135611	3.16764434757	4795.560840694826	4784.930170475809	53842027891.4	0.00483023035517
606000	606	79561.570514	3524.27369508	3524.17550583	3.33622853431	3530.4049345357453	3517.897963012418	53859900074.6	0.00527666521135
608127	607	81206.4997101	3521.67733885	3521.78286813	2.22914688845	3524.79004253213	3518.146003071742	56207346407.9	0.00355043387082
609032	608	81283.3694232	3357.92826941	3358.86290045	2.03908247153	3359.646200052142	3354.7219300615548	57032683382.5	0.00352653508858
611562	609	81422.442163	3441.30473724	3440.6643877	3.09095833292	3446.3863038259046	3436.265104380355	57651297852.3	0.00359304927414
613475	610	81454.82038	3446.47897564	3446.62944504	1.51204747064	3448.342120901955	3443.818917515992	58100031014.2	0.00331727314674
614330	611	81526.157795	3776.44090233	3776.51929553	2.60405934832	3782.229866059611	3772.6244975070686	57016913793.8	0.00398695819063
615963	612	81551.9066031	4107.75712898	4108.44506056	2.60678284253	4112.43874139577	4103.036293932053	59168004721.6	0.00317535878607
616347	614	81563.158695	3914.58372778	3915.49970726	3.10300429205	3920.1432344219347	3910.4251960083416	58439185310.9	0.00345979777631
616015	613	81596.869812	3914.30985112	3914.54420379	2.67834181019	3918.38399777795	3909.4591085569646	58463404514.2	0.00386299650589
618265	616	81645.1934149	3565.26794313	3566.15031922	3.291194862	3569.862017871846	3559.2003707556564	59517620340.5	0.00343965098293
618213	615	81692.6815021	3460.55130776	3460.76918906	2.03282579586	3464.5278836265898	3457.55416946224	58990690428.8	0.00358932588549
619936	617	81726.9736249	3371.33983458	3371.91868329	2.10676780114	3374.022656797425	3367.1023992267815	59755049682.7	0.00364449633725
620583	618	81764.915144	3886.48193712	3886.98233689	3.45839014408	3892.586082600306	3880.475754312327	59235560210.9	0.00395884258139
621363	619	81812.186265	3516.78918733	3516.43247147	2.64858923582	3522.9125946819104	3512.8456408987327	60230490867.6	0.00347746027683
622045	621	81866.901448	3288.23200537	3288.4052437	1.6089434949	3291.0847242198147	3285.906266837209	61235293699.1	0.00310087192608
621857	620	81868.169441	3413.92774019	3413.0003105	2.64265398724	3418.916724300088	3410.4209739602506	60834101637.3	0.00374991531324
622327	622	81914.4524159	3554.46479099	3554.46607044	2.28540714241	3559.6321995553853	3551.373964397254	59920102959.2	0.00461913383604
624224	623	82084.8644481	3284.98871481	3285.16238682	1.91987775377	3288.5071048800583	3281.6637495203677	61341817815.0	0.00367466670608
625560	624	82176.4566021	3343.04564573	3342.94136927	2.23085590976	3346.019226992998	3339.5911544345126	61703294813.4	0.00409889592098
626176	625	82259.6582801	4032.98793946	4033.75484117	3.03207784544	4037.537181605536	4029.1448611627093	62022339260.8	0.00357314170849
626795	626	82330.7669461	4784.73668111	4784.15994765	2.85920815955	4788.824302009531	4780.380060605157	62988934193.1	0.00321691432893
627000	627	82390.308279	3525.5621349	3525.60429519	2.45987964574	3529.7031888323213	3521.8828724851787	63002954902.1	0.00352110076967
628889	628	83995.0040781	3522.05421527	3522.60638582	2.0209425366	3524.719446082315	3517.53929821786	65621109255.2	0.00237084606972
629851	629	84069.7276621	3359.74837551	3359.17369049	2.10595993026	3363.191073201196	3356.923769649407	66540863032.9	0.00235142246943
633730	631	84237.6861231	3445.47789419	3445.23676159	0.811349373692	3447.1105604568093	3444.4159691843224	67591839956.6	0.00221668697192
632979	630	84283.6511211	3441.5718257	3441.83027384	1.90758079149	3444.52264867044	3438.1198168339915	67317315618.9	0.00239312942476
635801	632	84317.9495461	3777.4881876	3778.25028773	3.76205645811	3781.5541601083014	3772.3904019666174	66717878372.4	0.00266263385065
636622	634	84337.436342	3914.18714835	3914.02147256	2.88008491608	3918.660586820046	3909.086711887999	68040065104.2	0.00230965326981
636348	633	84344.1486959	4108.91421093	4107.60625926	4.12033447263	4115.995762813844	4104.354659622526	68892938314.9	0.00212265704196
637511	635	84392.888258	3914.79565106	3914.3844333	1.68825819673	3918.1817651374263	3912.672971764677	68338602200.0	0.00257909544054
638642	636	84456.3134651	3564.57591506	3564.22596699	2.63684136966	3568.4631356292257	3561.2143001879554	69250167549.4	0.00229926017097
640722	638	84509.72458	3371.18276953	3369.97382805	3.07432093003	3377.1025972808766	3367.5789857170225	69569158562.5	0.00243547885049
640095	637	84510.792413	3461.2592978	3461.68997577	2.32542013224	3463.825705952004	3456.9747064537173	69012004469.6	0.00239714003566
642161	640	84589.39692	3515.81273941	3516.12973196	2.78919151795	3519.1754355118264	3511.961607167895	70121393951.9	0.00232399392444
641529	639	84602.3650041	3886.89857081	3886.92243603	2.09776447742	3890.2013699645254	3883.5784506051014	69064128984.7	0.00264456704405
642957	641	84656.149086	3288.70372732	3288.43185282	1.80211877665	3291.6740933284173	3286.1221727039215	71278774043.7	0.00206762582768
642982	642	84662.233207	3414.33130318	3413.962968	2.3758286106	3418.35318461946	3409.5138316256543	70895931015.0	0.00250023892988
643352	643	84721.8734131	3556.02268826	3555.7608686	2.15037190568	3560.5816270512446	3552.639414076868	69891613949.2	0.00308981917708
645017	644	84857.161339	3287.60515133	3287.04011019	2.46337043879	3293.6710208740174	3285.386941810425	71438593803.9	0.00244748799003
646301	645	84965.553808	3343.91415332	3344.35686048	1.33658574983	3345.2667017547633	3340.846981988958	71778393559.5	0.00274332460679
647217	646	85062.467948	4033.18536049	4033.2711274	2.12821782985	4036.370926732779	4029.8991709159486	72274654284.3	0.00238764852337
647779	647	85202.0032501	4787.19908222	4787.1531151	3.32854526501	4792.38372706812	4782.573977847573	73294411887.7	0.00214128451464
648000	648	85235.418679	3525.23194894	3525.82012006	2.44915648597	3529.3564877859267	3521.7757710538567	73316508580.7	0.00234977496874
