steps	episodes	elapsed	mean	median	stdev	max	min	average_value	average_entropy
31515	3	6378.98749781	1957.79493169	1956.88567736	4.80444495464	1970.922617462505	1953.4398766197307	nan	nan
31792	15	6390.58161688	1957.80469799	1956.65500282	4.67584911872	1970.610314155882	1954.3413667320845	nan	nan
31820	19	6393.4604218	1957.99280924	1957.08141289	4.74656568865	1971.130965634428	1954.3174309316753	nan	nan
31772	13	6406.05109596	1957.74178665	1956.52875566	5.1044692426	1971.878681001592	1954.001602541814	nan	nan
31803	17	6407.43090677	1957.5289607	1956.48385757	4.72520421544	1970.559514885932	1954.0443700081562	nan	nan
31810	18	6417.65624881	1957.87353403	1956.74579391	5.06199524071	1971.9315941061475	1954.4415110193695	nan	nan
31847	21	6418.23688078	1957.62466576	1956.39986614	4.49490053957	1969.9281663550137	1954.3078597020522	nan	nan
31839	20	6418.9688859	1957.76376853	1957.05686741	4.17261501788	1969.0612604936352	1953.2269538745322	nan	nan
31944	28	6422.13332582	1957.85116919	1956.58540054	4.73080916868	1970.8747904460747	1954.3910900507587	nan	nan
31651	7	6423.70549083	1957.81225105	1956.68568895	4.87268992184	1971.2035372344442	1953.844997022543	nan	nan
31433	2	6425.94868898	1957.79784631	1956.69059925	4.56752475205	1970.2326100935713	1954.3732746520454	nan	nan
31756	12	6438.43447089	1958.1835603	1957.50216204	4.51727296715	1970.6657458611128	1955.1807269675642	nan	nan
31900	24	6442.28553987	1957.8010417	1956.32155449	5.15064220829	1971.9743986396336	1953.7990218302148	nan	nan
31726	10	6443.08499694	1957.56341007	1956.62824828	4.98641846239	1971.3621971238658	1954.1356852219772	nan	nan
31285	1	6446.63383389	1957.75743952	1956.58780359	4.66930284578	1970.5415388576673	1954.287345100749	nan	nan
31581	5	6447.55575991	1957.92782711	1956.65027069	4.79840999137	1971.208423797481	1954.7829290565837	nan	nan
31896	23	6452.13175392	1958.21488573	1957.48481359	4.48820486258	1970.508563372194	1954.4786261248123	nan	nan
31928	26	6470.26142478	1958.01706273	1956.99033788	4.3561139878	1970.0308890326312	1954.2899281703994	nan	nan
31798	16	6474.11901879	1957.5956982	1956.53167561	4.56493093734	1970.062774910508	1953.7186170385523	nan	nan
31579	4	6475.10531187	1957.59161934	1955.96101294	5.06192119905	1971.7403223729693	1954.3817941512798	nan	nan
31676	9	6477.1052618	1957.73923682	1956.79934644	4.79912491044	1971.1912148285046	1954.7232573451638	nan	nan
31602	6	6478.5016048	1958.08392943	1956.88041575	4.9696278173	1971.701251785924	1954.615882472652	nan	nan
31657	8	6479.83167982	1958.04019557	1956.45319065	4.76250544569	1971.3278832901494	1955.1654378837475	nan	nan
32000	32	6491.12104082	1957.9883554	1957.08765658	4.60834208199	1970.687206271885	1954.6455987489603	nan	nan
31749	11	6493.44981885	1957.74962069	1956.49119384	4.67847304187	1970.6267103052105	1954.3179063929203	nan	nan
31773	14	6495.02988577	1957.71372849	1956.44515558	4.80241386883	1971.0881541022673	1954.2219044561457	nan	nan
31937	27	6497.57776189	1958.20230952	1956.91381961	4.71039297815	1971.3619589818627	1954.9588986535944	nan	nan
31997	30	6499.91753197	1957.7655811	1956.74530285	4.71229265984	1970.7882398146346	1954.4360983978138	nan	nan
31999	31	6505.704669	1957.73947949	1956.88687361	4.76486833713	1970.5817186285112	1952.9129354669753	nan	nan
31983	29	6518.42680883	1957.59832803	1956.53134629	4.88222233857	1970.8626185243468	1952.938732756073	nan	nan
31876	22	6518.82697392	1957.52590996	1956.41429681	4.91106897077	1971.023743865297	1953.4272172195988	nan	nan
31905	25	6520.57069778	1957.46290031	1956.27096788	4.69298378476	1970.1503839517898	1954.234630886444	nan	nan
58827	33	12762.9717479	1958.5451854	1958.38538374	0.727243469304	1959.7524447719788	1957.5713547613743	nan	nan
60829	34	12775.9972548	1958.34886697	1958.42352452	0.618226160758	1959.5471255779755	1957.2755298280788	nan	nan
61306	36	12806.101481	1958.46932212	1958.67043122	0.689981495676	1959.5656826998468	1957.055283652373	nan	nan
60927	35	12815.696327	1958.30010918	1958.50506299	0.757850571062	1959.199432653276	1956.9675013068802	nan	nan
62360	45	12818.7282619	1958.38301618	1958.22717832	0.889074151736	1960.1708764093464	1957.4701909972744	nan	nan
61505	37	12828.8580499	1958.69347224	1958.46219704	0.924796384395	1960.4982149050388	1957.4681943583014	nan	nan
62194	42	12831.7874379	1958.99200235	1959.35734569	0.83404080914	1959.7842147911592	1957.5252035118215	nan	nan
61934	40	12849.7801559	1958.49227433	1958.52444725	0.660941727328	1959.7492408254066	1957.4663420695185	nan	nan
61909	39	12859.6132739	1958.60553782	1958.43202537	0.743717956037	1959.698659040215	1957.464389333735	nan	nan
61521	38	12862.2768328	1958.62855673	1958.67238525	0.804932799364	1959.8495340097572	1957.3276178784597	nan	nan
61957	41	12863.8777869	1958.60618318	1958.55727332	0.528987611515	1959.6983801321346	1958.0812670958294	nan	nan
62347	44	12866.8999469	1958.35269916	1958.34515687	0.404589929244	1958.9691352081538	1957.6066082226912	nan	nan
62196	43	12876.7444189	1958.26193099	1958.39819032	0.534592232985	1958.8461993835454	1957.4395316532766	nan	nan
62393	46	12882.3178568	1958.55479859	1958.45853344	0.924012427679	1960.1264993090942	1957.3277101681645	nan	nan
62507	47	12885.5579288	1958.60833399	1958.54950876	0.674407173281	1959.8667097969126	1957.6569034023667	nan	nan
63005	48	12889.6428299	1958.44450859	1958.44885572	0.601611552228	1959.2631056985083	1957.5773737253037	nan	nan
63683	56	12892.9797349	1958.83634364	1958.62603738	0.821396991893	1960.1970088471103	1957.5587630629889	nan	nan
63572	54	12905.9467349	1958.45946666	1958.61196014	0.582484806038	1959.0395075427048	1957.4246024890238	nan	nan
63237	50	12910.0366149	1958.5162747	1958.49535156	0.694370786124	1959.5020083458253	1957.5306309766559	nan	nan
63276	51	12922.7071989	1958.54191775	1958.77364706	0.640248941642	1959.3460456107323	1957.2192578634483	nan	nan
63219	49	12934.8258529	1958.47530361	1958.43819767	0.942666934434	1960.6224154884956	1957.1552450044926	nan	nan
63395	53	12934.8979428	1958.41270175	1958.47678239	0.587930961389	1959.423754793237	1957.5692616404247	nan	nan
63393	52	12935.7281349	1958.75890141	1958.99448143	1.07478302055	1960.3001843148184	1957.1106008624893	nan	nan
63984	63	12967.7102578	1958.33755033	1958.45147762	0.658571482096	1959.4470422069398	1957.062069580176	nan	nan
63668	55	12968.972255	1958.30053582	1958.33648885	0.703085157907	1959.4077336171372	1957.242850730223	nan	nan
63699	57	12979.379982	1958.38091223	1958.22641184	0.75241878174	1959.413961858525	1957.4272977748772	nan	nan
63978	62	12982.1475298	1958.78123652	1958.88379011	0.756667205337	1959.8728962385426	1957.1642802920803	nan	nan
63929	58	12986.3439448	1958.34455032	1958.64178089	1.13731708134	1959.553019104276	1956.2401704845201	nan	nan
63934	59	13000.4471319	1958.55930151	1958.76229479	0.764091297966	1959.535128872577	1956.8389045819401	nan	nan
63937	60	13001.4119289	1958.21758879	1958.21727246	0.772927276267	1959.10383254626	1957.1372586637126	nan	nan
63977	61	13014.9081669	1958.31616028	1958.39139162	0.56002880467	1958.9176077376756	1957.1862629229283	nan	nan
64000	64	13027.9245338	1958.21349213	1958.53376344	0.866263883575	1959.491634638179	1956.9049852506844	nan	nan
88453	65	19111.1654768	1959.63735285	1959.60794514	0.804184778578	1960.9191639653172	1958.5429659035635	nan	nan
91709	71	19188.4275649	1959.58366414	1959.61299124	0.681027701806	1960.7938195569614	1958.6430858255521	nan	nan
88968	66	19195.8124838	1959.60062785	1959.68940456	0.631810852011	1960.3810603512695	1958.49256825225	nan	nan
90852	67	19205.7473378	1959.74715359	1959.8657405	0.662933872559	1960.5547231027845	1958.4962604580253	nan	nan
91633	70	19209.2533779	1959.33289095	1959.4143135	0.647158500093	1960.1573403389464	1958.2254235272478	nan	nan
92705	72	19221.917748	1959.21192654	1959.27949159	0.577037639055	1959.8875552843815	1958.3885346528316	nan	nan
90922	68	19229.7372239	1959.65327182	1959.52871534	0.5796792344	1960.6542732748576	1958.9018384015726	nan	nan
93236	75	19238.7158239	1959.33579987	1959.45157046	0.804410979655	1960.8063034387185	1958.185931512728	nan	nan
91093	69	19243.2843728	1959.40180873	1959.51614759	0.574958889139	1960.4502986031277	1958.3586947360052	nan	nan
93012	74	19277.5106618	1959.70230712	1959.60926094	0.475337113995	1960.629177998102	1959.1419790329808	nan	nan
93838	79	19280.7963579	1959.7515649	1959.59428914	0.471480237149	1960.7677949901388	1959.277248842607	nan	nan
93393	76	19287.3482699	1959.7428968	1959.74618682	0.734854797383	1960.5682443465075	1958.3077679347268	nan	nan
94095	80	19311.0997059	1959.67898661	1959.69740967	0.677827786017	1960.8235922382853	1958.849086412068	nan	nan
94152	81	19328.6065729	1959.43613379	1959.46790938	0.484899003702	1960.2433233719821	1958.6587265522605	nan	nan
92875	73	19328.8696778	1959.21779722	1959.37651597	0.702963937798	1960.233112493495	1958.1812100196132	nan	nan
94610	83	19331.5817039	1959.73957187	1959.73764954	0.697324700283	1961.06994999319	1958.8454617302702	nan	nan
93599	77	19336.7815919	1959.61449876	1959.93321731	0.729787872821	1960.5308304507996	1958.4213398020458	nan	nan
95117	85	19343.5479999	1959.61012117	1959.64459401	0.609407508339	1960.9525445078907	1958.821648584734	nan	nan
94376	82	19344.378387	1959.49724696	1959.32449577	0.764091049163	1960.7257977157785	1958.3954313789243	nan	nan
93836	78	19364.7611098	1959.56973476	1959.58878793	0.362184973396	1960.0404005658145	1958.9981490817754	nan	nan
95217	86	19365.5595589	1959.0381378	1958.91720911	0.34534300818	1959.7106080233627	1958.694098466496	nan	nan
95605	89	19377.5119438	1959.4718618	1959.45191519	0.605353528272	1960.3085605805659	1958.4195054937022	nan	nan
95230	87	19378.4604499	1959.43705005	1959.43017114	0.563523307759	1960.2176117144813	1958.6070590604907	nan	nan
95763	91	19408.216141	1959.4477551	1959.6048219	0.725631485488	1960.568065762351	1958.3443008283355	nan	nan
95460	88	19417.1600978	1959.38611358	1959.58311607	0.69494940189	1960.2795110255552	1958.0195371867628	nan	nan
94844	84	19428.6572938	1959.32476351	1959.17582949	0.547167121091	1960.0909743178258	1958.6110890223333	nan	nan
95949	93	19439.6892059	1959.47528498	1959.40657988	0.733111362541	1960.951143936894	1958.2150040932975	nan	nan
95719	90	19442.471766	1959.20078141	1959.10116059	0.457862711062	1959.9859900323047	1958.5173567318461	nan	nan
95956	94	19478.6021149	1959.7800965	1959.93176279	0.848878291454	1960.9961006855103	1958.2715674265035	nan	nan
95828	92	19483.1925728	1959.70012221	1959.61172348	0.782119757643	1960.923692152901	1958.6799202278305	nan	nan
95988	95	19520.5985548	1959.36124325	1959.3467229	0.615734837955	1960.4051236760579	1958.452706942489	nan	nan
96000	96	19523.2258599	1959.23884053	1959.27333875	0.612568891772	1960.3247856872827	1958.3662539016182	nan	nan
115876	97	25487.996609	1959.76925457	1959.84878537	0.399790054175	1960.3933141756352	1959.039994854109	nan	nan
119836	98	25549.4553599	1960.39180244	1960.60520695	0.768557064371	1961.259424151429	1959.028244452083	nan	nan
120978	101	25575.916369	1960.28829113	1960.43772299	0.561161875951	1961.0201169960653	1959.3601527439628	nan	nan
121648	102	25590.6688218	1960.21063671	1960.27782323	0.5444128439	1960.8193984599002	1958.8922229379446	nan	nan
120805	100	25600.1652639	1960.08375436	1960.13554711	0.666823043643	1960.942275099175	1958.6151017928073	nan	nan
122193	104	25612.3784428	1960.22683636	1960.41426195	0.53845600496	1960.990413675108	1959.3763175533134	nan	nan
120173	99	25628.6374388	1960.32625928	1960.53518402	0.653921973479	1961.3420018457057	1959.261750542137	nan	nan
122431	105	25661.1856868	1960.094289	1960.32424947	0.728443818808	1960.7379350809226	1958.4205495202555	nan	nan
121759	103	25688.7130799	1960.20895196	1960.48114263	0.676549855273	1961.221908803658	1958.9323622602367	nan	nan
123912	107	25709.2687988	1960.38292394	1960.32218118	0.726785536769	1961.5731072299022	1959.3316100898685	nan	nan
124082	108	25722.7876239	1960.19045013	1960.27973489	0.750452305242	1961.2671496277867	1958.9026371159878	nan	nan
123707	106	25728.0006359	1960.61230365	1960.60579842	0.889650267435	1962.253812596277	1959.191743794641	nan	nan
126088	115	25748.9066579	1960.33530064	1960.42758546	0.465881568418	1960.8535107755297	1959.5895308772053	nan	nan
125575	110	25749.4251859	1960.40979202	1960.44875906	0.815590462199	1961.653857877702	1958.9890379421615	nan	nan
125576	111	25791.3439519	1960.0203707	1960.0093047	0.609686137481	1961.3515649496524	1959.1407552002966	nan	nan
124917	109	25795.3861339	1960.0279793	1959.85324261	0.633098193333	1961.1755005447535	1959.2448470692611	nan	nan
126651	118	25798.3538628	1960.25747334	1960.14486361	0.533656595958	1961.102363711945	1959.4662678471982	nan	nan
125619	112	25798.8343549	1960.00617059	1960.08341701	0.688256386429	1961.2248066546547	1958.8373947203843	nan	nan
126047	114	25802.3335748	1960.24998304	1960.17457273	0.871718064677	1961.3469137999948	1959.0707615024578	nan	nan
126420	116	25808.6049449	1960.53787161	1960.89863004	0.797698928204	1961.2318826029766	1959.072183632589	nan	nan
125785	113	25814.8480239	1960.29636319	1960.46586618	0.648812053473	1961.23224840494	1959.2066041001128	nan	nan
127103	120	25823.3250458	1960.09854723	1959.86183685	0.750477352391	1961.9674011782988	1959.3719646994857	nan	nan
126730	119	25825.2111709	1960.49275797	1960.53590887	0.643633488406	1961.3822399085218	1959.2253502812553	nan	nan
126451	117	25849.9896338	1960.20152266	1960.27424965	0.738529105894	1961.2787554931506	1959.0605291987595	nan	nan
127445	122	25872.2107508	1959.99647183	1959.95522442	0.79377709522	1961.3344380616243	1958.701002943916	nan	nan
127269	121	25885.083674	1960.3903502	1960.38814221	0.593457964845	1961.3302957985977	1959.2514438356457	nan	nan
127590	124	25935.177737	1960.32363581	1960.25894498	0.560612586175	1961.1751393526283	1959.4476009450864	nan	nan
127551	123	25945.9857149	1960.27138835	1960.23990707	0.459184548018	1961.0793288973541	1959.3893791467478	nan	nan
127850	126	25958.0652249	1960.19193957	1960.21379385	0.674266368314	1961.2642213750562	1959.1773561230677	nan	nan
127845	125	25962.9124019	1960.0677714	1959.94941637	0.597268849686	1961.0122983065776	1959.0813579688001	nan	nan
128000	128	26043.5922949	1960.2771734	1960.26821209	1.00819819153	1961.751503007789	1958.7075687984218	nan	nan
127999	127	26045.6606359	1960.2880973	1960.36809909	0.845452762561	1961.607921839615	1959.2767447113022	nan	nan
147829	130	31945.1952538	1960.65253349	1960.4739842	0.603915194198	1962.0417339056428	1960.0552643836954	nan	nan
144040	129	32034.6815438	1960.7531249	1960.8641026	0.543474424637	1961.5759347981652	1959.8814254789204	nan	nan
151607	135	32040.2390969	1960.78020072	1960.60628486	0.901934586534	1962.3728471397708	1959.4614558604449	nan	nan
156365	142	32132.092361	1960.29096723	1960.38619555	0.490984320757	1961.0679453603088	1959.4886999605528	nan	nan
155524	140	32133.0714898	1960.92512747	1960.93485728	0.320310883145	1961.4539531462758	1960.453506270248	nan	nan
148641	131	32165.1238568	1960.81795711	1960.40315475	1.08145982662	1962.7755692815872	1959.6346222598434	nan	nan
149407	132	32180.1452539	1960.71197575	1960.69687698	0.606145474923	1961.6887421355789	1959.973224713454	nan	nan
157574	146	32181.7445869	1960.83972121	1960.60188155	0.877933323869	1962.3338774119268	1959.8942705018733	nan	nan
150106	134	32187.4818809	1960.87982308	1961.0447949	1.07229003837	1962.020319047683	1958.757122972646	nan	nan
157429	145	32196.1919029	1961.08693445	1961.15666117	0.437869216458	1961.8397313821804	1960.302340925399	nan	nan
149847	133	32206.5827358	1960.72001761	1960.78951833	0.490560143928	1961.533492779806	1959.9301194987274	nan	nan
157879	148	32225.1287498	1960.61985562	1960.65024865	0.59600665335	1961.436385624091	1959.5912172105113	nan	nan
158026	150	32251.4219129	1960.88605714	1960.81981439	0.799409793032	1962.3397711150394	1959.926529871532	nan	nan
153832	137	32270.5740199	1960.89437381	1960.72924409	0.781875458786	1962.0765619006054	1959.7193314460364	nan	nan
158622	152	32272.271837	1960.92818514	1960.81025497	0.601801249573	1962.30224619793	1960.205889216344	nan	nan
152983	136	32285.3067429	1961.04704341	1961.18149766	0.936173936845	1962.4992918438868	1959.6222560152405	nan	nan
158996	154	32291.186682	1960.84197598	1960.7706593	0.68773950546	1962.207430181957	1960.0443580867402	nan	nan
154375	138	32316.992857	1960.78042877	1960.75009469	0.533305060526	1961.6715508534107	1960.0599968069373	nan	nan
154932	139	32334.0882769	1961.02144189	1960.84548363	0.545631499442	1961.8053694364535	1960.1103799290715	nan	nan
159508	155	32364.0733898	1960.70023795	1960.55717802	0.753559998136	1961.765965622252	1959.4455416871392	nan	nan
155779	141	32373.2534039	1960.74560352	1960.719536	0.614893850059	1961.6955854336825	1959.6812930493768	nan	nan
159707	158	32379.3946879	1960.56956	1960.55644789	0.357520590751	1961.3410154921173	1960.0229604101348	nan	nan
159701	157	32398.2245378	1960.98307234	1960.77628952	1.04655496642	1963.6272084416582	1959.822834498737	nan	nan
159649	156	32399.1056449	1960.70162191	1960.48317086	0.759766988666	1962.340831229818	1959.9687437903715	nan	nan
157229	143	32413.3039088	1960.65907712	1960.61131811	0.234415280627	1961.2073535175273	1960.3548072143512	nan	nan
157355	144	32425.24472	1960.95002474	1960.95383693	0.565212821535	1961.8964201893568	1960.170643882311	nan	nan
157611	147	32470.178998	1960.32089509	1960.46507827	0.751815035319	1961.4380120395724	1959.0816907266478	nan	nan
157932	149	32489.805475	1960.87901989	1960.77710569	0.950676328777	1963.0106679721073	1959.513864253452	nan	nan
158041	151	32503.2076809	1960.96139176	1961.13708421	0.647356441001	1961.7523347787815	1959.6590588202428	nan	nan
160000	160	32504.3673649	1961.02042591	1960.90942473	0.566268008546	1962.0328915296918	1960.3646431186983	nan	nan
159997	159	32524.7068079	1960.61672995	1960.62265479	0.487880224802	1961.4744787361867	1959.7134010596164	nan	nan
158687	153	32533.803087	1960.7046674	1960.52821297	0.789995239313	1962.1295912551823	1959.4750922008952	nan	nan
172347	161	38316.6293979	1961.16326817	1960.9716059	0.473151907598	1961.9912182210792	1960.5688191624515	nan	nan
177023	162	38407.723542	1961.31576436	1961.14792972	0.538338628975	1962.205458434029	1960.585305628858	nan	nan
181824	165	38490.8346758	1960.93472896	1960.88596385	0.614939566062	1961.8509780057882	1960.0805410160103	nan	nan
181750	164	38519.4340899	1961.05236748	1960.95427567	0.522959505193	1961.940784994526	1960.357810164639	nan	nan
183866	166	38538.3098569	1961.36524034	1961.40381187	0.576244247728	1962.1501293438153	1960.3348625578828	nan	nan
178718	163	38604.3653288	1961.05177315	1961.03511784	0.674070308121	1962.3022023694416	1960.2193746366254	nan	nan
184895	168	38622.285074	1960.78781409	1960.8199765	0.527927515049	1961.6183252558226	1960.0121966165536	nan	nan
185728	171	38636.2966418	1961.00499197	1960.72649844	0.705101499603	1962.0485471412856	1959.9658775053401	nan	nan
186891	173	38688.3909309	1961.35882074	1961.38240016	0.50453973918	1962.077459169388	1960.659667879972	nan	nan
187687	174	38703.7051969	1961.09202041	1961.01308685	0.740675156524	1962.1539861109657	1959.5534167274498	nan	nan
188082	176	38727.9452879	1960.94755588	1960.99809533	0.599433029237	1961.635814392605	1959.5003704069447	nan	nan
184626	167	38741.1582699	1960.90056557	1960.49942491	0.89117611429	1962.3366883342824	1960.0269221211975	nan	nan
185357	169	38777.7125928	1961.2738747	1961.24079374	0.453031359422	1962.0595083366375	1960.4883257946358	nan	nan
185603	170	38781.5449538	1961.20154747	1961.00039126	1.00679387501	1962.7951717139854	1960.047810089786	nan	nan
186298	172	38792.9487729	1961.22891829	1961.33170037	0.618520165721	1962.033518414817	1959.928154111464	nan	nan
189989	180	38814.463326	1960.93199348	1961.02512275	0.508603519179	1961.7259368863033	1959.8276721611064	nan	nan
190496	181	38830.2788179	1960.9784527	1961.04330144	0.51963817597	1961.9939331398941	1960.3125832681321	nan	nan
188030	175	38850.4854019	1960.79290474	1960.71257988	0.736565943551	1962.1960634298634	1959.9738539876398	nan	nan
190678	183	38859.2973709	1961.05803956	1960.92481255	0.567713507638	1962.2298413052451	1960.2945355586544	nan	nan
190707	184	38860.4114208	1961.01438886	1960.95399851	0.587593597745	1962.1969174868466	1960.259805875351	nan	nan
188698	177	38885.2645469	1960.91249454	1961.17326082	0.670700604533	1961.5630847785685	1959.7280577924334	nan	nan
189374	178	38936.7306719	1961.03592628	1961.07401921	0.530154141471	1961.7925951213829	1960.3192709635496	nan	nan
189797	179	38973.4410729	1961.1149669	1960.75003385	0.908571389196	1962.5973273995617	1960.0351593253795	nan	nan
191830	188	38984.2590899	1961.32428995	1961.34296379	0.77437389474	1962.5646700792965	1960.2751476090486	nan	nan
191951	190	38993.0975199	1961.35557178	1961.15330174	0.535960831085	1962.3640282520805	1960.8491582824502	nan	nan
191081	185	39030.855665	1961.09579109	1961.24871823	0.561736987577	1961.736614066729	1959.8381808199294	nan	nan
190593	182	39037.1516969	1961.10012839	1961.32231527	0.47048911955	1961.6223473170649	1960.3955342753045	nan	nan
191310	186	39067.0565999	1960.98795021	1961.11518775	0.464336963197	1961.6563136566508	1960.2253017719083	nan	nan
191742	187	39114.0967019	1961.36945164	1961.2068611	0.607887002242	1962.6025813031672	1960.6323306174575	nan	nan
191860	189	39141.7429419	1961.48969847	1961.38622145	0.383085242241	1962.135025783562	1960.9965057730565	nan	nan
191957	191	39152.390049	1961.24991961	1961.27473547	0.624380123715	1961.9628634807434	1960.2013204036575	nan	nan
192000	192	39172.6002898	1961.0134829	1961.11251448	0.640456622532	1962.254230677028	1960.2629747141443	nan	nan
199724	193	44834.8348179	1961.40332673	1961.44554496	0.853025254579	1963.0793692517284	1959.7545039054437	nan	nan
202740	194	44903.9453409	1961.25994145	1961.2076524	0.414481913558	1961.8661432414863	1960.631822256191	nan	nan
206207	195	44961.651516	1961.40740854	1961.61867899	0.486814502014	1962.0189239787248	1960.7039988268054	nan	nan
211645	198	44980.4389548	1961.76395286	1961.7541402	0.354858402109	1962.4340455579713	1961.2005207066518	nan	nan
207339	196	45002.6354859	1961.27862495	1961.30056404	0.423104893787	1962.1575387488188	1960.6440801145832	nan	nan
208075	197	45016.4442928	1961.58502021	1961.39224264	0.932563057813	1963.6409179883165	1960.1502901852693	nan	nan
217180	204	45139.4741118	1961.22748743	1961.29736199	0.752693249258	1962.2218378510881	1959.5941301473397	nan	nan
212256	200	45146.4304378	1961.18135121	1961.04955098	0.365633025137	1961.9274209277658	1960.8529045281118	nan	nan
211920	199	45146.496151	1961.4598326	1961.31090499	0.550669374751	1962.4552512133998	1960.5914032080018	nan	nan
218470	205	45173.5436118	1961.58699296	1961.61209187	0.754385482934	1962.5223612517773	1959.730830449087	nan	nan
218481	206	45188.265204	1961.20048747	1961.12103798	0.357659221961	1961.9062698913153	1960.7749191067496	nan	nan
214523	201	45188.5155938	1961.41769865	1961.41812345	0.496293507649	1962.304310473686	1960.5116291349682	nan	nan
218987	208	45221.5948029	1961.83240785	1961.89743809	0.510901793256	1962.6823420626777	1961.088921328648	nan	nan
215094	202	45227.218643	1961.42288421	1961.36187556	0.369991767296	1962.230591239118	1960.9725198129017	nan	nan
215897	203	45240.1377559	1961.7654898	1961.52140885	0.865644115742	1963.5551953512208	1960.5922202783881	nan	nan
220236	212	45254.734653	1961.16594151	1960.89723581	0.726062315466	1962.4197721467433	1960.183665619409	nan	nan
221092	213	45323.1066558	1961.49019687	1961.53635067	0.391484851247	1962.079555352312	1961.0125721417805	nan	nan
221939	214	45346.587055	1961.56480006	1961.59803589	0.513224887716	1962.1576696270954	1960.4680521378493	nan	nan
218799	207	45358.0328138	1961.77952415	1961.69618744	0.544636156595	1962.8821685962491	1961.1687749496502	nan	nan
219199	209	45363.5186098	1961.34713438	1961.39721513	0.65888799607	1962.1512625733687	1960.0194911974863	nan	nan
222508	217	45396.8193238	1961.36983927	1961.27463052	0.498338001197	1962.1106577345577	1960.7204217669055	nan	nan
219873	210	45414.3324769	1961.31940923	1961.23892198	0.535270169259	1962.1667885119327	1960.6676213211183	nan	nan
219978	211	45431.510639	1961.34413769	1961.20786227	0.431611052163	1961.995107009122	1960.7580719489763	nan	nan
223259	219	45472.9676499	1961.70685088	1961.76654698	0.753794336648	1962.7094729243843	1960.5568235244182	nan	nan
223509	220	45480.3387599	1961.45178057	1961.39914967	0.544688118015	1962.325470577005	1960.5917128592098	nan	nan
223916	222	45566.4542568	1961.71003311	1961.66615045	0.597273703211	1962.4761925354699	1960.4800805519349	nan	nan
222291	215	45566.9169619	1961.58543739	1961.54523731	0.711087078469	1962.8364099668229	1960.3828644419407	nan	nan
222452	216	45583.2658608	1961.66260186	1961.70406579	0.668991940856	1962.5883647884505	1960.8109875224666	nan	nan
223155	218	45586.6282599	1961.7720013	1961.82171059	0.721477929745	1962.7620842541596	1960.237480289603	nan	nan
223807	221	45588.9993958	1961.78448033	1961.63764751	0.804197125	1963.3207662745785	1960.8755691791607	nan	nan
223972	223	45606.8068008	1961.55847524	1961.57128781	0.828007210591	1963.1109214931273	1960.6632960734391	nan	nan
224000	224	45619.9345279	1961.71124374	1961.57846607	0.460899466213	1962.7169049239646	1961.1801272772339	nan	nan
233599	225	51259.7092938	1962.02682685	1961.82824286	0.633109245241	1962.8355293160203	1960.9815856686857	nan	nan
238611	228	51276.9248369	1961.65591739	1961.6358285	0.520977091134	1962.2924507726473	1960.6246669747095	nan	nan
236189	226	51347.3115318	1961.67758277	1961.59022439	0.619033722971	1963.005540507106	1960.8251422051383	nan	nan
238233	227	51368.6025338	1961.72839054	1961.55781605	0.810765991009	1963.6549090214687	1960.7477017174801	nan	nan
240848	230	51431.7767718	1961.7566266	1961.75561534	0.493169454389	1962.4969807200177	1960.8384907901839	nan	nan
239892	229	51455.7818449	1961.55257861	1961.53342355	0.458486028033	1962.3415235768973	1960.8258822291184	nan	nan
245257	231	51464.0366569	1961.81493344	1961.79538708	0.532451485262	1962.5157112229138	1961.1364029856625	nan	nan
246577	233	51478.4595468	1961.98530214	1961.77924489	0.53160061196	1963.2062790392201	1961.2669781995455	nan	nan
247191	235	51523.9675419	1961.97106599	1961.77517908	1.01107411848	1963.4560984242244	1960.3655165946052	nan	nan
248454	237	51563.468164	1961.68937018	1962.02861262	0.937789561287	1962.7940868004334	1960.1209597108962	nan	nan
249374	238	51572.4365268	1961.40741043	1961.47907335	0.569533013619	1962.268114263539	1960.392038207142	nan	nan
246478	232	51593.7579129	1961.94088029	1961.96775334	0.50035062696	1962.7810590474303	1961.3293820393294	nan	nan
246746	234	51608.2393448	1961.62054188	1961.48533992	0.515350395835	1962.7564643210935	1960.9256520458823	nan	nan
251373	241	51676.2168598	1961.79944838	1961.8615706	0.426978160033	1962.550937884624	1961.2529407050126	nan	nan
248172	236	51676.3190048	1961.71491001	1961.83680779	0.658061667042	1962.8286994808448	1960.722820075066	nan	nan
249376	239	51683.866169	1962.16884235	1962.21849216	0.653267175383	1962.9292297630489	1961.032635548367	nan	nan
251940	242	51694.0388629	1961.93800513	1961.89674355	0.562110807599	1962.762935517559	1961.1012585735575	nan	nan
253166	245	51741.0144548	1961.66827995	1961.61797787	0.658705633926	1962.488644391256	1960.9071743757972	nan	nan
249843	240	51760.4736369	1962.14868879	1962.06585815	0.837967605711	1964.0095300739658	1960.609348694096	nan	nan
252909	244	51828.1834798	1961.88819591	1961.87511546	0.307859112836	1962.3405677813505	1961.3744779068534	nan	nan
254503	248	51832.7445848	1961.90388882	1961.78808597	0.499487243823	1962.8350471180618	1961.14311562104	nan	nan
254558	249	51836.2258439	1961.45493285	1961.80467703	0.758533068344	1962.5395194748207	1960.4955999474732	nan	nan
252834	243	51876.8678999	1961.70045808	1961.77571907	0.588215088575	1962.5782519039467	1960.9123569896165	nan	nan
253864	246	51880.6352339	1961.89963284	1961.6194777	0.74219930199	1963.5074676423023	1960.9285895263158	nan	nan
255569	250	51921.7135508	1961.87705719	1961.92791107	0.822902206084	1963.2879782398381	1960.1194397771492	nan	nan
254229	247	51940.1472669	1962.06622018	1962.13430206	0.420021410925	1962.5092070425771	1961.2743134440486	nan	nan
255851	251	51977.0823269	1961.63371603	1961.57412604	0.544625226552	1962.7695483567943	1961.044309820566	nan	nan
256000	256	51990.8004408	1962.00490093	1962.05077744	0.389324675526	1962.4257628904654	1961.1925774470008	nan	nan
255991	255	51991.055815	1962.08456016	1961.85407912	0.906853270986	1963.84193213546	1960.9877674891509	nan	nan
255970	253	52014.8667648	1962.2880239	1961.97658895	0.726384031874	1963.7382267544365	1961.4945332710467	nan	nan
255866	252	52069.8508918	1961.90940595	1961.9535873	0.37704257018	1962.406069628429	1961.3407627128652	nan	nan
255990	254	52103.407023	1961.64884564	1961.75334719	0.663076355249	1962.6926508608685	1960.4259405136654	nan	nan
266334	257	57493.300519	1962.17213757	1962.20775322	0.507064034673	1962.8999427091853	1961.2535116353424	nan	nan
273725	262	57692.555486	1962.13736302	1962.10282302	0.824374809299	1963.5560538351206	1960.6899559240785	nan	nan
266344	258	57711.0052438	1962.02345031	1961.7398643	0.703335064338	1963.6760399571936	1961.3128019786375	nan	nan
274220	264	57714.2506778	1961.93222343	1961.93566574	0.833565496227	1963.1560253651437	1960.2976014020685	nan	nan
270256	260	57767.533088	1962.11372041	1962.22578431	0.336553263477	1962.4903910369994	1961.3855981408497	nan	nan
269509	259	57787.069088	1962.39629179	1962.08619826	0.748152490652	1964.0695912396338	1961.853963204124	nan	nan
277462	266	57806.4126868	1961.9722643	1961.80630764	0.572348623013	1962.8853006919358	1961.1362087782654	nan	nan
277785	267	57815.5262909	1962.06530028	1962.1864017	0.836824371346	1963.497460637301	1960.6535907662083	nan	nan
272696	261	57862.0550909	1962.28084306	1962.23173537	0.533405287726	1963.108614822188	1961.5609783046052	nan	nan
273890	263	57911.6834428	1961.80726517	1961.65782954	0.793000898617	1963.5104971088463	1960.702942710399	nan	nan
276173	265	57948.9506619	1962.058993	1961.77418486	0.909192538014	1963.5188400695274	1960.939005118255	nan	nan
281488	270	57955.8312569	1961.95502053	1961.94013213	0.440104666955	1962.6016532958508	1961.3722640982405	nan	nan
282169	273	57966.7957368	1961.98102738	1961.85885508	0.62721404184	1963.0401011619213	1961.021784936166	nan	nan
283271	274	58040.864985	1962.11371606	1961.96046179	0.589898155494	1963.0428255785043	1961.1576599612968	nan	nan
279760	269	58068.2798159	1962.02445706	1962.1981741	0.531385477832	1962.7245209788614	1960.8915437980042	nan	nan
279229	268	58071.1442959	1962.20806198	1962.08660587	0.551949195215	1963.0472585029836	1961.4065836182083	nan	nan
284107	275	58100.5049808	1962.1348108	1962.11487149	0.725803785791	1963.4758469955034	1960.6969006560207	nan	nan
281870	271	58132.836782	1962.35108244	1962.47355476	0.525174507314	1963.2044196192167	1961.5688810872273	nan	nan
285455	277	58134.4771159	1962.0381419	1962.00152735	0.674395704334	1963.1120237404682	1961.0273195639395	nan	nan
285395	276	58157.9121399	1962.58808799	1962.67930345	0.45474411413	1963.2768963183942	1961.8572021600771	nan	nan
282060	272	58164.0319748	1962.07349964	1962.02812951	0.679407770117	1963.3208926487612	1961.2653450605176	nan	nan
286788	281	58228.7343688	1961.87780183	1961.82774729	0.773300272874	1963.286710778637	1960.5747230174456	nan	nan
287450	283	58305.0832498	1962.13972657	1962.14491573	0.542112525554	1963.0522247953454	1961.1893401636967	nan	nan
285495	278	58311.0701778	1961.77616985	1961.8984006	0.8964360264	1963.200762227087	1960.238639562338	nan	nan
287593	284	58315.4916108	1962.2803597	1962.05322264	0.545450680942	1963.1562984612306	1961.7034111577739	nan	nan
287601	285	58345.9892528	1962.15345868	1962.16137376	0.511685748824	1962.868763520747	1961.2767768612518	nan	nan
286432	279	58352.480613	1962.30969139	1962.27362907	0.403652461239	1962.9699233901704	1961.5728388090638	nan	nan
286440	280	58379.4611368	1962.38762499	1962.67615283	0.807049248635	1963.4892750159745	1961.0716637454675	nan	nan
287215	282	58416.767792	1961.90966535	1961.74202398	0.755830527202	1963.2507583130796	1960.8304869750482	nan	nan
287740	286	58480.2243879	1962.15435233	1961.88384298	0.914307306028	1964.3708674271215	1961.338183990948	nan	nan
287940	287	58584.9972169	1961.91058779	1961.84021462	0.601906812805	1962.8174740126044	1960.8353185936896	nan	nan
288000	288	58616.7399278	1962.0942311	1962.14020075	0.580656275922	1963.0650140732205	1961.2812075994166	nan	nan
294178	289	63815.2829499	1962.2650959	1962.18781502	0.628286491319	1963.548702570898	1961.4981428511035	nan	nan
300588	290	64035.897954	1962.01248618	1961.94242765	0.458010504242	1962.776943357034	1961.4371558677128	nan	nan
301231	292	64051.9457529	1962.12268957	1962.18360426	0.79658034978	1963.2517354254262	1960.8175802722496	nan	nan
301088	291	64058.0898139	1962.11156899	1962.13628701	0.50478239891	1962.6230271269571	1960.9085770874278	nan	nan
303041	293	64098.6662378	1962.34426829	1962.36570822	0.570362975483	1963.2686916968016	1961.2902967349864	nan	nan
304521	295	64136.6245389	1962.33461261	1962.13711706	0.542484906657	1963.3419414572352	1961.8546154126327	nan	nan
303825	294	64143.9202678	1962.45385398	1962.34784023	0.481592955571	1963.2305308245082	1961.6767833449373	nan	nan
304902	296	64145.032887	1962.22366944	1962.18577466	0.703199135598	1963.2134471328368	1961.2547244401853	nan	nan
306665	297	64231.7642999	1962.24761872	1962.41290799	0.683235012663	1963.0355799747053	1961.0595510536941	nan	nan
308431	298	64295.6292169	1961.99842246	1962.11682145	0.594888322013	1962.7375738693754	1960.6474936254936	nan	nan
309572	299	64313.862324	1962.22540013	1962.30249501	0.532099657519	1963.2244123807852	1961.3835047209202	nan	nan
309877	301	64331.9909389	1962.25475767	1962.10931628	0.612061307431	1963.234924232406	1961.3620035986635	nan	nan
309824	300	64334.6310949	1962.47712713	1962.47018672	0.338633181972	1962.9634792018699	1961.9576892051575	nan	nan
312193	302	64434.9595618	1962.25682099	1962.29400399	0.364319927844	1962.7551578841653	1961.5020733729887	nan	nan
313529	304	64451.517962	1962.86228557	1962.78049569	0.67480189221	1963.881383562425	1961.8015316766446	nan	nan
313528	303	64460.7968218	1962.31844175	1962.53475495	0.502676810387	1962.8673339594977	1961.3451995224161	nan	nan
315172	307	64514.3421688	1962.55531901	1962.71371375	0.481256263894	1963.1079286683143	1961.6624679825659	nan	nan
314232	305	64520.1042719	1962.55301007	1962.44047964	0.537279707395	1963.6266871030962	1961.7201360747595	nan	nan
314729	306	64522.4421418	1962.6333938	1962.76704576	0.748014967124	1963.4543607958326	1960.9156494276203	nan	nan
315384	308	64573.4213738	1962.43335082	1962.37171369	0.555316570125	1963.5732451898093	1961.6827415426824	nan	nan
315883	309	64575.9629579	1961.92605443	1961.770617	0.518898592779	1962.6042581622735	1961.3715766555192	nan	nan
316772	310	64610.3141918	1962.29135365	1962.37071032	0.767063335002	1963.219651956615	1961.1807619083977	nan	nan
318072	311	64710.2161548	1962.15501637	1962.18624825	0.662195216457	1963.6274287730464	1961.43562817692	nan	nan
318173	312	64725.4353359	1962.44273909	1962.48886663	0.585789480159	1963.2889404210518	1961.273551491992	nan	nan
318356	313	64742.0477178	1962.27433857	1962.27850916	0.592683532427	1963.1057423783259	1961.1746394454296	nan	nan
318594	314	64751.793242	1961.92912643	1961.97236116	1.03946085858	1963.1164404544681	1960.0152580444567	nan	nan
318797	315	64772.5402229	1962.37115829	1962.28215956	0.759468047446	1964.1296835523285	1961.357653964849	nan	nan
319047	316	64792.790453	1962.2595548	1962.0953722	0.871696060918	1963.8380373853151	1961.3143146761981	nan	nan
319271	317	64848.8335888	1962.05263122	1961.98406785	0.843465403363	1963.2701216425328	1960.448760307105	nan	nan
319582	318	64881.8486788	1962.11198963	1961.99604524	0.557964921287	1963.3836298576573	1961.5586816356285	nan	nan
319932	319	65048.8063619	1962.50627696	1962.48299794	0.444154455104	1963.120135048456	1961.899603987342	nan	nan
320000	320	65057.357198	1962.02865051	1962.24054221	0.597272928227	1962.699042016829	1960.8724789829298	nan	nan
325453	321	70145.6825519	1962.36378969	1962.46648783	0.815337883372	1963.509888524975	1960.5300978114533	nan	nan
332043	323	70389.3031089	1962.51381189	1962.2876464	0.794078320728	1963.7884112999775	1961.306486613253	nan	nan
331557	322	70395.8548009	1962.39461612	1962.2837605	0.691029227151	1963.6412906023156	1961.5940421619866	nan	nan
332173	324	70413.9432759	1962.43304654	1962.24232032	0.534233064651	1963.5340379471236	1961.9488142465443	nan	nan
333513	325	70433.3185189	1962.73971683	1962.6674644	1.05944083373	1964.6289973653625	1961.1887750995545	nan	nan
334903	328	70475.793515	1962.38657907	1962.47159479	0.500693134699	1963.1362399596367	1961.6572134151088	nan	nan
334897	327	70488.6521528	1962.56624045	1962.31383992	0.992780894796	1964.5887984468443	1961.4334094662943	nan	nan
334711	326	70504.232487	1962.45421481	1962.63659325	0.773505296392	1963.246638140922	1960.908312565384	nan	nan
337422	329	70575.7540488	1962.31527959	1962.20756467	0.581480904619	1963.7222965787855	1961.7004731231086	nan	nan
341094	333	70679.8546169	1962.65556593	1962.69145304	0.730799705376	1963.8266102302919	1961.5704904271074	nan	nan
339736	330	70681.8282919	1962.56201975	1962.44866875	0.569026372641	1963.3100399258701	1961.6639526216748	nan	nan
340458	331	70707.0227039	1962.40025457	1962.24471012	0.586049718468	1963.4153266049832	1961.5949750747973	nan	nan
341058	332	70719.0365939	1962.17898642	1962.47574437	0.594694837821	1962.8903853649408	1961.0968339323238	nan	nan
344577	336	70826.6874249	1962.32056581	1962.49919543	0.763422479448	1963.221362498225	1961.048492822888	nan	nan
343996	334	70828.108845	1962.44717959	1962.4202129	0.340587722177	1963.0411934919043	1961.9124022017197	nan	nan
344525	335	70838.352633	1962.4514309	1962.60792767	0.523668909904	1963.258864861623	1961.7138103889772	nan	nan
346316	338	70879.5078378	1962.54622256	1962.5143253	0.630777760188	1963.760209901293	1961.50305497872	nan	nan
346146	337	70884.5911849	1962.25795448	1962.17241571	0.770367972005	1963.4211825264338	1961.2616756467844	nan	nan
347530	340	70964.9845238	1962.64025184	1962.62450505	0.53158452052	1963.408909239821	1961.6686741508138	nan	nan
346437	339	70980.5296609	1962.38726378	1962.15939462	0.51069256036	1963.2303614210862	1961.848600210364	nan	nan
348150	342	70999.7122648	1962.71246282	1962.53892856	0.621942217836	1963.9509282220474	1961.9415895955913	nan	nan
347614	341	71013.5414398	1962.64414489	1962.58636531	0.357882266605	1963.0992432873022	1962.0875204845136	nan	nan
350378	345	71117.3775158	1962.37088935	1962.38288168	0.371799359019	1963.197080151367	1962.0043151240602	nan	nan
350069	344	71129.5547109	1962.13236237	1962.17298321	0.717266674184	1963.2283065441086	1960.99634987348	nan	nan
349851	343	71134.2777579	1962.41117157	1962.20473532	0.53418055176	1963.53265150503	1961.8169650922375	nan	nan
350686	347	71176.3595579	1963.0235882	1963.05498846	0.717809179436	1964.0729659756387	1961.3959434979085	nan	nan
350448	346	71188.0698068	1962.61592869	1962.60953493	0.720331378606	1963.5667794107262	1961.6228824243558	nan	nan
350885	348	71231.4744239	1962.67987852	1962.65784029	0.372483366198	1963.4468324165662	1962.2431867097598	nan	nan
351209	349	71270.6684248	1962.22660074	1962.50784905	0.738888422242	1963.0126153747956	1960.7806821135161	nan	nan
351423	350	71288.7314718	1962.52283488	1962.685647	0.550385882624	1963.286658938397	1961.2377114392136	nan	nan
352000	352	71471.1799028	1962.68001963	1962.67208272	0.575217209491	1963.9405385714786	1961.9853680578108	nan	nan
351988	351	71588.952765	1962.36480579	1962.38939424	0.844364088977	1963.7697861589352	1960.588528012178	nan	nan
356984	353	76501.035466	1962.45839775	1962.49251317	0.639812228041	1963.2920171831163	1961.5599387591078	nan	nan
362862	354	76710.1771979	1962.63965305	1962.6199777	0.616719114672	1963.7991620189412	1961.7637173957532	nan	nan
363196	355	76748.1066248	1962.6372598	1962.40060376	0.598745961652	1963.89403994746	1962.0575871839915	nan	nan
364120	357	76760.5867388	1962.77753543	1962.76488294	0.401512373231	1963.3416697860798	1962.1597773323008	nan	nan
363731	356	76791.8510969	1962.65898658	1962.605332	0.291710991569	1962.9827483814647	1962.1433106395216	nan	nan
365443	358	76828.1947379	1962.80173537	1962.78978568	0.556759591877	1963.5818677294412	1961.871932906195	nan	nan
365795	359	76845.7059598	1962.48846106	1962.47016792	0.692883593243	1963.4579115619354	1961.090260003442	nan	nan
366228	360	76872.1960728	1963.02343114	1963.06062691	0.779552484523	1964.5173724934632	1962.04313578174	nan	nan
368085	361	76963.5401168	1962.76661497	1962.74093869	0.340839653546	1963.2772266338786	1962.2555909010437	nan	nan
371326	362	77040.908175	1962.62941348	1962.65740922	0.430197683518	1963.2448177249023	1961.8433416134362	nan	nan
371450	363	77052.286145	1962.90820181	1963.10621558	0.807120896147	1963.938561273593	1961.6279523763017	nan	nan
372147	364	77088.7000349	1962.75351491	1962.7042717	0.825384233155	1964.0235870575655	1961.4263964975073	nan	nan
372453	365	77109.6265848	1962.45041298	1962.33503667	0.793273886113	1963.8443989299483	1961.34747063487	nan	nan
376013	368	77209.5083189	1962.91301623	1962.68531085	0.760258989508	1964.1478763461487	1962.0096609939803	nan	nan
375581	366	77222.300108	1962.75262293	1962.70679795	0.897177833853	1964.4954678084832	1961.7028616281107	nan	nan
375647	367	77223.1358018	1962.66600669	1962.5883492	0.541654836055	1963.5162491508445	1961.9350825316976	nan	nan
377027	369	77254.7074049	1962.43434892	1962.4676391	0.603453882537	1963.656416883159	1961.5977931180419	nan	nan
377128	370	77263.1720929	1962.52479432	1962.37040461	0.419599900765	1963.2786114652536	1962.0684239935706	nan	nan
378937	371	77387.172179	1962.90039875	1963.0286472	0.741253224628	1963.9212734518107	1961.8971101660852	nan	nan
379444	373	77392.2683799	1962.26940155	1962.18473466	0.467493266364	1963.0820714499148	1961.6053991718672	nan	nan
379258	372	77420.217145	1962.64525278	1962.74946093	0.530037060711	1963.2551831768378	1961.8584974303697	nan	nan
379802	374	77435.6719918	1962.61430402	1962.44237422	0.962005147123	1964.3860009070809	1961.480320856393	nan	nan
381620	375	77499.7162478	1962.72846526	1962.6728422	0.446215995419	1963.5740019891882	1961.9148903321498	nan	nan
381717	376	77530.7609258	1962.52168568	1962.67545833	0.702606157283	1963.7994258941035	1961.6115550243874	nan	nan
381811	377	77551.0735829	1962.53487347	1962.41258671	0.754989113851	1964.040367210074	1961.7212854085399	nan	nan
382393	378	77608.7866819	1962.54920921	1962.59793914	0.614888253977	1963.7205002648682	1961.5960696717157	nan	nan
382427	379	77626.358357	1962.71170746	1962.60669028	0.543843379057	1963.6639512992379	1961.914159250343	nan	nan
383152	382	77637.4431958	1962.98433376	1962.8471678	0.506749538839	1963.934648548829	1962.4248131580603	nan	nan
382821	380	77653.6422529	1962.72899633	1962.73703859	0.55653365094	1963.6678248956268	1961.8731111902748	nan	nan
383083	381	77677.5976908	1962.9773478	1963.05220178	0.65892033283	1963.8640321605853	1961.7745885841719	nan	nan
383798	383	77889.7602029	1962.96737304	1962.76575948	0.752449144268	1964.2574678004007	1961.7926238032392	nan	nan
384000	384	78088.1986468	1962.4946311	1962.56429305	0.62340956695	1963.3326917343238	1961.076974093695	nan	nan
388815	385	82818.3340459	1962.57411046	1962.55987649	0.527943182834	1963.4043273099853	1961.823519315081	nan	nan
393577	386	83080.6599088	1962.99591992	1962.93566514	0.668484518797	1964.367091883357	1962.093473982863	nan	nan
394637	387	83102.0552459	1962.71965741	1962.67893444	0.522434572601	1963.5301922502995	1961.7592524566312	nan	nan
395645	389	83130.3447318	1962.41324547	1962.17384775	0.660843371614	1963.5508276591488	1961.4886407872923	nan	nan
394882	388	83135.5434599	1963.09342553	1963.12743785	0.646492250184	1963.8314172661333	1962.2203922866684	nan	nan
396958	391	83171.2488358	1963.15420787	1963.03363552	0.612678280123	1964.043302277707	1962.3251726503456	nan	nan
396632	390	83219.5057688	1963.12407644	1963.02044371	0.370602470223	1964.0488997600628	1962.675079766858	nan	nan
397626	392	83227.8070788	1962.80964204	1962.74651186	0.392347359214	1963.495065683891	1962.1699539348604	nan	nan
399846	393	83351.666333	1962.93453439	1962.86114393	0.486019068945	1963.7964632095175	1962.0826994893682	nan	nan
402117	394	83424.3692369	1962.61978186	1962.81916734	0.581601949009	1963.2306759385133	1961.2674735381754	nan	nan
402363	395	83438.5748279	1962.81900945	1962.80111446	0.908618033315	1964.1686813547926	1960.9614671939132	nan	nan
403538	396	83459.2855718	1962.84365681	1963.00711121	0.560613986483	1963.7613649798218	1961.930851947391	nan	nan
404167	397	83476.5221009	1963.0446252	1962.94384077	0.803565929141	1964.2990056930482	1962.1949922358851	nan	nan
407069	398	83610.392226	1963.14833157	1962.9439318	0.505792005796	1963.9898447988735	1962.6248526090212	nan	nan
407445	399	83612.8640089	1963.03419083	1962.98498032	0.596966581089	1963.9638045803129	1962.182652481116	nan	nan
407477	400	83619.7865489	1962.92500011	1962.8607557	1.01647150823	1965.2646480473857	1961.710112030918	nan	nan
408170	401	83623.0785918	1962.9940018	1963.00563446	0.526708869042	1963.7770574348679	1962.0860347332127	nan	nan
408476	402	83692.5485499	1963.0578719	1963.06582469	0.552195392121	1964.2612248648215	1962.244616406116	nan	nan
411160	403	83782.3988018	1962.81471177	1962.78779574	0.374994231904	1963.3177235707901	1962.0636541268052	nan	nan
411174	404	83815.9523098	1962.92563082	1963.00827487	0.64371978691	1963.9590596934902	1961.976904248271	nan	nan
411746	405	83844.5347369	1963.07259745	1962.8332665	0.816992842403	1964.5124453684823	1961.7808580799365	nan	nan
412037	406	83865.508703	1962.95633445	1962.8732737	0.678148953228	1963.9176036467345	1962.0877550028051	nan	nan
412940	407	83902.7417269	1962.59273716	1962.52159968	0.491874097078	1963.6593939679133	1962.0440681968132	nan	nan
413436	408	83938.8463488	1962.83747532	1963.01673731	0.707649518352	1963.6739944460994	1961.6855860019473	nan	nan
413772	409	83979.9145918	1962.94417546	1963.008703	0.677187085585	1963.7427729007773	1961.4254882450434	nan	nan
414680	412	84025.3793678	1962.83308934	1962.88841553	0.642136430539	1963.8222949491071	1961.948462738327	nan	nan
414484	410	84034.340539	1962.68794066	1962.62687565	0.56521474754	1963.422792744742	1961.669251063617	nan	nan
414627	411	84051.5662308	1962.85095168	1962.9418982	0.681665061053	1964.0321835715674	1961.845507023351	nan	nan
414935	414	84101.2387638	1962.7571673	1962.86137934	0.572788871109	1963.5060124619083	1961.8157795340478	nan	nan
414845	413	84109.9427299	1962.95004598	1962.84605344	0.588098054263	1964.2277291223136	1962.017774336274	nan	nan
415684	415	84353.4514189	1962.70891835	1962.69047158	0.631838162141	1963.5379604814364	1961.3991048091282	nan	nan
416000	416	84567.2315898	1963.38473938	1963.37132893	0.628516736091	1964.3912136763458	1962.5158813986982	nan	nan
