steps	episodes	elapsed	mean	median	stdev	max	min	average_value	average_entropy
31362	1	6363.92124701	4736.33893592	2548.54446375	5427.9970226	19365.068681049008	1879.083553054342	12.4958894082	2.18969392447
31387	2	6371.31322193	2052.74585436	2019.15969818	93.5689672918	2212.403583621301	1936.3008122584442	12.5186150965	2.18961963501
31660	9	6372.10636187	2040.02739565	2027.97018654	171.188701487	2325.0954984560744	1822.7224983890064	12.4308489602	2.18968426786
31625	7	6377.79193807	2840.62251509	2794.51723702	406.39193241	3602.348388547907	2250.633922101654	12.6247787128	2.18969101548
31559	5	6382.5012269	2551.00103214	2337.2473009	500.753135639	3594.70497956906	2102.5049005569554	12.530312092	2.18970849923
31517	4	6383.65892386	1848.89772043	1841.51269032	50.2097133868	1954.430241442762	1781.330448974083	12.6465580163	2.18967568807
31612	6	6389.52616	2366.86144701	2245.09660301	356.887068333	3071.017986466143	1922.1044353610757	12.4729252373	2.18969811726
31410	3	6390.89546299	1887.46318839	1862.19615913	141.386691532	2160.2240844338253	1734.2235989849103	12.5571172965	2.18968588652
31777	10	6412.34346485	2351.893414	2330.26578153	184.106879014	2623.3833026310854	2087.2372529411355	12.7657572982	2.18964097005
31650	8	6422.73099899	2673.79785896	2674.53654554	350.615148752	3309.4174964526187	2075.2254479085414	12.5761659205	2.18970367345
31785	11	6427.63818789	2361.06089367	2323.99330646	205.253882776	2810.8515235970203	2044.2549425888965	12.6856400503	2.1896521832
31841	15	6432.52924204	2098.88574845	2059.5085505	105.46117173	2277.197917081807	1990.3633902282286	12.6132838084	2.1896778051
31856	17	6440.80964708	2735.3691427	2609.99178807	470.651751415	3544.1649553285183	2248.7946594573987	12.3900444489	2.18973876963
31955	26	6441.86439896	1917.84952344	1925.01912728	128.784078455	2096.824749073862	1674.103490778912	12.5616683923	2.18971917393
31935	23	6460.95851898	2223.06981575	2203.83011452	197.276332042	2501.5349536911144	1969.549352883938	12.5612562428	2.18968249754
31922	22	6507.53329897	2515.55483407	2469.03060301	446.35245154	3438.50955322949	1977.2543488653023	12.5148936625	2.18970972751
31793	12	6586.87236094	1953.87925574	1931.45276363	145.331280168	2323.5782872859822	1824.6659942769732	12.523071553	2.18972607046
31848	16	6588.05839205	1821.77856482	1815.85500825	151.708226833	2061.8148795362063	1625.5121758339292	12.7461369971	2.18967857662
31857	18	6589.38645101	2086.98358492	2071.05413417	68.9498650733	2240.032311723088	2020.1296220723918	12.6590001423	2.18967557891
31804	13	6597.35481787	2221.41245885	2179.51613255	238.047700936	2648.3947439437593	1874.2724927731979	12.4003904451	2.18972974478
31950	25	6602.98035908	2103.82815079	2115.96754613	206.536989402	2397.221189877486	1796.2072807901868	12.6808828585	2.18966818776
31820	14	6611.57716298	7484.77362522	2926.61439233	7494.02593053	19084.139791881556	2099.9195680191383	12.3929401291	2.18971928525
31888	20	6616.11023808	3581.44690781	3540.3705541	1436.30854798	5841.795394958732	2111.0020745728852	12.4854443313	2.18972592228
31959	27	6623.865942	2229.88475556	2142.76599616	299.274240979	2749.0878251967883	1904.6600367480273	12.4349219703	2.18975701396
31909	21	6628.52357197	1591.31557303	1514.91519922	151.157948549	1949.563274304204	1475.5173609534704	12.6994114677	2.18969753036
31942	24	6639.10316205	3264.6909889	2380.14965442	1910.06326867	7977.2184982536255	2041.7413634548427	12.5062391099	2.1897318974
31873	19	6648.4586339	2073.76673868	2071.52527787	168.827781435	2346.680420676125	1819.5491524468905	12.3404340014	2.1897097149
31982	28	6659.6776979	2453.68769197	2507.13472545	246.673595219	2704.6582708534115	1988.5568845808218	12.6177895695	2.18969330866
32000	32	6665.25303698	2265.56989623	2186.62935285	260.417383318	2727.0518995704047	1966.4271214442122	12.7129310921	2.18971912943
31995	30	6671.21696806	1983.39756902	1949.25083301	118.219724067	2181.3821107814074	1849.7220092867756	12.3207720914	2.18978563157
31998	31	6671.55144691	2367.36819654	2333.71862637	202.752445086	2720.2140964674572	2119.2006929947	12.7054432037	2.18971959377
31987	29	6690.85324192	2356.72704498	2236.23173024	425.614230125	2928.4228440977663	1887.868214381445	12.2455231849	2.1898306349
55791	38	12801.0703111	2487.18890805	2228.34723648	587.026635087	3994.3039861400975	2062.1884361801117	17.4319762256	2.99599416785
55413	35	12802.578984	2032.36337663	1981.01999917	251.136856869	2627.12709470604	1798.0137325241851	17.1925959329	2.99595691133
56239	40	12806.410846	1827.5738972	1847.33171546	79.0358598192	1929.7194482400037	1710.5667556080846	17.0639454964	2.99604087392
56105	39	12821.5164399	2169.58508361	2155.6572209	139.724366416	2451.4743650789082	2007.0355263741585	17.0502294283	2.99599123633
55689	37	12822.150106	1918.49446812	1973.60113084	191.438394635	2183.708897845543	1623.686415705904	17.1941392818	2.99601822267
56976	41	12847.326086	2631.56177622	2674.16540994	284.763319396	3106.7915374078902	2221.673535393009	17.5498303456	2.99591753515
57453	42	12865.5082369	1898.32189597	1890.95147808	117.681597339	2107.881199577155	1749.9189058318107	17.3294078902	2.99600453046
58303	46	12879.074213	1776.92898176	1755.04452902	73.6501947739	1930.7437960426862	1682.6786297267304	17.0135420259	2.99604668417
57903	44	12897.119453	2483.45401189	2179.94611369	649.333918492	3615.45615533029	1893.1103927880333	17.4571999548	2.99600858128
57603	43	12909.9884291	2913.04112155	2832.57773875	270.525582955	3329.85363495883	2489.54601913318	17.3034083654	2.99604202073
60092	48	12936.7840409	21002.2546177	16741.4839189	14311.5253256	41293.7404770072	4805.67440451603	17.39875448	2.99607336609
62834	51	13110.9569979	2938.15861638	2620.43189499	904.271395209	4373.918444532525	2034.1151133353262	17.59810755	2.99608568216
63050	52	13124.5444009	2247.34638238	2297.21695354	121.262223378	2372.6699475878445	2022.8974195214666	17.0567958295	2.99614547702
62732	50	13140.528044	2302.46508027	2233.49473706	176.933986874	2545.235327982126	2072.309586427658	17.0123703394	2.99613196728
63083	53	13148.1219299	3393.36120181	3569.98599738	1029.40746172	5425.313634209403	2187.3123818097188	17.452857403	2.99606921852
63317	55	13152.4665689	23318.2102281	21875.7560635	9005.87671921	39290.642432575354	9698.987220565554	17.3637135435	2.996082088
63313	54	13166.4671659	2710.30059973	2368.85235065	763.364926568	4665.740356031684	2261.8131133741795	17.2562180434	2.99612385715
63575	57	13184.1135731	2407.99942979	2385.52787057	209.070877152	2785.4768309760466	2153.724140783656	17.0115643805	2.99614208811
63542	56	13185.5744119	1715.39630118	1661.50470084	238.136021331	2140.024757594565	1469.2915700889887	17.4569121491	2.99615216542
63756	59	13218.822866	2751.49418954	2679.92110162	254.751225162	3251.542518706045	2346.286379679425	17.0423580102	2.99612896946
63948	61	13246.6175311	4171.37325397	4445.33294738	1001.53401874	5378.811705358773	2776.809798001316	17.8654403093	2.99610477183
63900	60	13251.7493739	5480.9953678	4772.84976627	2439.02928535	11593.519348595219	3099.0848523489053	17.6131523721	2.99611828701
63966	62	13253.5125809	1787.18803363	1807.33853932	64.5157016874	1871.9302705985717	1683.3539137449973	17.2298589794	2.99622576664
63969	63	13265.8177669	2317.31162119	2395.83724705	325.063759444	2873.8833497730766	1868.3093734844012	17.6124975825	2.99616773408
64000	64	13284.9915841	2445.88536955	2475.99878585	167.466799773	2664.9186342481426	2100.5466276972484	17.0575747878	2.99624718546
77586	68	18287.613205	2087.06033123	2044.30373141	355.841227284	2842.8351303610975	1700.9471670262149	19.7947111097	3.29270960703
79476	71	18319.581816	4395.55582799	3784.04943466	1764.24378677	7236.0089484611035	2166.342442052002	19.6474828273	3.29254655522
81680	75	18410.92608	11842.4229475	6276.56539108	11640.9226761	29277.7669115771	1147.258731617233	20.373521324	3.29256859574
77451	67	18436.8593829	14960.7025377	10011.2802749	10749.0727691	30222.509467536696	2741.8068456471497	19.8293586461	3.29264938717
80562	73	18471.4736919	10720.051454	7791.37350337	7850.87366662	24517.39397257655	3035.671810927311	19.4678558715	3.29256578179
80902	74	18499.5750179	13657.5711391	12442.9575022	7722.41406939	31203.717511065388	4796.420327913633	19.7408874375	3.29259958431
86999	77	18639.970129	10824.8715433	4993.50388933	12620.0685372	40801.87785631432	1803.1515600005846	19.2392176208	3.2926100099
87354	78	18647.4902589	4465.59606938	4291.7648811	2175.5490002	8241.53357843869	2382.533614810016	19.2257104423	3.29254540219
87581	79	18655.6347411	9494.70552143	5274.76591815	11670.1037904	37530.9151915369	1094.6353417498049	20.5306057949	3.29252599929
88357	83	18694.085391	6566.37905868	3919.54309799	6653.18243052	23767.101241220404	1696.6500986084088	19.3683510578	3.29252504937
87853	81	18709.2890229	8653.61356819	5953.31239187	5361.78495282	17345.257853631927	3117.3944703585526	20.3768829565	3.29257237015
88203	82	18719.001251	11090.9978002	11464.1424264	8110.89063749	24843.446206112847	2278.19322961418	19.5999266259	3.29252758698
88606	84	18778.7682519	9461.93525037	4590.44481006	10589.1609925	27087.328211986794	1163.524268425115	19.8892827683	3.29245936258
88964	88	18790.366359	10401.5825265	6714.90808142	8888.84336708	26062.328808349444	2846.7089506060574	20.0378030653	3.29246774439
97860	92	23836.0455461	1480.24580191	1217.05590515	452.524889893	2324.57664074609	1081.5900626286423	24.8745814935	3.40135498828
99733	95	23937.176759	2100.38531204	1388.78746406	1371.6481025	5131.510316651345	1210.8314127054566	22.114790053	3.40145592565
95830	91	23947.813947	10404.5664207	5557.88607826	9953.51909211	28196.63414571348	1289.703613777312	23.401648542	3.40136682132
99235	94	23991.2362919	10989.6255214	8342.71110076	6309.05982164	23411.72110153149	3608.528858794621	22.946365501	3.40135155804
102043	97	24073.769743	7267.30667863	6023.47524495	3664.27769799	15781.889979074704	3519.004010343635	21.1305015892	3.40135912634
102510	99	24096.1659379	1337.14791564	1267.12488302	194.58554256	1658.1300767668085	1093.8910214574744	21.2506118969	3.40150020986
98522	93	24115.6261621	1343.41086567	1219.47482099	267.203422971	1832.772710723013	1117.5430618996318	22.1001775988	3.40125221085
102758	101	24206.871398	2091.8543168	1905.3409158	910.974766276	3528.7803428623874	1154.285841518553	21.0577144184	3.4014148069
102980	102	24286.3868449	2692.82910565	1958.30125744	1656.66593819	5654.741893941035	1198.0311107926016	21.6760906866	3.40147268239
108162	104	29232.6097989	1589.01235569	1228.40332496	751.171838743	3365.101906840593	1101.0918514504647	35.0573574891	3.44139403424
110397	107	29529.657855	2419.55754352	1396.51493281	2206.66051678	8212.56510689912	1131.778397974667	30.1685454388	3.44124704761
112000	112	29606.89521	1349.32418335	1169.03840957	382.519958807	2318.85609271789	1125.7374593831805	23.9223537827	3.44129427506
