steps	episodes	elapsed	mean	median	stdev	max	min	average_value	average_entropy
31379	8	6579.81629086	2000.18388083	2001.90383114	4.6603371669	2004.981436934298	1990.3705593866737	nan	nan
31134	2	6615.67222786	2000.782821	2001.42418457	3.85885913293	2004.7061377895418	1993.0591020455472	nan	nan
30992	1	6625.634341	2000.57760189	2001.72539147	4.31765672107	2005.46777727409	1992.1722798606022	nan	nan
31378	7	6632.75470495	2000.10494003	2001.17567931	4.38108101865	2004.037437427075	1991.2654627283046	nan	nan
31250	3	6638.45339489	2000.5195807	2001.03013394	4.35604457174	2005.6548386021204	1992.3465383520722	nan	nan
31303	5	6666.11838198	2000.40003182	2001.32472065	4.18942633788	2005.869915688795	1992.3305244959138	nan	nan
31392	10	6667.87167096	2000.41273494	2001.67324577	3.93137703578	2005.3535128465448	1993.2323170321677	nan	nan
31284	4	6674.84495282	2000.66676438	2000.56703046	3.96623886327	2006.0051144755914	1993.240650528261	nan	nan
31381	9	6678.12900996	2000.4826574	2000.80764393	4.07568706961	2004.860387805623	1992.7577308614136	nan	nan
31328	6	6678.22241688	2000.20826136	2001.49589719	4.31197185129	2004.856619545272	1992.5617291049982	nan	nan
31397	11	6684.59382796	2000.86716742	2002.34176867	4.41653590991	2005.722810247566	1992.705055830298	nan	nan
31461	13	6689.60691595	2000.52888158	2001.56423878	4.10888030375	2005.0925790228778	1992.519458745701	nan	nan
31453	12	6707.1766758	2000.64667381	2002.32420383	4.02915906738	2004.660542440842	1992.1463278731785	nan	nan
31746	15	6723.51004386	2000.17337956	2001.00670247	4.3792901215	2005.6926097855458	1991.0738653671838	nan	nan
31901	22	6748.19834495	2000.37546061	2001.6300419	4.01023165902	2004.5704769987137	1993.1621948345332	nan	nan
31773	16	6749.29653382	2000.42907825	2002.2064247	3.956282145	2004.3538471626323	1992.669385521178	nan	nan
31857	20	6797.38134599	2000.51111951	2002.05172955	3.97697949992	2004.7956656060217	1991.495005300057	nan	nan
31943	27	6802.09302187	2000.78444878	2002.03403375	3.641106646	2005.0429620892332	1994.3150292217817	nan	nan
31785	17	6803.93392396	2000.53351775	2001.31618538	4.26847034049	2005.7915711092571	1992.890734974197	nan	nan
31938	25	6804.7507658	2000.59391839	2001.68090569	4.2914267112	2005.6699434661516	1992.1274236658448	nan	nan
31812	18	6807.38986492	2000.05989721	2000.67000238	3.9219902232	2004.6659296692549	1993.0275342174657	nan	nan
31939	26	6815.88466787	2000.75039186	2001.77779935	4.09692249546	2006.0502259004334	1992.6238577882136	nan	nan
31680	14	6833.44683099	2000.58016986	2001.50691841	4.0402352066	2005.0674640909108	1992.7774629969474	nan	nan
31864	21	6845.16563082	2000.91687291	2002.3082367	4.00476168315	2004.6850172833194	1993.051171612715	nan	nan
31916	24	6848.54177785	2000.5700236	2001.78366132	4.13465384335	2004.8092142511202	1992.6968270364525	nan	nan
31852	19	6848.81310201	2000.4597923	2001.73841639	4.2845551191	2005.6747518773273	1992.4598864951722	nan	nan
31910	23	6853.90787196	2000.42359008	2000.9006502	4.47829593978	2005.6563257784487	1991.7069575966068	nan	nan
31975	29	6861.58402681	2000.08158553	2000.78949935	4.28533568894	2004.5791005892538	1991.2010542897997	nan	nan
31955	28	6881.41705179	2000.52001622	2000.92017799	4.33555487429	2005.5741283439904	1991.8795541606487	nan	nan
31996	31	6883.26346588	2000.57061582	2002.2622915	3.90814313522	2004.1290402201817	1993.08234101561	nan	nan
31992	30	6907.26633978	2000.0469213	2000.90924369	4.34888158598	2004.63313826906	1992.281849645427	nan	nan
32000	32	6914.73929381	2000.21373031	2001.41228922	4.21183102248	2004.418355041459	1991.282195870187	nan	nan
54180	33	13118.2094479	2007.90858112	2007.8116002	2.05610031105	2011.4119836571065	2004.6800748213914	nan	nan
56017	34	13152.6485419	2008.31359603	2008.6395231	1.76794861384	2010.7489359274236	2004.5986390520438	nan	nan
56284	35	13194.8101058	2008.14189829	2007.95515854	1.31674597381	2010.2792349966298	2006.4303916387958	nan	nan
56732	36	13204.6042628	2007.78363472	2008.14474722	1.67581945502	2010.614559477941	2005.5766665568135	nan	nan
58799	40	13263.7795038	2008.195416	2008.25079517	1.61990315765	2010.53081297599	2005.4074771412813	nan	nan
58485	39	13269.1176379	2007.89780521	2007.21061876	1.66819612871	2010.5991042397625	2006.2381212734501	nan	nan
58430	38	13275.4228868	2007.81566389	2008.06128036	1.93062207422	2011.7169216792086	2004.8973079269842	nan	nan
58837	41	13303.6339078	2008.23049806	2008.20627066	1.97979193684	2011.3502436147255	2005.1079990464111	nan	nan
59354	44	13315.105387	2007.95795052	2008.24615241	1.33906020862	2010.1728374830006	2005.2417853463246	nan	nan
59293	43	13331.170517	2007.66568318	2007.65147418	1.14911735007	2009.9640418189683	2006.187965517631	nan	nan
59794	45	13344.7972758	2007.92473284	2007.51676344	1.43326218443	2010.0699416463578	2006.3919978230283	nan	nan
58930	42	13346.5104499	2007.84539091	2008.05299627	1.64735221276	2010.2968146918422	2004.7259886790002	nan	nan
60467	46	13363.2546518	2007.89250105	2007.46108129	1.33471986462	2010.2838466959502	2006.0093874516572	nan	nan
61125	47	13396.1254668	2008.08718368	2008.31181301	1.84816345237	2010.4806384285896	2004.9008292810754	nan	nan
61532	48	13448.9412658	2007.73752363	2007.98474143	1.75888880963	2010.2267549733097	2004.2542624965683	nan	nan
56901	37	13512.5258529	2008.06027251	2007.82542225	1.78624263886	2011.0877538962436	2005.5760034852992	nan	nan
63791	60	13554.8290029	2007.83919633	2007.67007803	1.4976534772	2009.8401487484898	2005.3544583811897	nan	nan
62657	49	13647.4999979	2007.81326279	2007.82621015	1.99360807241	2011.6093745442588	2005.2984888029655	nan	nan
62954	53	13674.775424	2007.68043962	2007.8227309	1.48543152043	2009.7876116426771	2005.019283156992	nan	nan
62861	52	13675.561394	2008.03866525	2007.95796756	1.58797252749	2010.2686733865257	2005.752536046098	nan	nan
62846	50	13683.0443628	2008.26355694	2007.82688723	1.83838470506	2011.0088972546328	2005.8770309805038	nan	nan
63081	54	13685.0666568	2007.92660978	2007.59688086	1.94468102327	2011.081385964479	2005.6829349688787	nan	nan
62852	51	13694.1789298	2007.77544706	2007.83384288	1.45542499918	2009.6010145560922	2006.0342993790744	nan	nan
63482	55	13726.0634139	2007.85912259	2008.22357095	1.53478038732	2010.1876312560696	2004.8484902873447	nan	nan
63609	58	13735.044349	2007.67863028	2007.86077462	1.69667684632	2010.8492903446186	2005.2712045631397	nan	nan
63626	59	13742.8340368	2008.04451563	2008.14230888	1.32917828073	2010.207127532816	2005.5301675350129	nan	nan
63581	57	13749.046731	2008.36264114	2008.92492961	1.65472226877	2010.241339438444	2005.6397030431938	nan	nan
63550	56	13755.233547	2008.07921646	2008.13414591	1.37315885497	2009.8647778148018	2005.2530463098142	nan	nan
63922	62	13822.9401889	2007.75148132	2008.62151964	2.13458561449	2010.097594823788	2003.8571314410115	nan	nan
63889	61	13836.6724188	2008.16407063	2007.89154809	1.56598715724	2010.4528084862447	2005.9670892180313	nan	nan
63985	63	13873.6211648	2007.63289041	2008.35223937	1.64766570557	2009.80618128038	2005.0579249835855	nan	nan
64000	64	13878.7323709	2007.53243005	2008.26131627	1.86184576012	2009.3223426427417	2004.621197588361	nan	nan
77094	66	19752.672333	2011.56810081	2011.303831	0.860620655367	2013.281726535083	2010.4250545297368	nan	nan
75720	65	19761.1030779	2011.93291755	2011.83341328	0.97394530875	2013.7756468955292	2010.7860323755779	nan	nan
79640	68	19872.0563979	2012.03727919	2011.91085192	1.25988277095	2014.368531384537	2010.4299547010805	nan	nan
79074	67	19875.4267828	2012.1194056	2012.25375113	0.755812675111	2013.294308293714	2010.3480489515164	nan	nan
82075	70	19931.4963739	2011.67755048	2011.43536353	1.06331749605	2013.4066152921941	2010.2916770108	nan	nan
82870	71	19971.7953069	2012.03169668	2011.52526148	1.10937960578	2014.5558717658587	2011.095503334931	nan	nan
81971	69	19982.0216599	2011.76318297	2012.24148141	1.43276515942	2013.5031717066895	2009.4948714808686	nan	nan
84352	73	20009.3671689	2011.29770375	2010.93333882	0.950112892066	2013.1088420880815	2010.1061612902542	nan	nan
83893	72	20024.7592108	2011.37262856	2011.4734215	1.12538126231	2013.0103884539703	2009.3130419566705	nan	nan
85246	75	20045.493747	2011.83204639	2011.82608234	1.31511352447	2013.7830086464817	2010.229470827832	nan	nan
85669	77	20051.007551	2011.65819368	2011.73765337	1.37747556007	2013.6554690320738	2009.4885188579533	nan	nan
85377	76	20096.3458488	2011.42930015	2011.43050431	1.27844276221	2012.9024383876167	2009.1823371778942	nan	nan
87062	78	20109.9110789	2012.03512591	2011.95418267	0.78010756402	2013.2882450514153	2010.6478671818443	nan	nan
85091	74	20136.3647628	2011.85530744	2011.93515478	1.29886187356	2013.335124134265	2009.6311818843583	nan	nan
88536	79	20264.9563789	2011.55073253	2011.32191545	1.1346474652	2013.2619884345281	2009.961091260118	nan	nan
90319	80	20301.8497238	2011.72151149	2011.56043125	1.34863560469	2014.6506485143966	2010.0266296625482	nan	nan
91427	81	20312.4909999	2012.09805355	2012.49513851	1.53914309925	2013.9474648723435	2009.802775313784	nan	nan
93498	82	20354.7348728	2012.0419761	2012.13817908	1.17830896417	2013.812195084553	2010.028362806269	nan	nan
94250	84	20365.335155	2011.96805181	2012.1306877	1.01716171804	2013.117200359417	2009.6294808216674	nan	nan
94334	85	20431.699549	2011.80181842	2012.0971493	1.4026528522	2013.596646637176	2009.2248997177276	nan	nan
94432	86	20434.5749669	2011.97319105	2011.71060052	0.920999574441	2013.2630147014677	2010.6702376154935	nan	nan
94184	83	20441.0656919	2011.62860295	2011.70351332	1.26379783941	2013.2169524047113	2009.5579196792103	nan	nan
94555	87	20505.032872	2012.08577924	2012.58180082	1.2670326321	2013.5459663932077	2009.7199751714402	nan	nan
95143	89	20506.9622319	2011.69374683	2011.61833922	1.01205905955	2013.5569939482568	2010.5192197547387	nan	nan
95005	88	20519.975878	2011.61163777	2011.51659043	0.854652302213	2013.3897081545135	2010.4648665338134	nan	nan
95147	90	20532.851172	2012.11975846	2012.40036684	1.08597370443	2013.5844938056705	2010.3377858253361	nan	nan
95344	92	20567.3054459	2011.80162426	2011.69389648	1.23363784945	2014.4589201049948	2009.839650858788	nan	nan
95331	91	20591.1216438	2012.33466124	2012.45733552	0.966123872927	2013.5368510693331	2010.891719761169	nan	nan
95795	93	20601.616447	2011.97201199	2012.29264434	0.995237653874	2013.1365505382635	2009.9723029329584	nan	nan
95867	94	20617.6553349	2011.68421117	2011.88108488	0.757176987069	2012.3619385807863	2009.9203441308152	nan	nan
95992	95	20744.7989018	2011.66187499	2011.68464762	1.12105995529	2013.7951611843869	2009.563219986983	nan	nan
96000	96	20764.7020228	2011.46960107	2011.23719001	1.24991794474	2013.508777790194	2010.1340409166635	nan	nan
105035	97	26413.4125898	2014.55859661	2014.45949531	0.604414446127	2015.7187731050362	2013.6938530507246	nan	nan
105324	98	26424.2256958	2013.85361586	2013.75680621	0.658418126132	2014.968003941186	2012.8697647668107	nan	nan
108745	99	26578.6128309	2014.12062688	2013.89822896	1.1163753582	2015.9724255609763	2012.833859807402	nan	nan
108982	100	26582.248775	2014.8756559	2015.16858414	1.25933686736	2016.7040649861503	2012.902242378171	nan	nan
112094	102	26658.3920169	2014.47774743	2014.46440966	0.719421818478	2015.4503648724967	2013.0918211269159	nan	nan
112393	103	26672.6647539	2014.89181787	2015.16419766	1.12116494432	2016.41967997868	2012.787701053728	nan	nan
111242	101	26686.5963638	2014.20180385	2014.30597938	1.04914335069	2016.1487696527233	2012.6758176482801	nan	nan
113634	104	26753.4263568	2014.95057492	2015.09320846	1.12436500916	2016.3159628241071	2013.279364291275	nan	nan
114778	107	26767.7472558	2014.66037174	2014.53501927	0.858226521856	2016.1382432191933	2013.4888446047992	nan	nan
114093	105	26768.4848609	2014.75478109	2014.55816724	0.94352962775	2016.7476669176813	2013.3551705549964	nan	nan
114696	106	26774.2158129	2014.37255052	2014.55119863	1.14217033798	2016.2644286271914	2012.3493030451295	nan	nan
116551	109	26857.4595368	2014.0584902	2013.6753304	1.04524625121	2016.0608709409535	2012.5530033691887	nan	nan
116209	108	26867.6125059	2014.29639741	2014.20953093	1.01061960188	2015.6669699386093	2012.948529570763	nan	nan
117343	110	26868.9020479	2014.40087249	2014.94106949	1.32776495199	2016.1259828467114	2012.188625111401	nan	nan
121923	112	27056.6914978	2014.16386035	2013.90906327	0.965190635112	2016.0902772491652	2013.1028931689016	nan	nan
123771	114	27074.8359728	2014.58758001	2014.44988607	1.13176092997	2016.42202500511	2012.978210040698	nan	nan
121713	111	27076.075743	2014.72542829	2014.67710945	0.768656093188	2016.1930462280002	2013.7470620647061	nan	nan
122657	113	27089.271102	2014.19494851	2014.17826637	0.778714688703	2015.656763192514	2013.2279813557666	nan	nan
124084	115	27108.9763398	2014.66241032	2014.58489833	1.30151187007	2016.265667873973	2012.1471457330604	nan	nan
125392	116	27180.482528	2014.496748	2014.59176831	0.729553477633	2015.8747103092815	2013.4274548359692	nan	nan
125561	118	27187.0208549	2014.44252872	2014.65890633	0.846080852709	2015.5671873495269	2012.9264659831579	nan	nan
125491	117	27203.5378158	2014.33306469	2014.38380347	1.1677759293	2016.2366897130378	2012.3273367883942	nan	nan
126590	119	27227.0448749	2014.64819443	2014.85284927	1.07463768832	2015.8867094465068	2012.630803549051	nan	nan
126823	121	27278.1511049	2014.45176688	2014.39821298	1.27197328674	2016.453776441325	2012.6676731245077	nan	nan
126644	120	27289.349695	2014.2752251	2013.94623408	1.18637458776	2016.2714107262236	2012.4787635145633	nan	nan
126944	122	27358.1405919	2014.27303057	2014.37557063	1.00310650968	2015.6767849218281	2012.093796691295	nan	nan
127472	125	27368.7725768	2013.84340219	2013.9764008	1.0405875853	2015.0215547907221	2011.591020134573	nan	nan
127299	123	27371.222909	2013.90773943	2013.8687625	1.00082532729	2015.9218322208333	2012.7822378506012	nan	nan
127475	126	27390.825532	2014.36961553	2014.352491	0.858371865711	2015.8329894892252	2012.8870769259343	nan	nan
127439	124	27396.0126138	2014.43229812	2014.40862545	0.862389791481	2016.0729682361257	2012.995791253276	nan	nan
127979	127	27561.8770459	2014.46376039	2014.43648979	0.871568622049	2016.4377108259491	2013.0277664611187	nan	nan
128000	128	27627.8230059	2014.53391007	2014.61201635	1.24568177963	2016.4721285427686	2012.1123954778136	nan	nan
135833	130	33027.8518958	2016.53526114	2016.35002684	0.927712353066	2018.2055127244269	2015.3076340592454	nan	nan
135514	129	33029.4624069	2016.31239395	2016.34424759	0.809334589043	2017.7450660222132	2014.9884215155666	nan	nan
139807	132	33216.6718829	2016.3201585	2016.14914597	0.877632953361	2018.258480649631	2015.3887185357678	nan	nan
139764	131	33222.672549	2016.79301814	2016.90751352	0.778572022087	2017.6070398631373	2015.2439008304605	nan	nan
142685	134	33274.4821579	2016.21473237	2016.05759773	0.889954592995	2017.5319405984405	2014.923940092574	nan	nan
142208	133	33314.90782	2016.42126243	2016.63751608	0.840665331729	2017.7875227290788	2014.6089806035923	nan	nan
145268	136	33429.8299088	2016.02304159	2015.89770165	1.32843398204	2018.5870866981884	2014.2783458766212	nan	nan
145651	138	33433.0060649	2016.71852075	2016.71361193	0.998342259673	2018.3572888126184	2014.8659006900223	nan	nan
145470	137	33443.8991098	2016.48631255	2016.22024111	1.09482172315	2018.2799244148362	2014.629545964631	nan	nan
145768	139	33444.696111	2016.35092335	2016.43650751	1.01139926187	2018.1232846572043	2014.6974505720152	nan	nan
143275	135	33487.7228889	2016.36936805	2016.27800298	1.24610384868	2019.020755439476	2014.8260169406701	nan	nan
148563	142	33522.6372309	2016.44120318	2016.44252986	1.02291360341	2018.1420335660332	2015.1884401478453	nan	nan
148462	141	33546.8383598	2016.54716631	2016.25224856	1.37048278097	2019.2654132609962	2015.0581088189358	nan	nan
148458	140	33558.047962	2016.8093392	2016.54455768	0.831168418684	2018.3481601981748	2015.875529614489	nan	nan
153762	143	33760.2979319	2016.72655769	2016.94720637	1.51248628603	2019.8560186324573	2014.6337714953181	nan	nan
154152	144	33878.6602058	2016.48694947	2016.5859001	1.0880030359	2018.282538169937	2014.638110525044	nan	nan
155065	147	33924.6343529	2016.49679599	2016.50908064	1.24001362505	2018.1575920554988	2014.1741700651644	nan	nan
154674	146	33930.282794	2016.32568133	2016.37244776	1.5279729926	2018.2591088249433	2013.5875709248485	nan	nan
154371	145	33966.8740199	2016.63398393	2016.797107	0.820758756039	2017.8934246855624	2015.2824833556951	nan	nan
156752	149	34004.0213759	2016.33789546	2016.35834578	0.918275131244	2017.5437824709963	2015.1204969244093	nan	nan
156569	148	34029.690238	2016.20627716	2015.81478705	1.49266879483	2018.963567013987	2014.44168827985	nan	nan
157029	150	34031.207948	2016.6239592	2016.42633391	0.583688722488	2017.437522150175	2015.7944582029932	nan	nan
157363	151	34046.916384	2015.79817925	2015.93694192	1.05113855447	2017.3498527989618	2014.0501453888735	nan	nan
158129	152	34095.5999098	2016.27181706	2016.4338785	0.804256739463	2017.2080078908373	2014.7400504430075	nan	nan
159329	157	34125.1358449	2016.20118913	2016.4565072	0.735065450193	2017.1261055348418	2015.0005175604585	nan	nan
158278	153	34143.1430979	2016.45953358	2016.46707278	1.04720377433	2017.8975890249978	2015.1142156063904	nan	nan
159349	158	34144.9720929	2016.36446841	2016.20209389	0.930249142458	2017.8354961996654	2015.0326798830404	nan	nan
159142	154	34222.27141	2016.95906347	2017.26015353	1.03789552723	2018.2719732051794	2015.2751147200602	nan	nan
159206	155	34225.680352	2015.96940525	2015.99769452	0.900669242151	2017.8875929621063	2014.6970293483112	nan	nan
159266	156	34227.711231	2016.30101401	2016.40722808	0.877748081214	2017.5524459167393	2014.9794812553405	nan	nan
159881	159	34405.2984588	2016.22377291	2015.91333839	1.01532067714	2017.9308823875324	2015.1560625887967	nan	nan
160000	160	34583.8777349	2016.67558713	2016.45141676	1.25049005782	2019.2316291055342	2015.064406876399	nan	nan
166459	161	39677.6711278	2017.62437193	2017.71951826	0.720859307568	2018.7497486345342	2016.375610814886	nan	nan
166527	162	39701.4059098	2018.08325478	2018.01614117	0.926355477616	2019.5663893302687	2016.8037501465155	nan	nan
170334	163	39898.03686	2017.65129572	2017.83941768	0.758230847392	2018.7944497601566	2016.3342539648563	nan	nan
170424	164	39915.200851	2017.96409696	2017.93340112	0.824690360158	2019.38893317717	2016.8500854531442	nan	nan
171321	165	39964.4884448	2018.29293355	2018.26309239	0.566033710639	2019.5493570393573	2017.5095849113402	nan	nan
172169	166	40020.892571	2017.81362103	2017.7371016	0.623252760275	2018.7042801921154	2017.0658981881359	nan	nan
174801	167	40162.4931259	2017.53165525	2017.26654449	0.896518941081	2018.873243808768	2015.9067777261544	nan	nan
175100	170	40164.1267219	2017.58969981	2017.42013051	0.989253037286	2018.999383440058	2016.3939010180375	nan	nan
174870	168	40171.472883	2018.37442464	2018.40927855	0.961728646932	2019.5932424772852	2016.912678311167	nan	nan
175829	171	40252.883647	2018.29288095	2018.21128265	0.674084208913	2019.5504721120346	2017.275340745938	nan	nan
175093	169	40258.46152	2017.74792122	2017.78219852	1.12792859101	2019.2153032014712	2015.4740778089135	nan	nan
176928	172	40264.3167298	2018.24288245	2018.22698801	0.752824552453	2019.2790113931992	2017.0869911352756	nan	nan
177473	173	40281.0139508	2018.15099617	2017.83721379	0.950704236741	2020.092487561039	2017.0597718243462	nan	nan
177732	174	40324.7800338	2017.45963667	2017.48486302	0.822804612068	2018.8786217029228	2016.18463451232	nan	nan
182931	175	40527.9574149	2017.78832008	2017.96244577	0.770918429997	2018.5773518183735	2015.8605914376908	nan	nan
185409	176	40634.4524839	2017.69613247	2017.41587358	0.945370081772	2019.4717773114246	2016.1679321896984	nan	nan
186695	177	40687.0617659	2017.86023794	2018.02838901	1.02158265336	2019.393190456533	2016.2398064647884	nan	nan
186821	178	40723.1893709	2017.94154152	2017.50912095	1.44489980344	2020.4049112341643	2016.0195690233134	nan	nan
188342	180	40754.2857668	2018.00911892	2018.07391054	0.763273749969	2019.0614674089682	2016.7488338510796	nan	nan
188769	181	40794.799475	2017.49470855	2017.34480873	1.10375650156	2019.1387445890387	2015.9579504417727	nan	nan
187723	179	40800.3235259	2017.65120326	2017.83677265	0.720747424483	2018.440949340784	2016.3091495078932	nan	nan
189091	183	40822.3582199	2017.62350921	2017.69919268	1.09628442263	2019.708384981992	2016.0032196879588	nan	nan
188921	182	40833.077029	2018.01031809	2017.95921862	0.582958155869	2019.1050293912856	2017.1587337215258	nan	nan
190267	185	40851.7307968	2017.72373879	2017.79999211	0.673335822467	2018.7402167397818	2016.547545068564	nan	nan
189794	184	40880.6412468	2018.26412935	2018.22464704	0.676309950207	2019.6168428544036	2017.4804047789285	nan	nan
190401	186	40906.8318799	2017.87678223	2017.68421426	1.2456705662	2019.8202939690577	2015.3973674055292	nan	nan
191048	188	40923.1614368	2018.03334861	2018.14012466	0.981425232725	2019.4852808176352	2016.2514039957941	nan	nan
190435	187	40957.2432678	2017.68023849	2017.41671986	1.25877889355	2020.0044396207138	2016.3932663503554	nan	nan
191130	189	41039.0078318	2017.69422328	2017.99487646	0.789633774549	2018.6603792002843	2016.4569550076717	nan	nan
191136	190	41041.594342	2017.90208996	2017.93960863	0.996105932175	2019.7376768631677	2016.2035919160405	nan	nan
191711	191	41217.9206178	2017.63577381	2017.90638023	0.768492515686	2018.3920118837252	2016.2481980965383	nan	nan
192000	192	41459.3791928	2018.06052028	2018.51439279	0.942113019115	2018.992911287274	2016.4264314410864	nan	nan
196766	193	46284.1708689	2019.27240505	2019.06323754	0.779141840895	2021.1061756523454	2018.5155777368257	nan	nan
197301	194	46312.6562099	2019.28674541	2019.24110309	0.797258219933	2021.1232282596102	2018.2978913498298	nan	nan
201163	195	46563.8763938	2019.79921118	2020.22002434	1.13053088031	2020.843790775755	2017.0747336508014	nan	nan
201518	196	46575.829638	2019.01732039	2019.28342082	0.670414160688	2019.924041373275	2017.72010686315	nan	nan
202274	197	46582.936363	2019.36979634	2019.55457507	1.30858627597	2021.171510342613	2016.750760503751	nan	nan
203288	198	46721.0145209	2019.59585054	2019.63539394	0.685509535409	2020.5321795517923	2018.3835188153412	nan	nan
205834	199	46844.855598	2018.95628352	2018.88953124	0.972420206103	2020.8975520607898	2017.7639797147242	nan	nan
205974	200	46867.97732	2018.89682335	2018.98791972	0.816724355133	2020.5348799254848	2017.5150526195123	nan	nan
206150	201	46883.4121819	2019.47909999	2019.16876136	1.24044202536	2022.4549428277505	2017.9816439858976	nan	nan
208033	203	46953.4592109	2018.76195612	2018.54122532	0.798609982644	2019.998852760112	2017.637670261473	nan	nan
208444	205	46986.2455928	2019.23060911	2018.80321353	1.46235154422	2022.2571285197166	2017.1984964006817	nan	nan
208203	204	47009.9994719	2019.79001665	2019.76219597	0.977229972303	2021.1383550904443	2017.8838941874737	nan	nan
207943	202	47054.8048558	2019.5786646	2019.66500189	0.725037116764	2020.4373424139794	2018.3028516504824	nan	nan
209438	206	47056.2417669	2019.11866316	2019.21886588	0.955222008549	2020.1999466472528	2017.2654046138196	nan	nan
214447	207	47260.4712739	2018.97707841	2018.99424464	0.739875470621	2020.1304158653456	2017.738145325065	nan	nan
216857	208	47422.0568728	2018.92225745	2018.81391599	1.00742842675	2020.7350825993217	2017.4714677659429	nan	nan
218151	209	47446.0899498	2019.29905217	2019.31767183	0.67510650739	2020.4732291395562	2017.918596284318	nan	nan
219081	210	47527.4609859	2019.43561048	2019.62590468	1.13319762865	2020.9518309468842	2016.6894968898562	nan	nan
219754	211	47536.934299	2018.76685677	2018.88958761	0.849297999104	2019.9775193087835	2017.3276879047114	nan	nan
220440	212	47578.322999	2018.75109729	2018.81582778	0.878579373726	2019.991621633924	2016.8835762994227	nan	nan
222231	219	47616.8873739	2019.70306473	2019.70654301	0.996167828891	2021.6012338254882	2018.5384882322617	nan	nan
220945	214	47624.454237	2019.30038712	2019.33845259	1.0622560021	2020.3730360172415	2016.7364927289268	nan	nan
221127	215	47629.5474298	2019.2509723	2019.17499939	0.784306725667	2020.4029983919254	2017.9257017946431	nan	nan
220630	213	47642.0248508	2019.38032825	2019.35211749	1.11588436707	2021.1424932442535	2017.4681830915354	nan	nan
222097	218	47659.7345769	2019.06816988	2018.92455043	0.695459191152	2020.9402471188002	2018.4619953522147	nan	nan
221414	216	47681.718997	2019.0927079	2019.20805624	0.871355503251	2020.4513342620578	2017.4310723835736	nan	nan
221759	217	47693.6752129	2019.63713083	2019.58090141	0.608781411608	2020.8613692950364	2018.8136126675483	nan	nan
222443	220	47788.592726	2019.05171129	2018.46285351	1.11088492066	2021.116760035572	2017.752438986105	nan	nan
223025	221	47871.4800899	2019.12731164	2018.99993664	0.622972469919	2020.4696351526318	2018.1454687503117	nan	nan
223039	222	47896.8241248	2019.54415209	2019.30253712	0.962358079399	2021.9561060026342	2018.7125705987196	nan	nan
223606	223	48051.519845	2019.07064775	2019.11579318	1.01334487919	2020.3892846647952	2017.3375259581185	nan	nan
224000	224	48378.3857958	2019.15860614	2019.43854403	1.04240001819	2020.5403019580037	2017.7784171333096	nan	nan
227946	225	52982.791816	2020.1843782	2020.33519277	0.592192660485	2020.9346653024545	2019.1931313378107	nan	nan
228341	226	53023.1501689	2020.00472174	2019.9668973	0.793880487937	2021.1114510061939	2018.88734211376	nan	nan
232504	227	53296.2372279	2020.7370474	2020.68057039	0.828802050278	2022.3148642812234	2019.4826082251454	nan	nan
232808	228	53302.975704	2020.3684247	2020.32782996	0.758540436704	2021.9823051913156	2019.5403226395522	nan	nan
232890	229	53332.7119279	2020.31108343	2020.30995367	0.77322918167	2021.7688312234225	2019.1237219469501	nan	nan
235046	230	53460.66518	2020.52662166	2020.88950202	0.749560355866	2021.152170096756	2019.0714573949028	nan	nan
236952	231	53587.227711	2020.57377788	2020.69122662	1.0043403826	2022.1493041497415	2019.2383837629795	nan	nan
237271	232	53614.4996748	2020.52539415	2020.49821176	0.393116112463	2021.1690589635898	2020.0518473534783	nan	nan
237532	233	53658.983742	2020.20277285	2019.82648184	0.751285632634	2021.586117233203	2019.3831581156476	nan	nan
238709	234	53709.8584068	2020.10506961	2020.02839828	0.943585860963	2021.927697804912	2018.687136897688	nan	nan
239139	235	53769.7836628	2020.2562588	2020.61025799	0.786311844947	2021.0321915489455	2018.9195775604244	nan	nan
239627	236	53778.5370519	2020.65273965	2020.34809053	1.15317680762	2023.400981359114	2019.3092145369724	nan	nan
240310	237	53791.1332228	2020.75714156	2020.84860842	0.990873889916	2021.8717960009287	2018.9416198640477	nan	nan
240469	238	53841.4688988	2020.30898019	2020.1954664	0.694741969158	2021.6532184186442	2019.0885619929936	nan	nan
244708	239	54055.218184	2020.43663887	2020.42680578	0.965027048385	2021.9267126736295	2018.851062666804	nan	nan
248537	240	54122.6091609	2020.14536893	2020.20411571	0.912489646975	2021.504637646195	2018.7286183047156	nan	nan
249271	241	54173.013237	2020.16466557	2020.34991415	1.1625201676	2021.8695533453752	2017.8790542438207	nan	nan
251297	243	54251.9881349	2020.32979859	2019.86958669	1.31590704635	2022.0927051925999	2018.1974311957679	nan	nan
251165	242	54288.3589828	2020.75937189	2020.70399978	0.580800974551	2021.6688216115351	2019.8295318377948	nan	nan
252091	244	54309.4119129	2020.62540097	2020.75419976	0.780026374567	2021.4863815564115	2019.5958443501095	nan	nan
252884	246	54351.3872468	2020.37738497	2020.35188025	0.609565613822	2021.6587418398656	2019.334052120599	nan	nan
252959	247	54371.4217858	2020.57474882	2020.45867463	0.446991939315	2021.1687950871244	2019.951004439334	nan	nan
252780	245	54384.1494739	2020.27788656	2020.38691562	1.06422492647	2021.7502117767533	2018.7748832130983	nan	nan
253652	251	54411.2382879	2020.32118753	2020.68403705	0.737766267532	2021.1841418493661	2019.2438393833058	nan	nan
253608	250	54414.4059098	2020.38368069	2020.38645906	0.389144533351	2020.924919640175	2019.7174640830822	nan	nan
253225	248	54428.1472118	2019.96326183	2020.40585743	0.992130122574	2021.0020782752697	2018.411910909838	nan	nan
253345	249	54469.8940749	2020.57956837	2020.55165133	0.878909577297	2021.8454901069636	2019.4573521493223	nan	nan
254290	252	54545.313237	2020.02677316	2020.26551443	0.843786362898	2021.133918848051	2018.6989325070751	nan	nan
254965	254	54662.2869298	2020.89351809	2021.06486684	0.582525183946	2021.7640154101935	2019.730927251655	nan	nan
254858	253	54664.6184838	2020.46997392	2020.34483669	1.08397909795	2022.1470163847605	2018.9936032843802	nan	nan
255474	255	54823.1121149	2021.00186644	2021.0037789	0.724099136112	2022.5236163509455	2019.8144078582854	nan	nan
256000	256	55223.5852828	2020.56009355	2020.6264772	0.602779255902	2021.4147594570886	2019.2417470969465	nan	nan
259525	257	59668.4449639	2021.69261647	2021.99099826	0.970719522219	2022.8999703514362	2019.8112868040268	nan	nan
260030	258	59754.0708709	2021.81536223	2021.48962129	0.851778988548	2023.8557901398644	2021.0602872034433	nan	nan
264324	260	60004.6209979	2021.24157884	2020.95308527	1.15390494327	2023.0501674777913	2019.735897994348	nan	nan
264211	259	60015.4745219	2021.37481011	2021.23473736	0.987461016386	2023.6250676202471	2019.9872008008135	nan	nan
264823	261	60064.6064329	2021.34960461	2021.04104279	1.09390644557	2023.9000621464907	2020.2275844245576	nan	nan
266727	262	60207.911392	2021.77698629	2021.85054551	0.692032537856	2022.7525451975346	2020.703495032237	nan	nan
268831	263	60352.8974998	2021.46655388	2021.34606483	0.887132426426	2023.0813329955927	2020.3881312010699	nan	nan
269273	264	60365.2508588	2021.32619647	2021.10101115	0.980310538475	2023.2048289950972	2019.9761785898568	nan	nan
269882	265	60423.3765268	2021.32607951	2021.11202452	0.912946272923	2022.8622829271887	2019.4768134571668	nan	nan
270770	266	60459.8530538	2021.80724055	2021.77936145	1.08558817382	2024.291151890885	2020.1759529265594	nan	nan
272054	268	60524.2224929	2021.32250443	2021.15832444	1.25087501455	2023.6060695445003	2019.233082596583	nan	nan
271826	267	60526.592237	2021.77258113	2021.84072555	0.775943209338	2022.657354944045	2020.4123444535517	nan	nan
272056	269	60551.1292498	2021.27079528	2020.96347546	0.963450479263	2023.1028719067451	2020.2529696190516	nan	nan
273241	270	60607.23873	2021.4515825	2021.34484983	0.728621855134	2022.4257630938237	2020.6226296829475	nan	nan
277958	271	60823.4884908	2021.46873055	2021.34829233	0.867635811519	2023.490768146479	2020.5969453544183	nan	nan
279397	272	60844.107692	2021.74044404	2021.76196423	0.989409968601	2023.193151499705	2020.1335208886026	nan	nan
280702	273	60914.918273	2021.69072381	2021.61330972	0.606872601844	2022.5197644420034	2020.7297374013483	nan	nan
282377	274	60992.9236889	2021.25099995	2021.06770324	1.38386910311	2023.1994857370523	2018.8576680459971	nan	nan
283461	276	61036.875057	2021.45411557	2021.40263644	1.19330175955	2023.4779244772885	2019.380853631401	nan	nan
283140	275	61071.7485418	2021.54194665	2021.68139466	1.07090390519	2023.115753412633	2019.3155338877173	nan	nan
284728	279	61091.8878179	2021.46491104	2021.2306471	1.00378771019	2023.1444163968504	2020.1544195718116	nan	nan
284210	277	61093.435287	2021.5588127	2021.45682384	0.573175028455	2022.3371973428189	2020.7857659634228	nan	nan
284655	278	61115.1031559	2021.35265876	2021.16317973	0.919803598535	2022.6824262599805	2020.013970503253	nan	nan
285205	280	61169.9179659	2021.10661567	2021.12232135	0.905331312925	2022.8791264028173	2019.3660078566927	nan	nan
285286	281	61183.0236268	2021.08967675	2020.75289294	1.03356102996	2023.2079467147953	2019.458136013185	nan	nan
285393	282	61220.7309229	2021.52153175	2021.3266686	0.93602633078	2022.938904762882	2020.5299160060977	nan	nan
285697	283	61272.2147388	2021.11851202	2021.0691646	0.874126502871	2022.3278892040973	2020.0627930291982	nan	nan
286159	284	61332.119138	2021.5006461	2021.34994504	0.723762119249	2023.1119131307973	2020.5407284098726	nan	nan
286842	285	61439.7181189	2021.32208974	2021.34227747	0.533140381529	2022.2910700781802	2020.489648833606	nan	nan
286850	286	61463.912308	2021.41204301	2021.23540182	0.730292135491	2022.811633376154	2020.5451439784977	nan	nan
287354	287	61582.9083419	2020.98366478	2020.89805475	0.962242837054	2022.809198281338	2019.7657815345847	nan	nan
288000	288	62085.5044768	2021.16231872	2021.32039559	0.873641282507	2022.9557360200838	2020.1027004296925	nan	nan
291224	289	66358.1171389	2022.50481228	2022.57532857	1.21205346223	2023.858960233282	2020.3878125403762	nan	nan
291986	290	66498.456955	2022.21924698	2021.8834313	1.1684790617	2024.7179032631052	2020.9818293573173	nan	nan
295450	291	66730.1163359	2021.75111737	2021.97202497	0.985053237347	2022.9087005864699	2019.7740900107913	nan	nan
295624	292	66750.908088	2022.07548987	2021.81283442	0.869399162801	2023.7433679377666	2020.895708738796	nan	nan
296366	293	66812.9647758	2021.83599661	2022.08945972	1.02120222836	2023.150152864021	2019.7702015379532	nan	nan
298583	294	66958.675288	2022.15760867	2022.19568776	0.626827961118	2023.256712740472	2021.1330129954188	nan	nan
301185	296	67122.9826899	2022.83396686	2022.99723441	0.828126919418	2023.826084852636	2021.7179047197453	nan	nan
300974	295	67125.3577869	2021.99800887	2022.55337046	1.44197008593	2023.766641864418	2019.1374432109678	nan	nan
302063	297	67192.4238379	2022.24271301	2022.32646273	0.800996362772	2023.9694430475586	2021.0081741393844	nan	nan
302755	298	67213.9338608	2022.28184407	2022.32426519	0.692004376767	2023.4595560316964	2021.325755396424	nan	nan
303936	299	67273.5532329	2021.96245757	2022.18403513	1.20033155905	2024.0213120352453	2020.138712768689	nan	nan
303987	300	67302.4108989	2022.07854514	2021.91821575	0.94169756418	2023.4495355496713	2020.7853003592654	nan	nan
305521	302	67352.8878579	2022.11542409	2022.25020599	0.7636999288	2023.1058492700251	2020.7388363621205	nan	nan
304472	301	67355.067204	2022.41252075	2022.34099364	0.667119348565	2023.5801586934604	2021.459634617825	nan	nan
310455	304	67565.6798089	2022.2947814	2022.25272859	0.879430771429	2023.817031183481	2020.4424513103463	nan	nan
310259	303	67595.1910989	2022.40882883	2022.5408139	0.998062973403	2024.3758388041506	2020.9142030664632	nan	nan
312184	305	67646.7199469	2022.53667064	2022.37124502	0.80823762989	2023.848744698432	2021.5775271124862	nan	nan
313905	306	67722.3929338	2022.37116484	2022.32821041	0.469466730929	2023.2959899497225	2021.7094750866413	nan	nan
314766	307	67787.779382	2022.28212338	2022.17763565	0.765454277716	2024.052881464957	2021.2209998296505	nan	nan
315832	309	67812.0607169	2022.13011293	2022.12792003	0.816199652179	2023.249568959939	2020.9342189436354	nan	nan
316121	311	67846.2932718	2022.45351623	2022.16280492	0.780464608572	2023.764431483324	2021.6670320588655	nan	nan
315541	308	67849.4505048	2022.0006707	2021.88827714	0.828895795184	2023.115207559533	2020.878665515381	nan	nan
315844	310	67853.863153	2022.15073257	2022.44124048	0.98183206181	2023.5061946379626	2020.6470187016141	nan	nan
316867	312	67925.912977	2021.92535867	2021.77400606	0.82897532219	2023.2291810925378	2020.8591607994024	nan	nan
317034	313	67971.6146009	2021.92779669	2022.16153404	1.03050414505	2023.3933518320541	2020.146088701906	nan	nan
317426	314	68045.0946839	2022.58327648	2022.94193746	0.756369877501	2023.2864811933518	2021.2453583421186	nan	nan
317838	315	68063.316288	2022.26300324	2022.46044094	0.951229759933	2023.9121881309215	2020.9682419018902	nan	nan
318180	316	68106.521735	2022.57441918	2022.37240718	0.655281429246	2023.341435445489	2021.732935552516	nan	nan
318735	317	68240.7933719	2022.25898768	2022.20248145	0.630080421636	2023.5803388236127	2021.4147650685115	nan	nan
318812	318	68251.918793	2022.29063945	2022.22249265	0.796554288276	2023.7143685143342	2021.1099691396369	nan	nan
319197	319	68376.8496959	2021.80722233	2021.53253181	1.08029779495	2023.6669630129077	2019.7974091773985	nan	nan
320000	320	68981.5770328	2022.67665037	2022.56379358	0.676062449213	2023.945707442126	2021.7848088638807	nan	nan
322782	321	73018.826715	2023.03505466	2023.00205786	0.763360996613	2024.224022653773	2021.9456130392875	nan	nan
323920	322	73223.1579649	2022.66930075	2022.64527071	0.914694424435	2023.6652193711702	2020.7336162096517	nan	nan
326817	323	73418.123853	2023.22724643	2023.17026462	0.775479785948	2024.7646355272045	2021.9489884767447	nan	nan
327112	324	73506.2629058	2022.82609175	2022.71363207	0.651519978741	2024.00604804078	2022.0278607655396	nan	nan
328182	325	73525.2923999	2023.47788671	2023.42988977	1.32605623771	2026.1544211928356	2021.7247904015235	nan	nan
330301	326	73655.4880769	2023.33595582	2022.98243174	0.798665041923	2024.7563779507157	2022.532087022089	nan	nan
333121	327	73815.5213299	2022.95914389	2023.12645809	1.1845935727	2024.6479263941535	2021.3978713810754	nan	nan
333202	328	73856.0137849	2022.73381914	2022.5524672	0.787753338034	2024.1769581220822	2021.5871350432526	nan	nan
334245	329	73894.7262118	2022.88229822	2022.94077933	0.637156645906	2023.646094230852	2021.7437044805915	nan	nan
334656	330	73918.2629609	2022.64531112	2022.51083456	0.819539049258	2024.1253110998477	2021.3112604817402	nan	nan
336419	332	74031.1256199	2022.86238498	2022.88886375	0.718019479022	2023.9319676663717	2022.060027453117	nan	nan
335958	331	74064.317817	2022.7649725	2022.44504528	1.00680847486	2024.6015135329947	2021.4355142334923	nan	nan
337453	334	74087.394526	2022.67445579	2022.52282482	0.783758120716	2023.7844972402581	2021.607470219897	nan	nan
337413	333	74098.2591288	2022.57784843	2022.63694427	0.648309049162	2023.338689225398	2021.5379607965565	nan	nan
342363	336	74340.4422219	2023.52418105	2023.56820862	0.957694029695	2025.2706462129051	2021.676744802666	nan	nan
341782	335	74356.8903098	2022.93092662	2022.50577388	1.3887167495	2025.057681288351	2021.0640296308004	nan	nan
343536	337	74462.5046778	2023.03980395	2023.10417683	1.23695780759	2025.0171110524532	2021.2149440474511	nan	nan
347110	341	74517.003253	2023.09185156	2023.3092352	0.94852746854	2024.136002320197	2020.789136652088	nan	nan
345131	338	74533.0269928	2023.05549249	2023.20583097	0.515762100699	2023.707885848737	2022.0005613925255	nan	nan
346539	340	74550.5073419	2022.60820924	2022.30933465	0.946970144988	2024.4679984244665	2021.1389760673512	nan	nan
346337	339	74560.8632128	2022.75838928	2022.68891218	0.869067104818	2024.28115935281	2021.8177476004557	nan	nan
347522	343	74638.6908939	2023.54835593	2023.39896735	1.12504905374	2025.550415524882	2022.0390309343813	nan	nan
347478	342	74665.3633268	2022.89277115	2022.66343634	0.811129364694	2024.4467643900434	2022.0533405199003	nan	nan
348501	344	74731.9701228	2023.26936486	2023.43623647	0.684294568497	2024.0682185600012	2021.719963285461	nan	nan
349011	345	74798.8874388	2022.83709342	2023.00800492	0.463722926287	2023.3432384934179	2022.098675014664	nan	nan
349802	347	74843.898762	2022.92747614	2022.63469385	0.887804020374	2024.6071310460886	2021.793459061157	nan	nan
349748	346	74885.9453909	2023.00216694	2022.90348035	0.900067032179	2025.0001209757304	2021.4762086799194	nan	nan
350111	348	74953.395474	2022.88208693	2022.92398549	0.547685897666	2023.739930745847	2021.6981490596595	nan	nan
350763	349	75065.449322	2022.86076028	2023.12478177	0.763157592856	2023.916755519761	2021.363996200799	nan	nan
350802	350	75108.2262249	2022.76537066	2022.9383798	1.05478592288	2024.2580406182037	2021.1453340304686	nan	nan
351037	351	75141.959651	2022.84744091	2023.10956169	0.905720951722	2023.991053071496	2020.9354272913786	nan	nan
352000	352	75923.799335	2023.32504285	2023.27996006	1.17919155556	2024.5767998407116	2020.6701434537842	nan	nan
354324	353	79616.6802888	2023.75348347	2023.7087923	0.901648009505	2025.2951931406947	2022.4877452537742	nan	nan
355996	354	79878.6153018	2023.52772146	2023.73101326	0.791199556733	2024.564248122719	2022.206740476596	nan	nan
358276	355	80057.4129789	2024.00582062	2023.96303733	0.423123631531	2024.5833088783868	2023.4540770667033	nan	nan
359960	357	80164.4593828	2024.07326667	2023.80864789	0.528063837397	2025.0173141675286	2023.4851207690067	nan	nan
359920	356	80169.866225	2023.90465158	2023.72751707	0.93872294663	2025.4196040145805	2022.2430227555512	nan	nan
361799	358	80308.1989968	2023.69851682	2023.49792533	1.09430545023	2025.808747246324	2022.0944735869782	nan	nan
364259	359	80474.046793	2023.98317815	2023.95235359	0.673946959756	2025.3697608353837	2023.236150315421	nan	nan
364822	360	80523.8075168	2023.76975762	2023.72494909	0.908078236094	2025.684625612472	2022.2730038444975	nan	nan
365696	362	80544.155731	2023.77305869	2023.75348567	0.537734848201	2024.563140654411	2022.6845146232106	nan	nan
365415	361	80575.972121	2023.50811617	2023.52128775	1.04419668733	2025.9439489112171	2022.33213244299	nan	nan
367803	363	80707.6284399	2023.99070746	2024.1047309	0.605813240414	2024.7130315527475	2023.0051955673648	nan	nan
368939	366	80778.9863219	2023.84010547	2024.08358044	0.747898376414	2024.815829881841	2022.5662993521162	nan	nan
368836	365	80865.7055199	2023.84127579	2023.65969628	1.00469851073	2025.5665497722557	2022.2796263989894	nan	nan
368379	364	80912.4449999	2023.35116691	2023.24416506	0.615258753573	2024.4254776630128	2022.5502884492923	nan	nan
373502	367	81054.4391849	2023.88732946	2024.11938625	0.688410266716	2024.8033203403068	2022.701833704475	nan	nan
376928	370	81163.213923	2024.11435833	2023.87318377	0.95007656456	2025.3534991176366	2022.4618260043944	nan	nan
373678	368	81202.469949	2023.69041286	2023.38116886	0.836073384995	2025.2634943705496	2022.3945090300988	nan	nan
375823	369	81317.5493259	2023.2691421	2023.03771105	0.727954484702	2024.8989020051092	2022.3861395379085	nan	nan
377316	371	81406.1982279	2024.15398151	2024.39338223	1.14153004915	2025.9456434174922	2021.780064286555	nan	nan
377631	372	81409.1096969	2023.98471687	2023.54791734	1.01324154421	2025.6163119187668	2023.077165127218	nan	nan
377768	373	81426.6792629	2023.7627001	2023.79544205	0.852073630954	2025.2922807282296	2022.2949645290814	nan	nan
379108	374	81512.8822989	2023.71767247	2023.92590305	0.758685602949	2024.9498007319673	2022.4204687914219	nan	nan
381464	378	81552.774194	2023.92903645	2024.00146789	0.586296818426	2024.8818763230327	2022.800122079572	nan	nan
379492	375	81562.1810269	2023.45379605	2023.49689746	0.644344474219	2024.4821869421587	2022.4920908549036	nan	nan
380322	376	81633.871248	2024.08572609	2023.99357098	0.754865279556	2025.5716299183173	2023.302149114026	nan	nan
381089	377	81731.74279	2023.72612487	2023.82206124	0.887062041753	2025.1263524666456	2021.823777052395	nan	nan
381836	379	81823.4331479	2023.10339413	2023.18939581	0.951074804489	2024.2738352921651	2021.3173887929743	nan	nan
382261	380	81866.8023858	2023.65796724	2023.7397213	1.20137409882	2025.4253418035632	2022.0777089432916	nan	nan
382805	381	81966.3994889	2023.83499931	2023.53421573	0.921162750347	2025.229002053854	2022.6976025357123	nan	nan
382945	382	82011.4142518	2023.59807181	2023.54732434	0.996793393258	2025.0803832872703	2022.2470076823972	nan	nan
383000	383	82062.3766429	2024.09594845	2024.1294655	0.939761089684	2025.0964744753362	2022.5623588466794	nan	nan
384000	384	82772.1453919	2023.47389321	2023.73654261	0.83718201261	2025.0266140743354	2021.9510464614877	nan	nan
385975	385	86330.6833038	2024.42886086	2024.33958005	1.17748561042	2026.1383349061516	2022.403423407206	nan	nan
