steps	episodes	elapsed	mean	median	stdev	max	min	average_value	average_entropy
2001352	87	1508.95818114	5980030.6443	5688988.9387	3364304.58414	12046488.680933174	1075472.8846200316	1.98989616794	7.18034032867e-10
4061288	186	2827.46112919	8447683.44105	7679235.57404	6620604.31367	22941284.987870257	642991.6426394711	0.212515979199	3.81662856442e-10
6013671	283	4077.51738501	7278444.6496	5619635.54585	6641032.17939	20587149.589667294	714349.2452467312	0.172173507076	3.07046526599e-10
8008974	384	5353.68479919	9638441.57189	7485054.49542	7427866.54434	28999675.55493254	3863985.983925337	0.448357286877	1.97540344458e-10
10000388	484	6620.5878911	17836488.7098	7056693.84176	21454726.2735	61828193.24799911	1163313.699285675	0.504869622583	5.02147785321e-10
12009865	584	7903.33147597	22432518.5598	3183972.3963	60348656.8804	194122999.82509118	1137931.8348313193	0.470717861246	7.02919715551e-10
14034768	685	9196.27852607	24704728.6064	14530585.5005	29490391.9012	103255162.23484632	2985778.277161669	2.75831330111	1.56438629437e-10
16009594	783	10463.4398441	15604523.9231	10299371.5426	15585152.5322	57837132.86858182	2356604.091080969	0.171688079365	3.05553378224e-10
18001806	883	11731.307894	16144482.0977	4736189.47998	34114210.1291	112101913.96244746	712833.2265181189	0.280593717636	1.13185270456e-10
20010508	984	13000.0740061	21504291.2236	18431149.1802	14252932.054	42279409.224154785	3592594.8250360177	4.54642512342	2.62300361556e-10
22034152	1085	14293.194577	71345303.3148	36687160.9465	88601105.1989	305366075.61501455	2710591.9210557644	0.405983140395	4.08169258024e-10
24007647	1184	15549.909498	75766449.9206	8725163.72681	216724425.403	692471251.9716054	1803782.8391708552	0.400065155258	1.32733690708e-10
26019974	1284	16831.247411	6365473.84537	4322070.42639	6915116.50918	23805819.12080933	512241.7517342507	0.371367857537	2.88770673932e-10
28002135	1383	18092.863807	64814340.0756	5114057.76824	171663393.063	552092614.1252414	2287600.83773214	0.171799127781	1.99091503784e-10
30006747	1484	19374.2869692	8215501.99348	6235801.23434	6609717.59793	24039019.426063813	1171019.830617144	0.599598737654	1.40161976669e-10
32001711	1584	20641.7416282	7703288.72162	5324856.0828	7220903.47891	24348736.814258683	971229.3987887903	0.706859847761	2.52143529395e-10
34022849	1685	21926.1848741	11291659.2114	8432589.61718	13731486.3675	49470045.12356839	1959453.5132236194	0.414277519783	3.25594789169e-10
36002729	1783	23188.4435592	30940948.0795	8353537.34621	49648221.565	158412840.85386428	2555096.773120721	0.207511108194	2.65737878508e-10
38002232	1882	24475.6868401	5033079.2115	4763303.2722	3475464.4927	11023860.430810386	1140085.132834572	0.183865694564	3.07349493628e-10
40005009	1985	25750.489877	14348821.8953	15117666.3276	8181068.91599	26474645.526983988	2497284.9270824906	0.683802813182	1.96740052567e-10
42006358	2085	27021.4165621	55670718.8271	22323024.5745	94753886.0395	317910824.41948956	3680697.854319315	0.625889105225	1.34357124377e-10
44019164	2184	28303.6617651	132336825.925	26441097.113	297030302.415	963870686.695225	4675581.937449557	0.311468953953	5.54930695249e-10
46029267	2285	29586.1836722	4184886.48893	3721491.14378	3109493.80659	8336812.230286538	762506.5541652915	0.318608150184	2.07329705891e-10
48022603	2385	30853.892396	40077760.9051	24104807.4479	45527656.8642	145292445.39580533	3059493.279572824	0.606781211089	2.02990323372e-10
50014260	2484	32117.443922	26268644.6347	19410099.1467	22500984.6135	59808138.710239254	3275364.525379792	0.230913773055	3.39155244252e-10
52024183	2584	33398.330162	7100202.65916	5105437.82295	5331675.30088	19102186.04383519	2340617.7254372505	0.883922836713	3.96435207729e-10
54003632	2684	34654.2804601	17158174.4746	9426263.46413	21225392.1537	67833623.38289681	1449883.191145624	0.617339819564	4.02186539521e-10
56006031	2784	35922.634495	18065836.5986	14150618.6206	11757576.3069	45309824.14445779	4860558.969581265	0.341223720597	3.15159180324e-10
58012475	2884	37201.3856831	8979035.3688	5119088.02154	9584380.43725	28440105.461197432	1049419.853800219	0.571980598931	3.50446544208e-10
60002674	2984	38469.215095	10608659.8459	6849968.46094	13731665.6235	48426528.52754954	1422434.981222103	0.536217102257	4.9155205798e-10
62005204	3085	39739.816704	25698146.1507	13555240.7305	33043140.6673	113420565.63810967	3226821.5771284834	144.972016761	1.6850054422e-09
64031198	3184	41025.2091901	23784328.0644	9319286.32338	47793336.6776	159197690.1520177	3173261.778791717	1.4995241048	4.88618465611e-10
66028841	3284	42290.175333	5357859.60793	3825866.25364	4852554.44688	15222344.838854065	893058.7542770845	0.375595965114	6.04735687163e-10
68027914	3385	43558.99826	6030512.02246	3937732.78188	5616372.55495	18055083.296283964	1233809.3061836448	0.581625711325	3.28110237917e-10
70008108	3484	44822.235774	202172909.952	93572675.657	373607684.56	1249915065.404707	7330347.604271038	0.532885395046	5.69366010875e-10
72001083	3583	46087.5683851	4656879.73454	2883197.19714	4686553.14982	14120907.982367547	835833.5707394987	0.527078020744	3.47423586637e-10
74011358	3684	47359.4648502	5621551.41734	4375607.41539	4923268.10389	14994676.592685621	946120.1498535195	0.707821752032	6.05683969691e-10
76006463	3784	48627.9150941	31507644.2194	16437542.939	47562153.5065	163656788.28251398	4279541.319443097	0.653598765672	7.01395395981e-10
78028724	3885	49908.9446321	760187064.436	27444737.8159	2254414898.45	7174497217.302511	8272900.47570637	0.509671255146	3.42377775024e-10
80012473	3984	51167.963757	19334596.9016	18333934.2166	9488899.75483	33133630.27605584	1882301.2767138428	0.473334347797	2.00650873259e-10
82009198	4085	52435.940774	24126265.0359	3318927.66903	57307282.5983	185218603.08643776	1296823.3932070709	0.737405892956	3.67928510987e-10
84039064	4185	53738.2016811	22509633.6343	18032092.7987	24220528.7276	80456128.5067852	1272293.4707725572	0.134171552374	2.13142010481e-10
86014175	4283	54997.1796801	5009394.50314	4081984.67545	3430741.32072	12584239.431656372	706222.0096956557	0.293541083369	1.23048432095e-10
88019355	4384	56274.6694021	5241193.03026	3471851.76141	4366226.14206	14981653.150624625	838843.5474305269	0.599320890039	2.31283997548e-10
90006733	4485	57535.4419591	26173886.9392	3428369.32439	69871579.6692	224581893.67564082	436771.0539320248	0.787516723166	2.25463118451e-10
92024904	4585	58816.2743931	25552674.0764	10777884.5501	46443894.1204	156439579.12507364	3371482.8852498694	0.592740215513	3.59349887444e-10
94015828	4684	60076.621382	18732017.2336	4266932.95325	33260844.609	98911094.25028487	1062494.8600218077	0.474144275103	4.18377490949e-10
96001482	4783	61339.283046	100243541.186	5669296.55437	294267772.522	937619204.4249667	595474.1551242489	0.57197627369	2.40148719796e-10
98016138	4884	62620.0909622	30815844.0176	12014076.5041	50851776.6443	170262154.1559908	4034080.1791336965	0.504578743022	2.93091068895e-10
100010878	4984	63889.0543571	55774937.3146	16392414.4469	105375243.492	345924806.25637037	4149469.7907295534	4.72297206678	4.48466093403e-10
102054396	5086	65185.1943181	10971996.3052	7976981.00749	12842311.0295	46460455.0855093	2523846.9654342616	1.21217795559	3.40461723954e-10
104024490	5185	66438.2646081	10185459.492	6525242.78188	10287528.2424	35437698.604963765	1056416.8200947463	0.463933157258	5.24609026133e-10
106008335	5283	67706.8501971	14938710.1548	7583793.28537	15182661.5053	46936666.54918575	3097749.1642601173	0.272114988714	1.29786242651e-10
108007973	5385	68978.2139142	8173704.37002	4792255.18854	6809673.51994	19156065.125043366	1280021.3532441217	0.682197577577	5.68100091476e-10
110001666	5483	70242.381392	58447880.149	3774292.644	135403192.7	424698696.31179655	901379.4876581429	0.391341865655	2.1022262472e-10
112029989	5585	71528.7349401	23292711.7641	8876453.76075	34264633.8083	109555153.825204	2539126.477728192	0.492020498856	1.7108925418e-10
114000187	5684	72780.0588281	5571863.74136	5483194.28744	4297544.20679	14967422.752033941	635127.4769358187	0.590994217406	1.70270279511e-10
116025698	5783	74073.656523	11832854.2796	11820640.1168	9648321.24298	28468588.711491816	705121.974960553	0.161699477176	2.87909692073e-10
118010627	5883	75335.287986	9514290.5988	5378181.67605	9150986.81167	26653696.667843286	2129755.693016244	0.454110607957	2.02310715273e-10
120004062	5985	76600.2448831	23264605.0591	18445865.6597	16716193.358	48972184.94701114	3335270.1344713527	0.843531248756	4.26799810706e-10
122000176	6084	77869.9600501	5650759.49303	6360483.53905	2937443.86809	8682853.7696648	870684.2310017968	0.508768834411	2.81685313465e-10
124012680	6183	79150.3792892	28482122.2493	14745041.9298	32910012.2887	100413763.69584304	1681082.4370189349	0.318866830131	3.01864332665e-10
126007333	6283	80427.8628552	47932870.2122	17308169.4277	77044268.5137	237829615.4774884	7510822.9251296315	0.438439406227	1.62072266069e-10
128038902	6386	81719.290684	27408799.1176	17384977.557	24755753.1223	82450130.52453901	2274165.4880353133	0.473594185204	4.23473949225e-10
130060679	6485	83009.697186	10527019.106	8020049.98541	6628473.37675	23849296.822488334	2800735.0074180425	0.0896763508662	4.06960689085e-10
132007929	6582	84254.2377861	8501151.72314	5596915.77877	10041418.885	27920555.594362188	456477.15177317994	0.156520073635	1.16057659427e-10
134008746	6684	85529.9315522	196539790.278	31347415.4318	533690414.888	1714936557.9444454	6105990.248053992	0.693657219595	4.70084480089e-10
