steps	episodes	elapsed	mean	median	stdev	max	min	average_value	average_entropy
31587	15	1692.89884782	2058.16367099	2062.6856102	15.9544962731	2076.9194848168	2031.1259574608002	77001.8696063	2.17376173543
31460	12	1697.45051098	2088.33299345	2064.9160251	43.2261144847	2174.857915618935	2046.313060949632	75808.5136728	2.1738220595
31618	17	1701.50777888	2092.29476942	2087.9784581	26.874830304	2130.1699567846713	2059.1692424745165	77268.0603884	2.1738020176
31580	14	1701.54505992	2084.57460819	2083.43659297	17.2053483244	2106.2716138888754	2052.8248620861164	76641.8555123	2.17375245608
31506	13	1703.05975199	2105.73593506	2111.98545734	22.1419228606	2128.4351859672215	2059.9795958954546	76509.4071795	2.17373820082
31723	20	1703.34742284	2106.2552427	2114.59272266	30.8635490938	2139.145850782901	2050.822063147345	78081.9516137	2.17378618154
31818	23	1704.09908199	2132.43293412	2144.42359052	45.5181429149	2192.7893325766768	2060.5707160806483	78521.4981083	2.17375855011
31730	21	1704.88349581	2136.47330241	2130.44776014	52.6033025689	2203.6438047602373	2040.2309745503942	77841.5368602	2.17372596833
31930	26	1705.41208982	2034.898357	2030.52098217	24.0951828526	2072.8288892329406	2008.9379779265246	81014.1068892	2.17372049344
31953	28	1714.10286593	2043.0579469	2041.81146384	18.0400733271	2074.364752503924	2017.0828490229812	81954.3590087	2.17359357292
31156	7	1714.82260203	2081.86968727	2078.94866433	13.7642526629	2099.3989879761602	2062.9925035193237	74058.9497441	2.17384282802
31950	27	1715.96053791	2110.78982295	2122.32786798	29.5695698525	2142.8927767792784	2062.4328768037467	81012.9368188	2.17371105869
32000	32	1716.08760595	2044.77737647	2041.50493898	10.4706090206	2068.460973816028	2034.101285902275	83398.2531819	2.17361258555
31982	30	1720.07103801	2086.98150389	2088.25038841	10.6882236806	2103.0931255707364	2073.011536423311	82050.7818867	2.17372448353
31967	29	1722.43975401	2090.21736865	2074.01290185	51.4253852881	2166.39638672633	2034.7847744735504	81075.8995955	2.17367285996
30985	3	1724.68820095	2050.14169397	2032.80413196	47.4690757198	2147.685951587673	2007.3659460875608	72872.1679442	2.17381912717
30856	1	1731.21052194	2099.38649111	2102.48348751	25.7624480514	2149.807704114571	2055.2871336194057	72803.7628904	2.17382967659
31591	16	1732.48070192	2166.17203307	2189.61768642	70.2323042857	2258.905166095826	2068.4119965646655	76737.5462345	2.17367539162
30886	2	1734.6058619	2043.89481112	2043.0811602	28.9509989472	2093.891658101399	2002.7540481172887	72873.5761779	2.17380426877
31118	6	1735.27794194	2083.18066619	2075.29060606	37.9412105553	2141.563227994604	2039.2884557377695	73576.5709889	2.1738378032
31997	31	1735.5123198	2076.16847274	2076.87203597	19.0754916784	2098.909731797122	2049.038726968656	84298.2685888	2.17367769019
31102	5	1736.25605893	2073.93893567	2076.46428221	15.3436452268	2093.7786630357323	2046.6167228621894	73200.9750901	2.1737666391
31362	10	1737.25375891	2163.40329283	2142.72566507	77.1128152698	2296.908412106355	2062.45703074021	74788.5596597	2.1737520752
31396	11	1737.3710289	2037.66440043	2044.18881564	28.1823419684	2092.177456014802	1995.3187624973013	75618.0987233	2.17383480791
31722	19	1737.80431581	2043.83370906	2045.33959258	14.6920524156	2066.818234710035	2019.185268242595	78113.9332678	2.1737210698
31271	8	1740.73890281	2055.18873402	2061.33430835	25.6131229461	2093.7711552124306	2016.4394773432261	74616.6728369	2.1737845368
31709	18	1742.02483392	2101.94921912	2102.36344906	19.8901136216	2133.906782380605	2066.7324669303853	77509.5904988	2.17378318578
31813	22	1745.05935287	2025.4759515	2026.48462871	28.8474289657	2076.115337928101	1992.5645656086492	79192.2486969	2.17368039868
31300	9	1745.16754794	2109.26697362	2100.24090917	53.92497646	2190.9543762319267	2051.1444011154053	74712.7396375	2.17379135605
31006	4	1746.2434299	2056.30489933	2052.53382492	25.1140966299	2098.3269177462403	2022.5382418219433	73349.9015861	2.17381823425
31895	24	1766.44579482	2068.82493192	2067.17156363	12.1271523225	2088.352580459192	2053.2048595396213	80442.6205387	2.1736809543
31904	25	1770.49383903	2048.97576257	2049.32111623	8.51271635019	2060.8460558411866	2037.707278841094	80467.8446591	2.17379340276
57332	33	3410.85256195	2040.78206362	2030.23355367	34.0005744996	2121.863940964659	2009.2755294373596	277871.370387	2.9708710299
58520	34	3418.52863288	2248.39722136	2238.55402416	39.3848696587	2313.5646671370455	2190.3811119463485	285535.407305	2.97094120843
59139	35	3418.89263582	2140.85176907	2138.57852039	13.1848916969	2163.240601193064	2123.58024346888	291706.168861	2.97091184721
59258	36	3420.68349481	2234.79415349	2228.40256889	59.3674881642	2311.114254682428	2154.3358590819425	293129.602476	2.97092087047
59762	40	3423.31420302	2115.55145484	2111.91390809	9.82672481825	2133.7837405210516	2105.685113152438	297630.377592	2.9706671455
59508	37	3426.459409	2229.44786656	2226.84289537	26.4394612868	2285.072751139346	2198.943634345169	295232.637915	2.97094839548
59535	38	3427.74401498	2129.74299687	2141.33884542	49.1132473662	2218.449530733591	2066.8530927629185	298226.817652	2.97078302926
60822	42	3434.30747294	2151.2642758	2131.51395553	54.5100989619	2244.150472559999	2099.2019487458997	308807.890985	2.9709029338
61227	43	3439.23954701	2230.13339882	2215.73006554	60.0991896602	2334.8024456515936	2146.8628497513864	316595.773155	2.9706927843
59829	41	3443.80429196	2223.8263808	2230.68923183	24.0982854822	2251.5306771585992	2179.6324885801355	299269.429989	2.97088804676
61317	44	3449.74359584	2179.59243279	2173.48654176	36.6381307037	2235.0144650685456	2113.4597103920196	318146.839725	2.97045852868
59545	39	3450.16286397	2175.19777332	2180.15591225	46.6802206941	2259.1592221664173	2119.0374139775895	295257.126851	2.97087914403
61529	45	3451.30741	2238.3883737	2275.75747136	88.4042604127	2352.8918447607784	2090.8007141766147	320198.922549	2.97055677217
62309	48	3458.184829	2203.62770536	2208.65658481	33.5699666789	2249.3158341251174	2153.1777143632025	330537.76846	2.97055193601
61753	46	3466.13126493	2148.60276172	2137.69603108	54.1800881547	2228.3340967450185	2077.3631048542816	322866.731639	2.97070139457
63344	56	3470.03007388	2150.2794029	2139.39640999	47.2206751405	2218.696740568687	2092.267576965017	350260.543793	2.97038955278
62241	47	3472.14750886	2318.68521719	2311.49729333	82.4395805674	2486.6075594703016	2203.746001959468	330616.659452	2.97049717418
63005	50	3472.21974587	2205.51731637	2194.17015652	31.0805592121	2269.4852282495917	2173.0487708747924	342405.186648	2.97047111522
63196	53	3477.66740584	2345.6325447	2338.05567334	34.068045152	2403.7772162984097	2305.7996156545346	346164.865704	2.97013183409
63276	54	3478.03189588	2433.22175136	2434.99369415	85.0411413684	2568.240687142526	2293.078165780843	350384.673871	2.97031957792
62944	49	3482.97168803	2123.33130739	2127.75488185	20.5014091036	2149.5513764702728	2095.54364070488	345166.063166	2.97034904081
63064	51	3483.92531896	2166.84256919	2161.35394771	21.2249840988	2212.156164062805	2142.9027920150074	345107.40777	2.97039054217
63195	52	3486.65764499	2129.14743542	2136.92822781	46.3190164065	2177.4147816129134	2065.599288392146	347599.705068	2.97020402735
63318	55	3490.35668588	2152.81035459	2167.16557348	39.8113915165	2196.2429308342003	2084.9348171571687	353990.740325	2.97025855578
63675	60	3492.28613186	2151.36209473	2155.18126257	55.9206884456	2219.794335578948	2076.2126445896856	366971.327234	2.97009355066
63419	57	3494.12403989	2155.30679326	2146.52187302	61.4945130523	2248.83789459632	2086.137707447207	351131.422038	2.97030556899
63706	62	3497.11525989	2232.23736519	2222.2242214	83.5827333023	2355.850113460882	2113.2629472902813	365376.08939	2.97026306822
63588	58	3498.40295696	2136.07222114	2126.82484242	34.3095562559	2203.129199522588	2096.520560326284	359518.694926	2.97024090393
63702	61	3502.36406398	2287.1685644	2272.53047801	78.9471534596	2421.735211043509	2182.4669950804587	366889.734256	2.97012122137
63598	59	3503.05255198	2118.14784406	2114.0815179	25.1508823677	2156.0128956863837	2085.7868447221476	361704.300144	2.97029535428
63976	63	3545.00481987	2162.23312515	2157.95316831	59.4245202339	2260.5148570223555	2094.7164704828824	398888.072347	2.96965916915
64000	64	3552.33545995	2081.52082329	2067.04842086	43.9417672131	2155.7120577449205	2033.2208859709222	403024.218934	2.96966689101
85922	65	5196.81461191	2191.2689149	2193.81888521	44.2183098325	2262.018525153529	2140.563011194626	652628.641025	3.25946869743
87272	67	5202.42624688	2255.16616827	2238.03645157	59.2416952146	2361.01853089001	2181.1691022838745	671431.480666	3.25937630193
86961	66	5204.34864783	2458.21581915	2450.88678887	100.615357806	2608.072437093463	2311.9646522559483	665724.849311	3.25949891671
88022	69	5208.83758187	2301.9352219	2316.58793856	82.6682443397	2412.9055916027683	2167.8795100167235	681317.344365	3.25896234152
88685	71	5209.03717685	2296.67791685	2279.59428577	41.5277919565	2353.0265750792037	2246.317242868261	688556.692304	3.25902109437
87326	68	5209.52995396	2457.37917951	2449.76425172	97.3690194724	2609.5822485962112	2316.5564185941475	672129.445648	3.25943786871
88675	70	5209.97905993	2410.51485386	2403.25930351	101.847719339	2588.7612889372226	2288.7754521622055	685452.792105	3.2592602415
90025	73	5217.12469888	2432.55311535	2410.23558075	60.6960484233	2522.4663571149836	2339.317363160047	710184.81577	3.2589615392
89673	72	5223.24725199	2320.54295303	2323.11613927	39.4061393197	2388.4607915505026	2260.0903064763042	699530.215684	3.25931261347
91167	74	5230.31206894	2289.41245268	2284.79375419	38.4630211353	2346.3944269532226	2245.83225110272	718174.351614	3.25891127111
92633	78	5234.42561603	2283.90151422	2284.21507754	18.1866205022	2312.655741096447	2250.35752217179	750733.214841	3.25847979775
91192	75	5237.77202988	2303.62967311	2266.00553468	61.8320541185	2413.468495824203	2249.3562607293	715889.534999	3.25892543289
93877	80	5247.06346488	2389.34627643	2390.99284232	59.8775900781	2489.82108405555	2315.8552470575682	778713.093879	3.25816455951
92100	77	5250.3187418	2320.62256086	2330.8538779	41.5479943401	2364.2122094567385	2240.675434302366	738663.094013	3.25824345193
92095	76	5250.91558385	2567.04190049	2566.66145376	116.445650215	2714.6964364284927	2392.8032970861314	738088.562748	3.25860291895
94096	82	5253.51979685	2565.27454301	2606.49631212	87.3675541318	2663.2439206167587	2418.1325677706172	789062.301873	3.25767905617
94287	84	5261.64895391	2714.32096201	2730.01723955	96.8948404923	2850.8890198284216	2578.951371312615	791339.473265	3.25796524546
94718	87	5265.21402597	2271.58512917	2261.61425602	84.720488065	2413.72070847813	2167.476226006801	802667.226025	3.25761611519
93882	81	5265.43948889	2236.37079089	2242.24774575	21.2303038678	2262.338360130417	2192.943907579428	781119.891608	3.25809686937
94568	85	5266.08905387	2217.12453606	2214.69463068	17.9084080358	2249.524490164278	2190.419400893389	794717.388324	3.25810164242
93724	79	5270.82480001	2338.8852495	2352.18706326	80.1899684021	2447.9507229731234	2217.216817703892	765685.278199	3.25837394965
94242	83	5271.23777986	2541.82443941	2540.98162313	18.738627321	2569.528970941071	2507.6519852925117	779216.671509	3.2581691018
95022	88	5274.73238683	2301.30213463	2294.89422461	47.5648315395	2376.894996511027	2213.723917690252	817525.014644	3.25762121134
94578	86	5274.93498302	2232.87394352	2237.73588238	30.9125945693	2268.4746989514356	2182.6075904749355	796652.663431	3.25792462274
95308	91	5277.2202208	2420.61164717	2418.93993248	19.3921875521	2457.883128093897	2395.0427920530897	825259.255927	3.25781391615
95417	93	5277.81040692	2458.49965553	2443.38357772	35.4683406631	2542.434292032364	2425.565250340429	834750.279741	3.25768499934
95062	89	5279.39852691	2280.81097957	2265.587746	62.7964992703	2391.5461508553353	2208.106153132268	815484.682493	3.25756888608
95437	94	5287.483639	2325.94815694	2305.60332004	91.1722345826	2439.4768198264987	2180.1486577413652	835127.922091	3.25760342411
95240	90	5290.403615	2301.73559109	2300.57493218	37.3535778775	2362.0483120361023	2256.9047452497716	817460.196068	3.25763172885
95318	92	5293.75004601	2262.7761727	2275.573705	34.1348506856	2303.848820488089	2202.3300987521557	826848.585642	3.25774150542
95937	95	5349.86397099	2288.24688972	2290.46668587	10.130375719	2300.330051479163	2269.5277719978085	902371.443823	3.25688586638
96000	96	5365.73787785	2251.70063939	2252.39109386	58.5984540989	2360.4026146464985	2168.384090245138	912499.18469	3.25677525525
117335	97	6981.91721892	2345.15284116	2347.95604108	69.2078861492	2461.5379894024104	2262.100822980424	1212583.79414	3.3622184289
118866	99	6983.84995699	2647.02523421	2649.91972893	42.7039980843	2728.743552190785	2583.1178771826376	1237390.97984	3.36241534191
118777	98	6989.18246603	2548.94509893	2541.13690584	106.166940094	2696.877681946247	2390.5252214868	1238898.41945	3.36204319314
119523	101	6989.51390696	2533.26311435	2540.50243748	100.56814979	2665.980551581218	2375.2013498242604	1262258.32134	3.36191516876
119418	100	6997.03469396	2509.59615576	2542.37713305	79.6677102637	2598.4271301852395	2389.794948403258	1257811.399	3.3616259054
119820	103	6997.57656097	2689.06560783	2720.98506473	68.9653201585	2758.265591861647	2572.1127558282433	1263504.99141	3.36215622149
119661	102	6998.88802385	2823.33577139	2817.72502286	95.3135110034	2956.261493845483	2663.8875533322457	1254855.61546	3.36222544969
120698	104	7008.32474089	2684.52194334	2693.76901758	78.9863380188	2783.8058021502115	2564.1325833428964	1283598.13603	3.36209950828
122943	107	7014.41376686	2372.49377471	2381.58190353	57.7969516857	2445.857084288977	2284.3310901828117	1354916.31789	3.36157339981
121634	105	7017.28262496	2478.83659816	2493.25008443	67.7232513993	2563.882917720412	2358.7579483656314	1309241.41184	3.36211638097
121695	106	7018.67885303	2437.76141279	2432.10213196	35.4492916993	2498.9480768917515	2398.5762682836607	1298386.31545	3.36251929621
123420	108	7028.07344103	2554.64711942	2519.87499903	92.8731913841	2708.7267264885395	2445.863323358008	1345574.17058	3.36179983458
123959	109	7037.62448001	2614.27252728	2606.13126352	91.2357091505	2753.458144315268	2478.5467167648976	1388131.55106	3.36129503993
125088	111	7047.40222883	2774.97096894	2776.17486663	37.4571733558	2822.6061492301264	2696.6153630029294	1419298.35368	3.36088904114
125630	113	7051.13204789	2872.03043732	2877.16637305	75.6770922568	2994.1199145349506	2768.230230395812	1439482.09972	3.36114602946
125081	110	7052.62550187	2504.22216953	2508.72248014	77.3562778004	2597.3957044847143	2385.534954473261	1397919.41358	3.36091792206
126074	115	7057.65278697	2296.12580287	2274.89287282	71.1252171226	2407.0761125410886	2223.9269754524903	1447906.95556	3.36142686278
125327	112	7058.2611618	2701.65624595	2701.410988	34.8751314423	2751.814265644922	2645.257453234037	1403440.79972	3.36143658454
125715	114	7062.09063101	2534.76493799	2542.13482281	57.7989193718	2614.2550593603883	2435.6131564034104	1448696.04667	3.36086990603
126625	117	7065.58596301	2479.73884407	2470.96307801	55.7883855599	2569.4593544513573	2403.28521836702	1483313.74266	3.36078147462
126299	116	7068.43616486	2415.3377309	2418.68808525	100.941584384	2573.0004974360004	2271.8492664636938	1453783.45323	3.36104285098
126826	123	7070.25821495	2643.21649447	2639.46347395	35.1334130986	2711.637166294031	2576.174954821914	1498552.37291	3.3611761892
126655	118	7071.19103193	2709.66183053	2742.33998868	90.8934444307	2818.0257331403977	2562.755986393043	1462394.69061	3.36133503013
126691	120	7071.38579798	2361.49191229	2354.91039141	72.649860421	2472.0368781554143	2274.4112801436218	1476576.33673	3.36107167056
126689	119	7077.39858985	2535.63736606	2528.3731163	47.6508005758	2613.7786780051465	2469.7468971704966	1459281.99645	3.36143930582
126788	122	7082.01913595	2548.09237595	2533.73747515	85.3813786533	2695.8506698213796	2437.8874584478476	1498742.81507	3.36055593419
126738	121	7085.34797287	2596.78231167	2599.79261577	72.7688017028	2710.141731416881	2482.86562606051	1489110.59441	3.36106883804
127212	126	7087.59284091	2459.0999928	2452.74044056	84.9764708133	2577.06064446575	2326.3886365614385	1532631.90562	3.36104999457
127207	125	7091.72640491	2406.13208798	2424.09999619	53.3948739813	2476.109795739776	2323.108820685352	1527145.84924	3.36066629117
127105	124	7100.59273481	2499.07548027	2487.86259878	64.1821200992	2597.631844874079	2413.614801680429	1526710.46228	3.36074093142
127906	127	7175.6848278	2371.96139755	2364.49157738	57.818599042	2447.0951106877847	2292.6097776465244	1663469.51112	3.36026628801
128000	128	7196.80352998	2440.6642647	2449.28011932	42.0631657368	2498.2885895368813	2360.334768432923	1690321.60648	3.3599293488
146285	129	8731.55365396	2651.45959927	2661.98756367	87.4253799679	2761.302468474852	2518.6626815238074	2033495.18603	3.39821644168
147353	131	8745.94721889	2815.88857171	2827.17632968	54.9461932639	2896.1633404277	2720.129529233536	2073010.61054	3.39780709432
148889	134	8750.26894093	2932.21690964	2943.99177811	84.086024097	3057.015315775688	2780.6701863847866	2112405.30718	3.39808621192
146773	130	8752.03592801	2854.79139298	2855.45094078	79.056659568	3006.2780745536265	2767.6228642846927	2042456.61584	3.39857558561
147474	132	8754.45950389	2874.60522037	2877.74557199	133.937641239	3070.957053348593	2677.469276975142	2081763.19312	3.39781276527
149403	135	8757.23054385	3035.83577626	3004.87533814	65.6851799158	3147.316861457443	2967.3187163549705	2116873.48544	3.39817179913
148849	133	8759.23873997	2648.30711205	2624.21355398	65.7374834998	2779.2233527314584	2586.2408933738425	2115156.89929	3.39738252711
151027	137	8771.82140994	2528.04102617	2519.99549133	62.9558591209	2630.587822782526	2445.5602621689895	2205283.25855	3.397613435
151755	138	8780.83030295	2640.01502544	2637.79887211	79.3857503541	2763.9955025649065	2521.047994535378	2189675.96338	3.39867200912
150398	136	8790.26424289	2929.85699464	2929.7076368	41.8506066817	2995.1455325387474	2845.9552651338813	2151076.24705	3.39808888784
152914	139	8794.34004688	2798.95827095	2787.25550723	57.4455677069	2887.585173443199	2726.2867820444667	2252284.46068	3.39774414006
152928	140	8800.05900002	2607.12699165	2614.54724991	40.4924142818	2652.9209581926534	2523.3619084341913	2225141.4401	3.3981933315
156119	142	8823.10368299	2798.00628073	2771.85582269	74.0391424684	2955.523465932016	2728.773721444819	2395668.27154	3.3969901199
155225	141	8826.87516284	2877.33344651	2881.19561197	63.3852543881	2947.315504599959	2766.6339496911482	2343511.71273	3.39726643965
156700	144	8835.51221991	2814.53346028	2832.44673813	93.5750233605	2932.9984590676304	2668.6082253883983	2414731.04954	3.39723995651
156657	143	8836.10977483	3110.86538265	3095.34129665	99.1595902179	3274.2429200593215	2999.9418600264357	2419275.03448	3.39718880557
157285	146	8838.76933885	2516.16981618	2511.60184666	67.0137443278	2629.341964048709	2414.161605595589	2436125.26967	3.39760024182
157427	147	8844.19429588	2786.73692021	2796.23461508	108.237592781	2944.5682293080145	2647.656090554848	2459208.22642	3.39692400255
157255	145	8849.03313184	2700.13013601	2696.63717831	45.0096199016	2779.226507519061	2607.3519534048696	2419034.36396	3.39678835905
158141	152	8852.6592629	2618.79488824	2639.84107057	77.0884692126	2733.4770193436475	2497.2752815124604	2506089.70263	3.3972058797
157692	148	8856.93534493	2686.66377095	2697.09359497	65.8884140934	2766.0799324998447	2586.4278650278475	2472567.80875	3.39703201688
157861	150	8856.95397997	2738.93613803	2751.61658808	76.0026778964	2851.961528839854	2626.660163483041	2489339.35643	3.39687813247
157765	149	8858.57292891	2953.45718942	2937.99481949	106.626322668	3129.4135032944237	2832.6062076056	2476988.39102	3.39743752269
158158	153	8859.63589287	2736.12260441	2747.28155926	56.9045231414	2809.820524407214	2644.6510902056166	2493991.81727	3.39758075259
158083	151	8864.75430894	2809.6857706	2781.38035494	67.792151206	2952.7323626514585	2746.9198727888024	2508358.59727	3.39735728075
158693	155	8867.64820886	2740.18791604	2741.8879338	27.2193946423	2783.5866803817626	2701.0117347222026	2563154.43121	3.3969689225
158644	154	8875.06629682	2838.51543848	2851.03759934	97.7052801254	2954.4236125368443	2680.446784922485	2567976.14157	3.39644910007
158769	156	8881.70023489	2646.8067553	2631.5441946	58.6328727135	2738.2006454934603	2574.3942427087495	2585328.1213	3.39716377253
158862	157	8893.91399002	2604.9227402	2607.85688261	58.5862544727	2681.8996361761037	2500.9466890599874	2601156.9565	3.39677800198
159024	158	8895.45998597	2759.11610487	2772.39433928	69.2137630171	2852.691716974015	2633.054106735692	2635753.18821	3.39682076726
159861	159	8980.44107485	2530.36409864	2534.54416296	38.9193850317	2575.8485688469477	2456.2057175620416	2841897.69943	3.39640089587
160000	160	9008.64847898	2554.95555797	2554.17444445	69.7752977083	2667.2130100268064	2449.527372427998	2889964.05414	3.39584042933
178098	164	10506.552083	3195.13622446	3199.14985372	71.5254185356	3286.879655828858	3096.6451448312887	3389609.62697	3.40915856195
174686	161	10507.4385929	2883.66524736	2926.71117825	89.5941693537	2977.684969939843	2751.469206244778	3277970.35528	3.40968021974
178129	165	10511.1044219	3185.25449249	3197.21935454	46.6165020733	3231.449925154904	3082.791129927424	3388738.08281	3.40967334081
177970	163	10512.9623158	3217.92709073	3263.04959091	92.8085972286	3318.63551343183	3062.5700893364574	3338305.4714	3.41026493015
176991	162	10514.6894429	3023.89245559	3039.50160262	72.6082103978	3102.830124666667	2916.5359445936974	3349535.44436	3.40932901681
178533	166	10517.3401299	3359.03357634	3382.44045664	134.28313061	3549.227796320729	3163.797874915106	3407872.46957	3.40976834321
178970	167	10521.8336489	2876.63925619	2859.43501278	77.3602946845	2990.382820957029	2777.8649252015803	3432827.21874	3.40873691143
180671	168	10530.6683788	2757.81227128	2761.01480646	96.3057313213	2913.876128684759	2637.6140745464027	3519961.36954	3.40912336873
181530	169	10543.7651238	3012.76630269	3031.03552827	142.666429819	3206.4723662423035	2783.096360661908	3519146.27672	3.41050390226
182434	170	10566.247654	3231.72393741	3234.46152532	97.2534623026	3349.4843967753186	3053.908145500687	3556036.38938	3.40958587282
182967	171	10575.2875719	2980.29262915	2959.16463754	55.6297852309	3079.2421182843673	2897.052393716134	3613094.86391	3.40936732337
184118	172	10588.9479439	2831.16993568	2829.09086938	142.078856934	3020.1021672794504	2620.1902198438474	3637049.93861	3.40985345933
187375	175	10605.5282099	3088.17914951	3070.48111398	92.7840285555	3210.7012008332454	2955.2109862609746	3908712.01721	3.40877941916
186452	173	10610.935287	3145.22844809	3141.23326279	88.1654402263	3307.8336793980297	3025.784776179641	3833229.07167	3.40884467184
187928	177	10623.4639969	2783.37949974	2800.38427558	75.0937989168	2870.4759915154655	2653.872471695277	3928272.17535	3.40912940208
187051	174	10627.7763948	3096.77475447	3095.24090781	78.2614066779	3241.5090057099233	2998.7368513940014	3838876.85654	3.40878397604
187709	176	10631.2955718	3414.98138549	3386.84704564	81.2562187864	3554.192236871253	3318.0209283807576	3915465.43979	3.40870483783
189437	183	10631.777715	2887.16960428	2886.27983137	42.0509439496	2962.850454322918	2819.9841277843975	4043240.69239	3.40922130814
189494	184	10635.8352659	3179.66770626	3178.41820398	31.761631681	3234.256946389953	3136.536715396391	4053047.76714	3.4089787959
189409	181	10637.4108219	2871.13738225	2891.11470294	56.9857613184	2950.0789576948378	2795.136040737799	4047937.62198	3.40860856784
188371	178	10640.2902038	3048.19796987	3048.16111662	76.3617785508	3181.67814436057	2954.4387300645353	3973875.20607	3.40853783262
189388	180	10646.6154668	2948.49689092	2961.07989938	115.458418854	3120.7850372342355	2756.8853340364353	4043791.55672	3.40883101736
189426	182	10659.525003	2943.73018118	2948.15961176	30.9642886177	2985.8899340336366	2876.794528164077	4052662.01397	3.4085798933
190149	186	10663.7634399	2773.74907546	2749.22907536	45.4825584127	2870.678622868115	2731.382495229555	4149386.59699	3.40856130098
189204	179	10669.1887319	2900.10507337	2872.8920633	76.134077311	3026.9187360531682	2823.1346027334585	3998869.96211	3.40832743016
190008	185	10670.7357609	3090.19347219	3098.5601644	76.5269647473	3186.0706994979823	2982.6807826037584	4111423.30808	3.40891339668
190480	188	10681.7232778	2903.72040452	2941.51615755	90.9989909585	2995.8871038070506	2751.853218521071	4216545.60029	3.40869914635
190459	187	10686.708566	3150.12031633	3140.52537051	129.82257039	3321.1427907357906	2969.9126284427794	4207147.23561	3.40800066171
190844	189	10690.3364239	2958.4093698	2926.62790086	80.9613102164	3086.531567802126	2872.936727816554	4300166.64555	3.40836837631
190866	190	10709.406054	2802.92079452	2809.46292519	71.3811125985	2896.082963187871	2702.3181819150273	4276367.67715	3.40841037466
191854	191	10803.3458569	2703.69746455	2702.80878142	65.7388528603	2795.4329313080416	2599.063880342253	4585939.32842	3.40812892166
192000	192	10831.3492439	2783.49954565	2799.95726827	56.209051222	2848.231563501698	2686.620605192955	4654953.58815	3.40733421166
205207	193	12266.1081719	3067.1076092	3081.19493322	74.0712385239	3153.354438252362	2958.3110668376294	5128943.17184	3.41235532039
206259	196	12275.8431349	3341.05658898	3325.38744478	39.9974733191	3418.9335471143727	3305.8592059563102	5145607.52222	3.41315867465
205478	194	12277.4690418	3410.54919802	3411.8671157	58.9520810355	3514.5480676664934	3320.8506781510464	5195685.47197	3.41161999555
206570	197	12279.53703	3312.92366356	3306.01717225	100.549017507	3464.7179140768117	3166.0129824036558	5209510.16585	3.4120539601
206179	195	12280.405287	3233.94704903	3235.82211117	26.0406081876	3263.086662132041	3184.7078083790025	5196670.70084	3.41265007426
207669	199	12283.302963	3079.83221038	3072.85838251	70.1229977559	3169.114214211941	2990.917790436098	5292035.04999	3.41146844659
208308	200	12286.2910478	2960.6177603	2964.03895152	45.775322768	3041.521600495603	2890.881251802299	5345778.47768	3.41197764456
206905	198	12287.043505	3702.4220334	3661.41816535	97.5288619366	3861.1374433247493	3570.710046939085	5229671.2928	3.41267765783
210258	201	12310.3754089	3229.17463284	3234.70028938	18.4991619732	3257.042913238384	3197.2905342629724	5392606.03609	3.41347352407
212904	202	12335.4272468	3483.18961523	3496.13351828	63.1654785241	3558.4294775158937	3361.7454998299822	5575893.73389	3.41228606518
213880	203	12347.799973	3216.28518597	3223.07004619	74.506081536	3341.0861169603672	3118.4618187132196	5648580.45311	3.41209277388
215210	204	12380.3079829	3164.14758943	3156.12524837	71.1930464037	3303.6110787233583	3063.721467484639	5751104.36628	3.41275136052
217313	205	12384.1510758	3293.19234377	3271.54632269	49.690461136	3376.5251424810576	3244.261626353089	6028833.41574	3.41150097917
217505	206	12409.462791	3442.10449349	3442.67614776	44.1365314015	3510.515736361849	3355.825053045261	5998349.84971	3.41191942515
219895	211	12410.8997269	3359.24631458	3362.45024885	93.1650424854	3505.8124668392743	3228.475312324686	6251251.1616	3.41194568737
219989	212	12414.3636019	3099.2831392	3089.51132811	89.8541284609	3232.6610355824964	2985.49267556982	6287162.9677	3.41130429577
219541	209	12416.0881128	3053.9863028	3071.78448781	39.0597230359	3100.633132085904	2997.6851942996814	6211326.41517	3.41223853012
218787	207	12416.946631	3007.0883094	2999.34035861	66.1120117469	3101.0703893503633	2899.155993147158	6133786.78842	3.41172312519
221276	216	12435.6543188	3083.94052262	3114.63509324	81.5234541791	3166.4913702900485	2941.286506912257	6474977.03816	3.41127159002
219679	210	12438.0132668	3660.08118775	3658.4488826	18.8803245745	3690.217338143552	3633.5246931730085	6188191.8606	3.41135913583
219405	208	12439.2978618	3438.98623887	3422.44514316	97.0385018261	3563.4959747266976	3293.9420400333074	6135461.61209	3.41143420775
220105	213	12439.357995	3315.22173823	3312.1505061	80.1046615343	3448.3909008829605	3219.485886002213	6260438.8582	3.41145218752
220568	214	12452.088115	3263.12861528	3284.34905058	61.5262982017	3351.1774811138766	3165.7044933532875	6319359.2468	3.41176547904
221171	215	12464.2274909	3021.77630065	3006.23700766	47.0025419973	3115.1142521420684	2970.9632197884957	6397039.38528	3.41158856203
221722	217	12474.8059719	3253.84006544	3267.5842414	57.1726955769	3330.841287735589	3145.792236453114	6485243.91046	3.41171150557
221776	218	12485.325954	3218.46906329	3217.64673558	102.923667639	3367.918236838547	3062.4830206411134	6447760.03176	3.41096776495
222329	220	12491.6292319	3460.2897115	3426.55328116	93.4667346409	3621.3697185014544	3346.7796722248513	6628192.50771	3.41076309604
222187	219	12493.3377569	3132.6608911	3129.45655494	56.4524293997	3242.819157629327	3044.1683734730955	6589379.98928	3.41146350014
222431	221	12501.4438009	3250.05534878	3256.48541192	63.8525162934	3321.3159940477753	3119.4902781978462	6679473.30466	3.41099884656
222746	222	12524.8018529	2956.32985172	2971.74087822	35.4023022975	2988.7515729433007	2886.124614114869	6738289.56898	3.41106285046
223832	223	12623.3025849	2963.32010624	2939.39266794	90.8657714987	3102.618210804637	2839.8901368449024	7056325.82194	3.41099231605
224000	224	12668.763993	2930.06732436	2937.15833762	51.5279170178	3022.152736972024	2854.945315850955	7137095.31064	3.41018329239
234338	225	14039.931706	3249.03354073	3259.49133944	56.7358401683	3322.9431211964347	3146.7435812154295	7658515.10847	3.41214818783
235496	227	14044.8927069	3614.13244418	3614.07708899	54.9198857578	3706.2993686855534	3527.004797950126	7772935.91544	3.41080921895
235481	226	14050.1604919	3602.238787	3621.44898111	97.4245745949	3723.175402396529	3446.39290174176	7655492.25448	3.41278856888
236337	231	14052.0916998	3102.65477077	3076.53589037	64.20065695	3193.4523270523955	3035.7806262074564	7815600.46245	3.41174647543
236139	230	14055.9115529	3346.39485399	3309.54492735	110.335531224	3521.574903814942	3203.0142851719856	7813970.1198	3.41113643156
235676	228	14057.4375989	3592.33114106	3587.13324767	101.674039093	3760.934201095754	3468.211861865684	7762281.56728	3.41149658172
236373	232	14061.6778889	4048.71381075	4044.93064841	108.55531988	4212.698942380119	3910.9674800611365	7767178.84773	3.41249933497
235782	229	14068.3368039	3266.33773268	3248.86878925	58.0587631784	3376.4760177573703	3204.9214956875458	7739498.92457	3.41244864217
238575	233	14090.3813188	3449.79636844	3468.70292053	117.852123838	3601.6973670114985	3272.375981608376	7905933.06436	3.41325900033
241179	234	14113.833236	3682.30041815	3626.2420171	133.192708969	3914.37588966324	3543.950070460461	8162923.36451	3.4116238371
242525	235	14127.4920199	3488.10579926	3505.38404395	91.726715168	3589.480812298799	3336.8542181663206	8238243.61889	3.41166812193
247024	237	14168.8643918	3457.79923193	3442.82362655	69.7802287783	3552.6830938257995	3334.540492458006	8522744.50521	3.41268675694
246769	236	14170.5650549	3401.91645361	3386.77715929	44.0506710377	3501.5628488688576	3367.520001641027	8689530.95327	3.41120144187
249620	239	14180.407064	3597.44745357	3614.0848762	55.3179546248	3668.3562813353433	3505.9860829227523	8854435.25758	3.4120035311
249487	238	14186.856482	3636.24310652	3626.82326922	75.0675756047	3767.0010119463996	3527.490024769998	8940872.62342	3.41178709034
250315	242	14195.2660699	3216.511376	3222.76498747	71.581956243	3307.5672768370987	3096.023922155628	8993387.46304	3.41133757925
250129	241	14201.871954	3191.37682667	3183.21295533	66.3969828365	3312.822846090389	3108.563177572773	8957681.93986	3.41199446656
251380	243	14216.4070919	3263.89219657	3272.01044561	52.2990674661	3345.6843780149516	3196.4941391898856	9230106.34601	3.4108796424
250087	240	14217.5914948	3386.03379038	3385.41024029	99.1487602867	3544.7985553622757	3249.808418601892	9038190.87533	3.41090819606
251897	246	14222.263139	3605.20173918	3609.04483043	118.748159986	3779.4952723375645	3455.594606597272	9201236.15245	3.41120193422
251891	245	14222.64042	3819.09666711	3818.92067338	156.00155168	4014.866280095796	3601.2210667771706	9169715.40348	3.41082789216
251654	244	14223.833436	3819.72585787	3836.86029095	84.7379560081	3925.167938331241	3695.0209040651603	9154038.93318	3.41095244304
252337	247	14234.3781049	3536.52559437	3548.47279989	101.275746443	3649.9994745528315	3393.4365078623896	9291902.18301	3.41144694122
253081	248	14260.1815319	3282.66333519	3262.79447279	107.307502525	3475.1307447050026	3151.0679931935883	9388911.17863	3.41148763826
253448	249	14267.819885	3519.69799826	3519.46338167	76.0910097916	3636.791697388183	3385.8789050336336	9505845.91288	3.41136854245
253974	252	14279.8058689	3885.6280811	3898.71140585	130.947155155	4073.3152835199203	3696.7415474110844	9692685.27071	3.41039861833
253965	251	14286.9800549	3467.33279863	3437.83465751	118.289601199	3626.518766912509	3309.3140355211344	9650112.4396	3.41108800723
253881	250	14290.2841029	3527.26087433	3556.45121657	104.782035788	3646.8315667839524	3362.5041945303033	9565838.91455	3.41049487991
254169	253	14297.8954718	3412.57912151	3401.4978588	81.2353733991	3562.116188671523	3321.203632178921	9755946.75305	3.41054730633
254587	254	14322.0360968	3197.1963991	3219.67407367	116.420658463	3324.3000061056096	3031.1854813198465	9854743.78433	3.41081864548
255720	255	14429.114079	3259.53185796	3251.89195594	91.0852471998	3398.605198394579	3131.8919866091424	10204947.8099	3.41081549001
256000	256	14486.4985979	3166.04630254	3137.39157115	97.9798717627	3327.772399569352	3049.557569517752	10353233.9493	3.40969687749
265877	257	15800.6361358	3499.2606836	3506.83963371	102.079703367	3660.3219454492782	3331.1088136931758	11108381.6646	3.41068050524
266370	258	15803.2279098	3859.35104934	3865.0965783	80.3810410407	3976.7570486882983	3737.9787243044484	11247026.5225	3.40897984961
266652	259	15806.4669609	3840.83961963	3859.95885723	56.27063102	3931.9155803831654	3747.396782267582	11082781.6319	3.41129620639
267556	261	15807.9200649	3639.74474296	3626.60433311	76.952835616	3763.4660696232972	3540.1222660313315	11286056.7788	3.41003976985
267055	260	15813.2825	3307.12089377	3320.20071006	65.0847764962	3404.7880133456047	3209.906469471087	11217742.7493	3.41054407234
268217	263	15820.359129	4513.27447885	4506.9413988	139.623836448	4732.612736126028	4337.946715425716	11289988.7713	3.41115903749
267628	262	15821.332691	3861.53580545	3864.16867085	38.868998498	3919.339489379504	3797.6337417362597	11311338.6828	3.40971118993
268753	264	15834.353955	3461.59164399	3469.30505729	71.8390326186	3545.113544439636	3369.1749586772808	11332790.2659	3.41116643101
270607	265	15847.0787308	3809.12940574	3836.49023613	90.6718285596	3932.1037022609257	3651.5781464397915	11519918.9121	3.41204968228
272642	266	15881.1445868	4045.326467	4032.19834564	105.33928491	4186.7500907742	3925.1021545067747	11897654.8786	3.41001301479
274048	267	15901.1088898	3793.3245541	3790.3117199	120.021198439	3952.603594167582	3602.1171212602244	12006617.7417	3.4101883485
278890	269	15952.6980159	3620.65244856	3589.90768822	87.9710975816	3772.5753322542096	3514.487019995046	12673383.1904	3.40981995849
280480	271	15960.653414	3898.22772611	3894.02945009	107.654527208	4065.8234896620206	3765.532989531362	12869143.4946	3.41051346118
281240	272	15967.496547	3430.43291428	3430.36562759	77.9118139496	3526.015535072216	3316.129085488322	13029027.8438	3.40982960647
279804	270	15972.2028768	3779.44315643	3775.1207408	58.0692618206	3862.0094911238975	3688.882987550912	12755624.5128	3.41111274611
281833	273	15979.1435499	3446.02634187	3456.05714789	63.2005189793	3546.446635508678	3349.285823955937	13004263.9766	3.41062639208
282921	274	15989.6445019	3472.00178996	3490.40502317	56.5735048172	3545.71621729388	3377.073096265766	13298235.342	3.40942245498
283297	278	16005.870368	4142.81327134	4125.96554423	142.655284066	4371.428857430213	3973.146080687866	13350170.1203	3.40929989433
283292	277	16008.897274	4084.20660964	4082.48397958	99.9524922087	4226.798210461827	3949.655799192888	13312424.531	3.40971519531
283926	279	16017.3860869	3751.95254471	3739.19868795	82.3389742365	3874.835514168208	3650.680998561306	13480116.3498	3.40989767906
284894	280	16042.970109	3642.77294068	3636.19378247	83.1509562273	3771.9267162326173	3510.2069333297886	13656773.8596	3.41022357565
285314	281	16056.2703109	3773.38751206	3780.0701907	84.62414288	3879.260168768019	3652.302300926139	13796113.4599	3.41002029723
285673	282	16064.848433	4279.53810503	4309.18480693	84.9236779755	4380.852261640061	4099.799327180434	14002033.6831	3.40881737046
285864	283	16078.965574	3767.30618323	3774.09435155	77.0091850122	3874.7306084790234	3647.229545424769	13984948.8213	3.40952577501
286080	285	16083.959353	3764.4895318	3773.92412243	139.393983628	3983.396148359307	3574.2623959393145	14125703.9437	3.40912577776
285972	284	16086.727742	3825.69009955	3829.29855513	82.0745588802	3935.1708243711746	3665.544514528571	13969405.2871	3.4089701348
286412	286	16106.7998009	3437.90269959	3423.02431927	68.7256946825	3536.4392257820596	3348.038163625119	14214066.0028	3.40953646661
287665	287	16218.0161769	3603.25991683	3615.59947797	99.2456107855	3732.0280927665694	3457.900023935805	14656359.5388	3.40952635451
288000	288	16270.789093	3492.23326123	3484.72041765	102.887712764	3640.8638451581405	3354.3545004885814	14889099.0515	3.408145908
297560	291	17413.1427009	4020.31238012	4019.63257745	81.8253354864	4162.697129798667	3918.1597341257852	15687580.8643	3.4094434267
297974	293	17413.7730489	3525.12167407	3517.61036154	66.3723978621	3631.0320514766736	3422.599280357067	15852612.7788	3.40888609554
298592	294	17421.3865678	4005.77808088	4003.59327284	64.0510566721	4089.2433495903006	3912.4638437058284	16062335.3853	3.40775603747
300261	297	17449.7877219	4151.89656171	4150.04349114	117.611901553	4320.201375407435	3975.0483056763874	16184473.8058	3.41055416311
307727	300	17534.807699	3945.09393349	3963.6588572	108.893084736	4093.918419501695	3789.6968921129933	17592545.7424	3.40798221863
308587	301	17544.761821	4158.90202431	4151.249176	51.2429295265	4267.051031380478	4094.7869722781297	17668691.5862	3.4088073001
309871	304	17560.0931518	3747.32992819	3774.7498269	114.019622384	3888.1105539864116	3570.0677006957685	17847694.1624	3.40917738403
310511	305	17561.1911678	3704.97310807	3671.0982809	107.613250847	3883.365864696124	3559.8755457883285	18151522.6534	3.40762559087
309578	303	17563.9770398	3971.4557943	3947.51497805	85.3387077285	4122.313947957657	3872.153519903048	17725908.0977	3.40958291156
312335	308	17604.250469	3981.7000908	3992.50109364	81.9623812589	4099.186585749774	3877.595093061768	18489770.9941	3.40830583402
314370	311	17644.2092679	4503.01675995	4543.95635467	76.6194883092	4570.375091114333	4373.303950230005	19215696.0736	3.40701111167
314074	310	17647.967278	4060.9153483	4059.20271809	90.8040702728	4209.833537662402	3917.497174590542	19000961.5417	3.40822685639
317000	317	17805.4918959	3773.3563521	3786.78765651	58.1997479702	3858.09933555223	3676.7247894324573	20381469.6939	3.40613229261
328333	327	18776.9667878	4254.26544197	4263.55242722	87.4793457865	4381.9473836587	4121.046070973424	23265374.7705	3.40648158782
329000	329	18805.4441428	4341.50839385	4347.48373387	59.6586657885	4447.435591424248	4239.299826476424	23673599.4029	3.40648380345
