steps	episodes	elapsed	mean	median	stdev	max	min	average_value	average_entropy
31392	2	3115.6076901	1994.77599944	1996.85745506	4.42360868452	1998.546862720081	1985.999728886893	nan	nan
31502	6	3123.61715007	1995.07849933	1996.17240897	4.47309767939	1999.6618989640394	1986.2350936991245	nan	nan
31500	5	3132.24211597	1995.32892945	1995.58008371	3.98096967807	1999.7109099032493	1987.9143018535528	nan	nan
31695	13	3136.01005316	1994.89225043	1996.35847665	4.46473864075	1999.5225560487456	1985.2243018878075	nan	nan
31442	3	3137.04178214	1994.99322506	1996.00097897	4.04115377531	2000.407807275449	1988.28535480636	nan	nan
31518	7	3137.44045401	1995.1835478	1995.93225674	3.81239156464	1999.8814775790208	1987.302741730955	nan	nan
31220	1	3138.32599211	1995.08685881	1996.27557157	4.07247347029	2000.1160353340774	1986.9149401112602	nan	nan
31678	12	3143.48890495	1995.12530905	1995.59814656	4.20409401802	2000.2880987790554	1987.804444123144	nan	nan
31635	10	3145.94893408	1994.6744599	1995.90885859	3.80375269378	1999.601878579038	1987.406788142101	nan	nan
31602	9	3149.82933617	1995.13949255	1996.30423459	4.59331591844	1999.563769168077	1986.5201197297877	nan	nan
31656	11	3150.52843308	1994.37096039	1995.29210349	3.68853098127	1998.908352620974	1987.7887710630646	nan	nan
31972	30	3158.21572614	1995.00359519	1995.92289724	4.614881846	2001.2748177558033	1986.3910428854922	nan	nan
31971	29	3171.38819313	1995.85506302	1995.73152806	4.0303407787	2001.8719169861934	1988.8310775604434	nan	nan
31911	24	3179.36772203	1994.62724805	1994.8814316	3.91768966662	1999.57666714792	1987.6063501021792	nan	nan
31552	8	3186.87896514	1995.67753738	1996.61507447	3.97384841719	2000.0878785694786	1988.3948175308303	nan	nan
31477	4	3186.97535801	1994.90012418	1996.60238727	3.96035771054	1999.1977667621773	1988.1470535993487	nan	nan
31885	22	3188.09005308	1994.97710208	1996.81943031	4.43542097698	1999.3739001025283	1985.326502387569	nan	nan
31990	31	3189.71236706	1995.06607936	1995.66171713	3.93662535648	2000.1843184483535	1987.666410942412	nan	nan
31768	16	3198.51949501	1995.22388147	1996.14452882	4.43441301994	1999.7214239234202	1986.3157316162271	nan	nan
31720	15	3200.96423912	1995.21612618	1996.43279436	3.77059483084	2000.1473282302384	1988.4553727736086	nan	nan
31793	17	3204.80303216	1995.05073217	1995.65951336	4.03073715343	1999.223090052972	1986.9221582097325	nan	nan
31709	14	3205.10897899	1995.03494126	1995.4393222	3.9012135353	1999.3803859990435	1987.8403283499883	nan	nan
31865	21	3207.82182407	1995.29047752	1996.045913	3.68979628787	1999.2509813189868	1988.5960771133573	nan	nan
31812	18	3209.58401108	1994.95983922	1995.86756825	4.05533282546	1999.028082501112	1986.3432251840595	nan	nan
31822	19	3216.63969803	1995.17425886	1995.96079666	4.01496891497	1999.5267405592735	1987.3350790855864	nan	nan
31952	28	3221.15455198	1995.82003527	1996.47967209	4.18901307215	2000.5763449723822	1988.1318889277725	nan	nan
31854	20	3221.27807403	1994.97996694	1995.52511316	3.99680687765	1999.343289999356	1987.869077857754	nan	nan
31922	26	3221.74799013	1995.5018297	1995.98234418	4.85338943439	2000.8543123785905	1986.8614487907817	nan	nan
31900	23	3222.21929002	1995.12526329	1995.915104	4.5311626804	1999.6585113375936	1984.8758255781663	nan	nan
31951	27	3222.79721498	1995.35817354	1995.74309411	4.41339334292	1999.8643968058377	1987.6713247375055	nan	nan
31919	25	3239.06711102	1994.82855326	1995.70874253	3.73379719869	1998.6405342134653	1987.3185580337274	nan	nan
32000	32	3257.61805701	1994.83337253	1995.85249492	3.80384524425	1998.4073275636422	1986.9258914324773	nan	nan
58972	38	6289.1503551	2001.82252885	2001.57143983	1.48675315323	2003.4828317858528	1999.541323251704	nan	nan
58712	36	6289.79112411	2002.72502233	2003.11496555	2.05309998895	2005.7325522453652	2000.0054002934912	nan	nan
57470	34	6293.08702898	2002.14138836	2002.26429288	1.99961644129	2004.6754880528952	1999.513247351513	nan	nan
59711	41	6296.73946905	2002.1779645	2002.41204262	1.81075236401	2005.8313745910539	1999.2317875391186	nan	nan
59373	40	6299.036937	2002.31006585	2001.94760868	1.95575821783	2005.2798444166579	1999.003665451677	nan	nan
57070	33	6300.28854609	2002.21833394	2002.82129947	2.22098549892	2004.601710630736	1998.6411249814112	nan	nan
58949	37	6308.68166614	2002.12439588	2002.26213222	1.46474956948	2003.7618914111777	1999.1539439469707	nan	nan
59066	39	6313.84479809	2001.90146278	2002.31429983	1.66832759615	2004.6071965678377	1999.0682720703453	nan	nan
60106	42	6316.527951	2001.97937103	2001.77127973	1.26661135764	2004.4599614101523	2000.4483321038992	nan	nan
60238	43	6317.59697413	2002.14608332	2002.87787603	1.83352842151	2004.15067802539	1999.1603333266617	nan	nan
58402	35	6317.83668399	2002.35914037	2002.3134532	2.09625128894	2005.5215187117528	1999.6329930362601	nan	nan
62945	50	6374.26311517	2002.10780856	2001.87616408	1.48597967978	2004.4145732643779	2000.3749879952968	nan	nan
60856	44	6375.98360395	2002.4205516	2002.51440126	1.56942655372	2005.5609799328117	2000.0792929292297	nan	nan
62284	46	6376.5510571	2002.20387599	2002.12731528	1.37602635377	2004.6781970588431	2000.1319250025433	nan	nan
62363	47	6380.05996108	2002.76464493	2003.42806386	2.29373933294	2006.03742265475	1998.7457051804993	nan	nan
63328	54	6387.06673098	2002.49488799	2002.49214769	1.45697232674	2005.3382668637726	2000.603726964898	nan	nan
62775	49	6387.15644217	2002.45831058	2003.00486253	1.81899858265	2004.238836951174	1998.4707617070237	nan	nan
61907	45	6390.46525908	2002.26642666	2002.20826797	1.75613117295	2004.9602797232887	1998.759009257359	nan	nan
63090	51	6391.28574896	2002.70818098	2002.45713369	1.71974796656	2005.3038866176928	2000.1995360245653	nan	nan
63360	55	6399.28844309	2002.91763011	2002.82522608	1.1052203695	2004.7726355332613	2001.3414252855273	nan	nan
62516	48	6399.36473799	2002.57046753	2002.14518197	1.83818821214	2006.7425998436536	2000.4922015310842	nan	nan
63624	57	6406.25004601	2002.28233521	2002.65699767	1.65340193217	2004.3153664831386	1999.0284078627203	nan	nan
63209	53	6406.73185205	2002.16084069	2002.00373778	2.21207648795	2006.0884266837593	1999.3368058868848	nan	nan
63127	52	6417.00315809	2002.12036537	2001.37708374	1.70032703475	2004.9696448000554	1999.4933023312142	nan	nan
63774	58	6425.20242095	2001.99276997	2002.28682889	1.9373884352	2004.2920443009214	1998.870552354118	nan	nan
63607	56	6427.50519013	2002.21398507	2002.86831353	1.79414370698	2004.1052023273385	1999.3441286292473	nan	nan
63815	61	6435.33866596	2001.73895418	2001.5552643	2.05121323108	2005.0201881117027	1998.2653899014208	nan	nan
63793	59	6442.23263717	2002.38240201	2002.11494785	1.2846792692	2003.9006228613966	2000.292383429106	nan	nan
63797	60	6448.43633795	2002.0967195	2002.25530839	2.26926510207	2006.2223805199485	1998.752727309732	nan	nan
63927	63	6456.66632605	2002.68325888	2002.12620237	2.23203453701	2005.7919253626571	1999.1773229087287	nan	nan
63816	62	6461.72812605	2002.29930401	2002.57859228	1.66202031345	2004.4944377091294	1999.425908718523	nan	nan
64000	64	6476.70500612	2002.69803037	2002.39544499	1.70717740743	2005.3832735680298	1999.8969332032345	nan	nan
86972	66	9470.27609515	2006.15320716	2006.38361819	1.50972543364	2007.7688462325273	2003.109208743689	nan	nan
87272	68	9474.99868512	2006.33414904	2006.3505213	1.40205070179	2007.9971864101383	2003.9356507070688	nan	nan
86991	67	9482.72928905	2006.49546717	2006.80200059	1.42593778186	2008.6572275983954	2004.18670853544	nan	nan
86803	65	9490.56262708	2005.80036373	2005.96150022	1.08480515026	2007.4254701228206	2003.4874919374793	nan	nan
87753	69	9491.65828204	2006.71407875	2006.36842277	1.69957723506	2009.8602794198305	2004.1772648785225	nan	nan
87898	70	9496.16947103	2005.87619027	2005.77409409	1.21358305357	2007.686303177393	2004.214788962593	nan	nan
88555	71	9499.48315406	2005.54624936	2005.74490673	1.341237957	2006.89643698523	2002.531465191869	nan	nan
89436	75	9504.11342406	2006.09621023	2006.02075292	1.4162822928	2009.0690444593113	2004.2432228832715	nan	nan
88989	72	9505.66540408	2005.78020796	2005.52499195	1.74525222058	2008.967294747578	2003.4724173939946	nan	nan
89187	73	9513.84816694	2006.70041247	2006.87370097	1.39251805891	2008.6063336440511	2003.4301620423873	nan	nan
89428	74	9515.67284799	2006.04677518	2006.02999771	1.40675848774	2008.2555759814138	2003.4279945842027	nan	nan
93224	76	9570.86145115	2005.8866959	2005.92170248	1.12115319877	2007.6701351525194	2004.2769347268927	nan	nan
93872	80	9577.58090401	2006.19999161	2006.6947168	1.26557736993	2007.421307331585	2003.7867558963776	nan	nan
93368	77	9585.15585899	2005.98418048	2005.69073659	1.40037772651	2008.8609553831764	2004.0290363527572	nan	nan
94156	82	9586.89300609	2005.75842341	2005.91876584	1.43741668897	2007.6271541688723	2003.673565048209	nan	nan
93565	79	9592.99149013	2006.16114432	2006.06497704	1.48160297798	2008.5793633695025	2004.158973337132	nan	nan
93958	81	9599.38889813	2005.80949171	2005.87213773	1.1191135984	2007.3332202582267	2003.2880997986035	nan	nan
94575	84	9608.13448215	2006.73365785	2006.90792001	1.13896027029	2008.1682418937671	2004.7340213699456	nan	nan
94742	85	9610.27308917	2005.69527295	2005.3675136	0.964019207251	2007.5423658176212	2004.6737617450526	nan	nan
93559	78	9612.29641914	2006.0712952	2006.3295137	1.10128703546	2007.029891137392	2003.4254496800338	nan	nan
94180	83	9613.62465096	2005.2709359	2005.59909573	0.974437126503	2006.226945869348	2003.1447136996208	nan	nan
95316	89	9615.04614615	2005.8876908	2006.27006943	1.32435047021	2007.2488607093794	2003.7046971951193	nan	nan
94817	86	9619.61485815	2005.54977819	2005.96623552	1.60877967063	2007.4498763851836	2002.790559968872	nan	nan
94851	87	9629.50337005	2006.20388852	2006.37454322	1.17165053876	2007.892527055766	2004.2075766796895	nan	nan
95136	88	9636.756984	2006.38992106	2005.82971376	1.63542075419	2009.1544639241845	2004.722570023777	nan	nan
95454	90	9650.27048612	2006.45441575	2006.18605144	1.16020356716	2008.7048020969298	2005.1799121126264	nan	nan
95636	91	9656.11417818	2006.00862676	2006.19229971	1.79762015101	2008.3533737361658	2002.8766733551108	nan	nan
95700	92	9663.03558612	2005.79847683	2006.16052439	1.63967828163	2008.664595290743	2003.2622441595822	nan	nan
95841	93	9668.29447699	2005.76706422	2005.34223068	1.73888217005	2008.3117677590278	2003.3243519413106	nan	nan
95949	95	9679.08361912	2006.10760124	2006.25077842	1.18525564989	2008.0054183044524	2004.2312958793304	nan	nan
95882	94	9685.25430608	2006.31431204	2006.33060947	1.14640087102	2008.0187689845982	2004.553572573996	nan	nan
96000	96	9713.67846417	2006.14559051	2006.03303327	1.16452975503	2008.2382728292735	2004.6189228434719	nan	nan
116736	99	12627.4641221	2008.60221295	2008.55982705	0.715908088849	2009.813205772993	2007.2087761351138	nan	nan
116017	97	12630.505187	2007.95481418	2007.93874794	1.19723078966	2009.5520777001025	2006.2470460818633	nan	nan
117661	100	12632.690418	2008.6875461	2008.61314088	0.877944008363	2010.1163067836223	2007.3148226217538	nan	nan
116216	98	12635.2460611	2008.30291112	2008.69792627	1.28052205176	2010.0107671787375	2005.4962836610773	nan	nan
118665	104	12652.4148071	2008.66516978	2008.52811719	0.898587477839	2010.0968781690906	2007.239264916508	nan	nan
118015	102	12664.2119851	2008.16589358	2008.27611832	1.02674663569	2009.4035378172462	2006.5575621442567	nan	nan
118433	103	12664.3092701	2008.28719208	2008.4117902	1.12982249807	2010.4061686718549	2006.8847744130803	nan	nan
117858	101	12666.6528971	2008.26313681	2008.12125568	1.25941012127	2010.3110961804925	2006.772992840492	nan	nan
119711	106	12672.5716631	2007.94485004	2007.6232275	1.20757931668	2010.054896043313	2006.271662653787	nan	nan
118960	105	12674.8536291	2008.59140748	2008.64559536	1.01946160078	2010.180718764809	2006.6243737757557	nan	nan
119737	107	12684.3212731	2009.00830364	2008.91159266	1.03832482345	2010.702023790817	2007.6964141952724	nan	nan
126298	116	12773.94681	2008.99464109	2009.04022811	1.65133588559	2011.770882385763	2006.610247413415	nan	nan
124964	111	12775.619312	2008.6405075	2008.89208896	1.02066529061	2009.9237105013958	2006.6868044445423	nan	nan
124200	108	12807.123688	2008.36675498	2007.87619427	1.99877559695	2011.9999682434163	2005.7008534985225	nan	nan
126163	114	12818.287456	2008.41644355	2008.3241494	1.42262865882	2011.3000813041733	2006.2763547617255	nan	nan
126494	118	12824.0028951	2008.23597791	2007.89098707	1.05140894044	2010.565997632646	2007.2655963207403	nan	nan
124282	109	12825.6475952	2008.20029768	2008.05092813	0.999691198743	2009.9275059141798	2006.9281400771126	nan	nan
124890	110	12828.548146	2008.39072077	2008.62975163	1.48408188591	2010.1982173969282	2006.0482836629053	nan	nan
127106	121	12829.2394691	2008.54259346	2008.08552879	1.265885353	2011.7882093462686	2007.5084154001452	nan	nan
125425	112	12830.284301	2008.10454772	2007.97173183	0.998571191315	2009.6909305740066	2006.9508883439746	nan	nan
125888	113	12831.0236261	2007.88451242	2008.2279593	1.48806371167	2009.9242094838014	2005.6531107397427	nan	nan
126483	117	12843.5931771	2007.88207072	2008.22315486	1.16174827037	2009.2859681609339	2005.5769674071087	nan	nan
126247	115	12856.821368	2008.15681016	2008.34116076	1.21946240737	2009.8257473351507	2006.0446503761607	nan	nan
126540	119	12858.266679	2008.73680873	2008.66487248	1.39316527988	2010.5831433029625	2006.401443386144	nan	nan
126910	120	12871.4565241	2008.10405609	2008.42317859	1.30526968999	2009.4901989598636	2005.637864252213	nan	nan
127373	122	12896.446876	2008.07457956	2008.48236176	1.2162257441	2009.600961782722	2006.2801686200066	nan	nan
127506	123	12897.942457	2008.66652615	2008.50852096	0.70276593875	2009.6951656569931	2007.6388525223872	nan	nan
127720	125	12911.1017652	2008.32981809	2008.19540457	0.970620649233	2010.0306241317928	2006.8199917166355	nan	nan
127674	124	12924.9321392	2008.42294444	2008.7792615	1.65358671246	2010.716703290565	2005.999807040726	nan	nan
127850	126	12934.2487822	2008.59472852	2008.68050195	1.33273941496	2010.520967573142	2006.8487171542856	nan	nan
127896	127	12937.359621	2008.57219742	2008.81281945	1.0037061024	2010.195359323412	2006.833939548941	nan	nan
128000	128	12962.3614001	2008.30304754	2008.36311612	1.3379005703	2010.0807833365843	2005.1066293758392	nan	nan
143066	131	15818.1579981	2010.19116747	2010.37974405	1.17615637552	2011.8472194205658	2008.334573807936	nan	nan
142519	129	15825.56286	2010.68667826	2010.70907285	1.1173731792	2012.162433845292	2008.754290678665	nan	nan
142890	130	15840.586287	2010.58696188	2010.5150337	0.980111973993	2012.1483120334897	2009.1577303799804	nan	nan
143671	132	15850.8175821	2010.51407745	2010.68129519	0.997913309769	2012.2723706807622	2008.7965987767686	nan	nan
145030	133	15864.6791871	2010.69026987	2010.48178253	0.971263387998	2011.9533078338136	2008.874343482479	nan	nan
146081	135	15869.1148171	2010.11233941	2010.23116697	0.950223771578	2011.4123697583796	2008.192236315742	nan	nan
145874	134	15874.603338	2010.04509133	2010.06857042	1.54035640542	2013.0421237546059	2007.5318495168508	nan	nan
146389	136	15877.008615	2009.96677131	2010.13530003	1.23644223471	2011.5776072366948	2007.9296159304538	nan	nan
146882	138	15877.8021131	2009.83274847	2009.78605542	1.02421936775	2011.7048577573782	2008.36692738492	nan	nan
146766	137	15887.398335	2010.63839215	2010.65937667	0.989777027964	2012.3632674216565	2009.4121387967173	nan	nan
147607	139	15900.0348201	2010.67506601	2010.97760151	0.952595862393	2011.8212240770824	2009.11824124452	nan	nan
154031	140	15983.713001	2010.0023584	2010.28498063	1.49626234894	2012.0545115810337	2007.842590982122	nan	nan
156034	142	15986.4456291	2010.58682386	2010.31818613	1.35058918774	2012.8991259711793	2008.9604206201222	nan	nan
157219	144	16017.7320681	2010.07842275	2009.67838237	1.12106244192	2011.9677300057783	2008.2987778592237	nan	nan
157361	146	16023.1195831	2010.80326808	2010.99467337	1.44939146338	2012.6704354194871	2008.476892594614	nan	nan
157352	145	16025.9055882	2010.35318631	2010.43769209	1.15704324378	2012.1725574203294	2008.5476749985964	nan	nan
154407	141	16026.381705	2010.50771106	2010.41411939	1.09698247393	2011.9253294414802	2008.4300669087397	nan	nan
156832	143	16027.2649879	2010.37974863	2010.1481971	1.23925675845	2012.5613600956235	2008.9029745131481	nan	nan
157904	150	16027.9916751	2010.47234881	2010.60443271	0.800984545343	2011.3871774941153	2008.9644075935523	nan	nan
158373	151	16053.321667	2010.3640529	2010.35530897	1.00248623578	2012.4742235711824	2009.1500280016905	nan	nan
157563	149	16063.7220261	2010.5112522	2010.05562675	1.12146727855	2012.1998607408266	2009.0171523656445	nan	nan
158435	152	16066.0940871	2010.09157098	2009.71308733	1.43092544639	2013.474397466322	2008.550727717497	nan	nan
157538	148	16066.742636	2009.51689633	2009.53588094	0.95655914339	2011.0688103537539	2007.774964303645	nan	nan
158711	153	16068.9684741	2010.30801591	2010.40048096	0.790749598181	2011.5144678814504	2008.721120857051	nan	nan
157483	147	16081.9847112	2009.92785524	2009.82996568	1.4594722194	2013.1512899514673	2007.8233281553194	nan	nan
159253	154	16090.243027	2010.26564044	2009.85224048	1.42329331532	2012.6402298390874	2008.0864341310944	nan	nan
159388	155	16091.218816	2009.77307842	2010.20843636	1.12996213687	2011.0184212815202	2007.7166763524283	nan	nan
159579	156	16120.2376881	2010.83079763	2010.59153197	1.18910492772	2013.7267085496765	2009.4028040703574	nan	nan
159783	157	16140.7912931	2010.0214564	2010.15298314	0.730776845474	2011.089530788312	2008.7009922787886	nan	nan
159876	158	16146.9539931	2010.63117901	2010.77266333	1.28752073357	2012.0321027745115	2008.2034203503588	nan	nan
159910	159	16151.0839281	2010.72276681	2010.55472411	1.61592552326	2013.2788523055485	2008.6030341421672	nan	nan
160000	160	16190.508209	2010.12680478	2009.92779151	1.05442659296	2011.813998943205	2008.4880473996448	nan	nan
172888	161	18980.5016551	2011.69302391	2011.67238495	0.891987135579	2013.1457970730266	2010.37942565246	nan	nan
173652	162	19013.198209	2012.51160935	2012.7496148	1.78591062889	2015.2572878409644	2009.4529696009622	nan	nan
174823	163	19021.868062	2011.8603253	2012.06365109	0.909242212082	2012.9889208634156	2010.1299412798032	nan	nan
177364	166	19040.0244851	2011.51927468	2011.44788634	0.866203727452	2012.716445173827	2010.3606343636436	nan	nan
176848	165	19041.5353742	2011.9524271	2012.26408291	0.980508507	2012.9417895701267	2010.0382106730774	nan	nan
175913	164	19043.5601652	2011.66342687	2011.55101517	0.954438582707	2013.166775981454	2010.1966783551336	nan	nan
177609	167	19050.137769	2012.38150102	2012.3913545	0.724700296542	2013.723439221672	2011.5014367573224	nan	nan
177952	168	19060.020165	2011.75003198	2011.93718057	1.23623722327	2013.498372685582	2010.2862647217926	nan	nan
177965	169	19068.042151	2011.90297163	2012.38930193	1.08771036562	2013.3333617670066	2010.0252610531911	nan	nan
178598	170	19083.037709	2011.23057247	2011.10047848	1.14225845373	2013.652217032067	2009.3742569003998	nan	nan
179409	171	19083.8831351	2012.01385781	2012.32611112	1.07152281561	2013.1968905351312	2009.2789520362012	nan	nan
185638	172	19173.463788	2011.5937366	2011.6286102	1.24989235065	2013.690181303219	2009.9068290169334	nan	nan
186155	173	19207.6499341	2011.53177449	2011.83819561	1.09789204777	2012.703180915549	2009.110021405008	nan	nan
188235	174	19212.0980921	2012.84467661	2013.04254296	0.6930910909	2013.6553206903172	2011.15859555297	nan	nan
188497	175	19213.6110132	2011.58688497	2011.28987975	1.19527342229	2013.1064473298022	2010.1642551551324	nan	nan
188592	177	19233.6757782	2011.97991387	2011.92222001	0.836245740247	2013.89334414746	2010.5804015989177	nan	nan
188696	179	19236.126405	2011.09673398	2010.94491005	1.15042601637	2012.9508635756101	2009.573476674941	nan	nan
188657	178	19239.633199	2011.71584231	2011.63812794	0.998074623209	2013.3882691656943	2010.3155031744395	nan	nan
188581	176	19241.0656362	2011.65772977	2011.47838242	1.23427288727	2013.6709587260546	2009.456253918567	nan	nan
190392	184	19275.0568891	2012.00412395	2011.73250611	1.28409524102	2015.352833359496	2010.9128590409885	nan	nan
189872	180	19276.2614222	2011.67482326	2011.88358627	0.890432542169	2012.7840441289393	2010.077347602951	nan	nan
190389	183	19283.7921391	2011.75372405	2011.88444253	1.23918901447	2013.3912420368447	2009.8705773895729	nan	nan
190339	182	19297.354671	2011.57106916	2011.96331082	1.34250061625	2013.3563623345688	2009.519135640616	nan	nan
190254	181	19297.9106691	2012.0483402	2012.28354572	1.08889882615	2013.563343808011	2010.2633717037972	nan	nan
191005	187	19303.0996861	2012.21884901	2011.95413786	0.534119831597	2013.1649742353477	2011.5759945005789	nan	nan
190763	185	19319.7017372	2011.51876058	2011.34203346	0.739991853491	2013.166364550893	2010.7952873348252	nan	nan
190994	186	19325.099545	2012.09959846	2011.92083257	1.43596423867	2014.9996088841597	2009.7775218159545	nan	nan
191567	188	19361.9740632	2012.17194045	2012.45059207	1.06443169099	2014.007168678793	2010.4859938936977	nan	nan
191871	191	19380.5658741	2011.70236514	2011.71992579	1.07054509979	2013.5848986407066	2009.9624133460416	nan	nan
191837	190	19383.3605092	2011.76054454	2011.76372156	1.18392056802	2013.9781326859302	2010.226863784838	nan	nan
191783	189	19383.5685191	2011.46579985	2011.15305534	0.809764917207	2013.2545769101278	2010.4790742325583	nan	nan
192000	192	19429.7137611	2011.68674779	2011.85605304	1.20935367277	2014.1038038963254	2009.7629000711784	nan	nan
202158	193	22151.087923	2012.85797949	2012.88622189	0.836330256648	2014.2749201075826	2011.1032818601923	nan	nan
204568	194	22193.1108251	2012.35695485	2012.25561978	1.40947826235	2014.6906743891361	2009.8017259408768	nan	nan
205224	195	22202.6128571	2013.08290591	2013.18409562	1.11846770081	2014.5617072977566	2010.84550930653	nan	nan
206734	197	22215.047755	2013.34853648	2013.33598377	0.804429067966	2014.8318721806147	2012.25299804219	nan	nan
206640	196	22224.165801	2013.72311598	2013.29173783	1.07135024455	2015.7394986405861	2012.617937955044	nan	nan
207145	198	22228.1863952	2013.49555361	2013.0568656	0.883491621925	2015.2826093605975	2012.6883015760363	nan	nan
207406	199	22231.843889	2013.44095583	2013.37394234	0.472472294642	2014.3689638772885	2012.7326642836326	nan	nan
208201	200	22245.693058	2013.0803154	2013.14137765	0.68618345305	2013.9287308024761	2011.9966803893385	nan	nan
208640	201	22266.189672	2013.22827798	2013.03650563	1.16286581336	2015.1273830054056	2011.5215107455817	nan	nan
209605	202	22267.8652771	2013.09175368	2013.01133081	1.74556611985	2015.995988638744	2010.5559694742983	nan	nan
209800	203	22284.69677	2012.78129848	2013.03575284	1.1319009659	2014.147023985361	2010.5721000736746	nan	nan
216020	204	22361.3281121	2013.51255561	2013.79297203	1.23616425465	2015.486615891778	2011.0133768187106	nan	nan
218580	207	22405.9987011	2013.41140729	2013.54420411	1.20951499985	2014.7719602284358	2011.349789328	nan	nan
217790	205	22420.5827889	2013.11284114	2013.24986043	0.867029396453	2014.3461783207545	2011.8067299517525	nan	nan
218373	206	22430.8136821	2012.64515057	2012.78951095	1.43208435256	2014.253020410783	2010.0948072420244	nan	nan
219931	211	22446.1284699	2013.41294361	2012.98638779	1.35990049419	2016.7307303076843	2011.8202909125937	nan	nan
219731	208	22452.181447	2012.94155748	2012.944771	1.07089041061	2014.5969169808473	2010.9243726523523	nan	nan
219754	209	22453.6488612	2013.3165421	2013.22558812	1.75727747054	2015.630600825854	2010.1552772863522	nan	nan
219761	210	22464.9672451	2013.37419718	2013.4345779	1.44561333871	2015.8949860840976	2011.4252653345052	nan	nan
221666	213	22501.6367841	2012.53653275	2012.7200645	0.81722586346	2013.9743642632563	2010.9208681336431	nan	nan
221434	212	22501.6923652	2013.58510827	2013.39553878	1.07281742933	2015.1895143353522	2012.3693440820311	nan	nan
221850	214	22514.3951221	2013.32962085	2013.10480952	0.8057597808	2014.5564325379444	2011.7139720479904	nan	nan
222377	217	22524.2966192	2013.00612385	2012.99931493	1.25887247098	2014.9090166496112	2010.6998233003367	nan	nan
222369	216	22531.442462	2013.19287707	2013.04922798	1.12143755897	2015.2642465681056	2011.541674045463	nan	nan
222278	215	22532.832552	2013.07238794	2012.82465415	0.929639147962	2014.3678058788314	2011.9304381488698	nan	nan
222922	219	22547.3001361	2013.37762668	2013.43144433	0.842336462654	2014.4040284403065	2011.9245152680728	nan	nan
222910	218	22551.6772051	2013.20250523	2013.18500858	0.992414086855	2014.4378486603016	2011.6925444462806	nan	nan
223573	220	22608.944607	2013.14673918	2013.41235096	1.2846480338	2015.238807956623	2010.7231101048535	nan	nan
223789	221	22614.131443	2012.67355811	2012.49258927	1.18947374179	2014.3044212516195	2011.2703161571578	nan	nan
223829	223	22622.3144171	2012.97803023	2013.12072015	1.34620558431	2014.539978010548	2010.325238501769	nan	nan
223827	222	22624.2710571	2013.18119981	2013.05066547	0.86869302858	2014.5735851989884	2011.4080721344167	nan	nan
224000	224	22682.6490371	2013.20025013	2013.36009358	0.773560276701	2014.078864778302	2011.9816940762732	nan	nan
232515	225	25335.607949	2014.07117922	2013.93009611	0.960807555634	2015.412377018525	2012.9905161155393	nan	nan
235594	227	25392.339313	2013.7465799	2013.661416	0.927993423337	2015.1420306008927	2012.4311387287667	nan	nan
235081	226	25395.039989	2014.22001841	2013.90308014	0.79891665547	2015.5849412727105	2013.4974979745734	nan	nan
237314	231	25420.4321401	2014.2892185	2014.08521339	0.811359457142	2015.5546007477697	2013.102990597457	nan	nan
237274	230	25430.2836361	2014.23125744	2014.41795306	1.23543550854	2015.7393484040385	2012.3353191155302	nan	nan
237047	229	25434.8476551	2014.24628828	2014.31929391	0.598828740447	2015.4316820219492	2013.2135699627484	nan	nan
236545	228	25434.9010561	2014.11087639	2014.20720127	0.89453780179	2015.1639706281608	2012.2605176572056	nan	nan
238046	232	25454.0416842	2014.03397057	2014.23870498	0.667584657895	2015.0868128017182	2012.7705026116748	nan	nan
239469	233	25476.1005611	2014.33449643	2014.16262766	1.05928189874	2016.0122254980001	2012.578687013753	nan	nan
239566	234	25479.5241191	2014.33087093	2014.42847573	1.09173788592	2015.7058136715914	2012.7357254874944	nan	nan
240514	235	25488.735003	2014.70765987	2014.80853838	1.01566075515	2016.7641558561816	2012.7782174331164	nan	nan
245406	236	25567.585932	2014.34151719	2014.34898233	1.38662422096	2016.6440626630815	2012.5754436424493	nan	nan
248182	237	25621.0026741	2014.19046051	2014.22486064	0.860922111347	2015.2306686121817	2012.5126400972842	nan	nan
249700	239	25627.5528719	2014.24948079	2014.4838213	0.656436236872	2014.8620310002855	2013.0143447256332	nan	nan
249104	238	25627.6232162	2013.99253797	2013.91938621	1.23197433898	2015.8621003135916	2012.4612214270737	nan	nan
250691	240	25635.7719851	2013.93314786	2014.00457444	0.699730208065	2015.1459000821953	2012.9072042926011	nan	nan
250975	241	25647.5330431	2014.33532711	2014.34593935	1.24847749563	2016.2749423424057	2011.860550422679	nan	nan
251537	243	25675.5309582	2014.4898634	2014.49387545	0.839300905144	2015.5253474155159	2012.7239992138104	nan	nan
251053	242	25697.468781	2014.34472103	2014.39681334	0.901621528751	2015.5666315303397	2013.0645001372452	nan	nan
253123	244	25715.1434801	2014.43270667	2014.67486107	1.60913765962	2016.5816693622173	2011.6083626929733	nan	nan
253201	245	25716.7636762	2013.68444049	2013.71734981	1.08988046312	2015.2150136021385	2011.4182828477033	nan	nan
253674	246	25742.913733	2014.23041542	2014.06381523	1.17594383673	2016.0851533447246	2011.9517774427416	nan	nan
254228	249	25745.331449	2014.1469165	2013.8399465	1.20678843713	2016.5091590747866	2012.5601706326386	nan	nan
254222	248	25749.087291	2014.52791613	2014.38648439	0.609343705068	2015.3805723450857	2013.5451608757064	nan	nan
253943	247	25759.5663211	2014.6964842	2014.41971823	1.08773673184	2016.2953605784157	2013.5601578777982	nan	nan
254639	251	25777.670346	2013.82589307	2013.93428701	1.14721200015	2015.7387696037242	2011.8464339456348	nan	nan
254557	250	25789.460736	2014.38258743	2014.08268807	1.03167574229	2016.6710474334432	2013.4450337866615	nan	nan
255694	253	25836.695997	2014.58814746	2014.54916194	0.771939088466	2016.338686955346	2013.6380891263498	nan	nan
255635	252	25838.9893281	2014.68152488	2014.41801578	1.31710612639	2017.1209762358699	2012.6823960351296	nan	nan
255807	255	25842.0781472	2014.17000034	2013.99944176	0.919528301311	2015.9753837477053	2012.7746060071458	nan	nan
255779	254	25851.026001	2013.99482623	2014.03614855	1.30309062376	2015.7257894096226	2011.3327177713627	nan	nan
256000	256	25914.2177651	2014.388737	2014.50548947	1.27862089006	2016.6059001179115	2012.3615482635005	nan	nan
263689	257	28486.5469	2014.83669134	2014.97424679	0.954985701765	2016.2439682900708	2013.3712305565007	nan	nan
266829	259	28566.865586	2014.91051111	2014.7335252	0.59528785415	2015.9919768834538	2014.1697911550216	nan	nan
266633	258	28567.4560151	2015.13449051	2015.12315585	1.29159637371	2017.071244195063	2013.4230054679467	nan	nan
268221	260	28601.4277802	2015.19035761	2015.16078931	1.11546873736	2016.5756340649148	2013.2983679648103	nan	nan
269161	263	28617.189713	2015.29376016	2015.59711919	1.33876066193	2017.2519678069357	2013.1175460446573	nan	nan
268975	262	28619.5652721	2014.7657049	2014.8903022	1.45994479198	2017.256443224941	2012.3052662041835	nan	nan
268751	261	28619.8563151	2015.08865224	2014.83469133	0.930384220465	2016.4652495067774	2014.0638144058328	nan	nan
269900	264	28639.447346	2015.52275373	2015.81427454	1.57154483957	2018.2915433792446	2012.737767124979	nan	nan
271551	267	28666.655	2014.98860962	2014.89514189	1.28556633326	2016.8250415237433	2012.779024007333	nan	nan
271014	265	28673.2057841	2014.9449269	2015.05246981	0.864700187009	2016.004952440197	2013.0400239469866	nan	nan
271194	266	28685.060693	2015.13617366	2014.87679965	1.20012959128	2017.077622271422	2013.7146864584004	nan	nan
276294	268	28758.8248751	2014.94189824	2014.84614976	0.830725887127	2016.3346927371906	2013.1895256462176	nan	nan
279816	269	28804.422313	2015.26825765	2015.39352343	1.01119694019	2016.662183336049	2013.794482368844	nan	nan
280392	270	28845.971297	2015.43591322	2015.3990466	1.01613763722	2016.6927347963958	2013.3882939047623	nan	nan
280848	272	28848.056473	2015.41719218	2015.43903255	0.776165115786	2016.5225582151802	2014.3144661504118	nan	nan
281500	273	28859.52356	2014.95401808	2014.79994515	1.16954447832	2017.3058415884657	2013.4052410370878	nan	nan
280494	271	28865.6929271	2015.11303839	2014.98290196	1.26010655248	2017.2327743655615	2013.3021089489234	nan	nan
282929	274	28910.3133039	2014.82645502	2015.12965566	0.86698304806	2015.8363550494716	2013.2950589367401	nan	nan
283970	275	28914.835603	2015.35658885	2014.64611746	1.41617454435	2017.4485516958982	2013.968118678416	nan	nan
284599	276	28931.737978	2015.61823006	2015.49834114	1.07718483268	2017.7350156039479	2014.1239909942174	nan	nan
284712	277	28943.7440441	2015.63279474	2016.13261681	1.51653107422	2017.424493811176	2013.231999863302	nan	nan
285714	278	28963.51737	2014.92952346	2014.97871342	1.02892170161	2016.7626381843634	2013.27303392648	nan	nan
285808	279	28979.4970641	2015.10616432	2014.99563802	1.20773087064	2017.0402753859391	2013.4628438535608	nan	nan
285968	280	28979.972255	2015.3444753	2015.64791289	1.32988666141	2016.7753199084455	2012.8232755477304	nan	nan
286296	281	28986.4584851	2015.35461155	2014.99079788	1.01741149534	2017.5956728780986	2014.4724542251558	nan	nan
286636	282	29020.7938511	2015.53180246	2015.9365127	0.966074422492	2016.749420963332	2014.0168371211541	nan	nan
286900	283	29028.938622	2015.4538747	2015.33734361	1.00742468039	2016.776905096914	2013.9601495719548	nan	nan
287632	284	29072.1296101	2015.44448344	2015.18049552	1.06276711542	2017.3264011387937	2014.095290581023	nan	nan
287703	285	29074.030268	2015.31360469	2015.2879253	1.265812288	2017.985063771061	2013.6891985685809	nan	nan
287789	287	29099.4489582	2015.73887837	2015.97594701	0.806363311861	2016.8680904962196	2014.3705519199598	nan	nan
287719	286	29103.5556412	2014.85398579	2014.9978604	1.01468914758	2016.2796504909336	2012.7426157425518	nan	nan
288000	288	29166.4789221	2015.11372918	2015.33491476	1.14929807753	2016.7662644500626	2012.6437555290659	nan	nan
294227	289	31663.5998831	2015.89067662	2015.64640226	1.05237404923	2017.2591367734178	2014.0453059474723	nan	nan
297549	290	31760.329788	2016.04602347	2016.00426645	0.630603426625	2017.1186807480194	2015.0864109884117	nan	nan
297631	291	31774.447298	2016.47283087	2016.42109622	1.26993350397	2018.4185756018933	2014.6374480035586	nan	nan
299211	292	31796.333575	2016.27374524	2016.33059298	1.25794843376	2018.0831702526048	2014.5948623034083	nan	nan
300119	295	31816.443346	2015.70151082	2015.85901818	1.16813302892	2017.1662596719002	2012.9492303069617	nan	nan
300115	294	31821.6272662	2015.75037451	2015.75671224	1.25552148666	2017.8219722090996	2013.0302337279975	nan	nan
299962	293	31821.8892641	2016.267114	2016.35383855	0.870696451624	2017.7435136166387	2014.776578753624	nan	nan
300971	296	31846.852562	2016.7894522	2016.71434334	0.697187339821	2017.729106602155	2015.6751912682134	nan	nan
302050	297	31866.1472301	2015.82419692	2015.87806539	0.83684998498	2016.9749381496147	2014.5723412874943	nan	nan
302391	298	31880.706357	2015.7407043	2015.92194309	0.870184772036	2017.3660400403212	2014.8130496263668	nan	nan
302766	299	31895.86763	2015.81604174	2015.77698094	0.590592234014	2016.8435124495243	2014.676018456621	nan	nan
306668	300	31964.703809	2016.09535704	2015.91830825	1.10622110162	2017.8179057126497	2014.4650316463262	nan	nan
308974	301	32008.279299	2016.20312026	2016.41223176	0.937744513594	2017.3085323088592	2014.5023296597412	nan	nan
311620	303	32038.0342851	2015.8715177	2015.75924142	1.23741626018	2017.8329139814655	2013.8097948928003	nan	nan
311583	302	32048.607327	2015.3718068	2015.35336219	1.10479976995	2017.8064641965527	2013.7994843937227	nan	nan
312292	304	32054.1294081	2015.69846094	2015.78031496	0.734306962766	2016.7996319378208	2014.3004892354593	nan	nan
312676	305	32064.5580192	2016.2528759	2016.154881	1.06948255186	2017.8400172159597	2014.486108191977	nan	nan
314844	306	32116.2486641	2015.98211758	2015.82373951	1.17211302411	2018.014728969909	2014.237584597639	nan	nan
315894	308	32136.2448699	2015.98497859	2015.79291874	0.865024438325	2017.315310982895	2014.9616781418558	nan	nan
315065	307	32137.883369	2016.23596017	2016.04018323	0.632351905794	2017.3364951065732	2015.3530870351192	nan	nan
316402	309	32158.0069761	2015.87075099	2016.02814268	0.743634050809	2016.79602060198	2014.400437599232	nan	nan
316985	310	32169.155978	2016.25398634	2016.32478696	0.931109170377	2017.8772332429653	2015.1267731781236	nan	nan
317571	312	32195.6964772	2016.23488181	2015.88126984	1.26806551454	2018.0464802390406	2014.6244315665704	nan	nan
317551	311	32198.8334842	2015.37259935	2015.42278509	0.596113399105	2016.0472791747466	2013.9753293608787	nan	nan
317866	313	32230.6599121	2015.69901387	2015.57735871	1.17589434507	2017.5157606209896	2014.1824990731793	nan	nan
318609	314	32243.2497401	2016.17875766	2015.99046494	1.26549004868	2018.579394025847	2014.6188008592612	nan	nan
318793	315	32279.490777	2016.16502481	2015.9713557	0.87260156211	2017.2671513236032	2014.5990319073055	nan	nan
319514	317	32285.9648821	2016.22118861	2016.17680767	0.769004502884	2017.572919002573	2014.8201501881863	nan	nan
319473	316	32299.8076479	2015.45440194	2015.36253456	0.835285211296	2017.5197356417852	2014.478324662265	nan	nan
319744	318	32321.143733	2016.41249823	2016.42059615	0.774051248744	2017.8815752345274	2014.9624097351107	nan	nan
319787	319	32351.792628	2015.50516951	2015.86920495	0.700875500679	2016.267027767091	2014.1920736707038	nan	nan
320000	320	32402.6924801	2016.41627139	2016.45064866	1.03755694723	2018.0567818819266	2014.4192401227735	nan	nan
325455	321	34822.129847	2016.88222006	2017.08966887	0.860139415503	2017.9002039599868	2014.8502987252814	nan	nan
329219	322	34942.59391	2017.18087057	2017.05605705	1.16601218545	2018.8300698272465	2015.0411094383542	nan	nan
329990	323	34955.4480422	2016.64092338	2016.39092415	0.906191036089	2018.8241691968556	2015.738823856526	nan	nan
330817	324	34976.540911	2016.58425065	2016.68204267	1.56234180168	2019.4280298551453	2013.895913460912	nan	nan
332070	326	34996.5436602	2016.7696376	2016.74028474	0.894747513016	2018.2601738580704	2015.4123924544538	nan	nan
331892	325	34999.35375	2017.3541201	2017.13171278	1.1336438089	2019.9416718372895	2016.200469226677	nan	nan
332076	327	35006.6729281	2017.29946416	2017.31074381	0.793978039534	2018.1897203769033	2016.3981154660187	nan	nan
333079	328	35027.9230251	2017.24436819	2017.3108166	1.09140759041	2018.8390848155084	2015.034383065803	nan	nan
333840	329	35047.887671	2016.58439965	2016.43151212	0.513084131669	2017.6617149324545	2015.8689014084257	nan	nan
334400	330	35066.883074	2017.46137738	2017.85138154	1.29585091409	2019.2236112688508	2015.159201310348	nan	nan
334952	331	35087.7778971	2017.20400631	2017.07287584	1.30900067401	2019.12934281277	2015.1284445777144	nan	nan
338531	332	35157.7575572	2016.84592814	2016.72937594	1.42765059023	2019.6830718651222	2014.5363859408408	nan	nan
340079	333	35193.328814	2016.82260076	2017.10371537	0.96675655623	2018.3649525255375	2015.4810632295214	nan	nan
342161	334	35251.053302	2017.61539646	2017.37338899	0.749337702519	2018.7657869419113	2016.6863901593335	nan	nan
342796	335	35261.800642	2016.67786875	2016.68269979	0.892022505089	2017.886852792733	2014.5875309570092	nan	nan
343180	336	35272.768939	2016.96555049	2017.16247264	1.51314758254	2019.0137453854306	2013.9783035291769	nan	nan
343684	337	35283.6336792	2016.89491944	2016.89197459	0.899845046659	2018.6309344368121	2015.919861603691	nan	nan
346180	338	35342.9668941	2017.26368467	2016.97947868	1.33097809012	2019.8443421661484	2015.4517159814413	nan	nan
346996	340	35379.719171	2016.76151764	2016.50897897	0.895993671196	2018.1477213187777	2015.2428646307483	nan	nan
346724	339	35391.967983	2017.20545294	2017.07984285	1.02802627143	2019.5657559368763	2016.2269935296993	nan	nan
348166	342	35395.612931	2017.09415497	2017.02791726	0.867582213986	2018.5166598623914	2015.9097653769772	nan	nan
347923	341	35397.407057	2016.73593667	2016.53901564	0.921241127247	2018.5518606199223	2015.3755359817226	nan	nan
349197	343	35424.0435472	2016.71539124	2016.66791426	0.781911044751	2018.031051500872	2015.5512683636273	nan	nan
349324	344	35427.797749	2017.12880329	2017.13563222	0.700690377496	2018.0187731588883	2016.0728215315082	nan	nan
349871	345	35437.0470431	2016.27965989	2015.78578758	1.10871519623	2018.818164075779	2015.2704802725839	nan	nan
350473	346	35479.084296	2016.81597695	2016.42612369	1.17342757222	2019.438355009661	2015.5129657581479	nan	nan
351001	347	35498.2475061	2017.38555206	2017.12079524	0.932048197262	2019.1035077186978	2016.155839814336	nan	nan
351214	348	35507.6954491	2016.97019672	2016.80882203	1.30464129055	2019.0153887924428	2015.0056469818503	nan	nan
351403	349	35533.947226	2016.85377269	2016.82380419	0.6569338642	2018.265018511497	2016.0806479258058	nan	nan
351639	350	35562.564239	2016.81689059	2016.82066145	1.10370782872	2018.4736273942679	2014.3501342178583	nan	nan
351853	351	35609.8920882	2016.8416413	2016.89130351	1.12093503546	2018.2545534566957	2014.80806983285	nan	nan
352000	352	35657.6134281	2016.67886501	2016.73096343	0.702642033165	2017.9507692589752	2015.4396565826505	nan	nan
356478	353	37943.109452	2017.25972278	2017.19926741	0.778732259493	2018.24532689387	2016.266068460033	nan	nan
361035	354	38090.5891721	2017.64420736	2017.29519526	1.57122637687	2019.988422668153	2015.2059188189592	nan	nan
361599	355	38102.1951301	2017.31312375	2017.33559979	0.902594290028	2018.5409042705387	2015.8138133664734	nan	nan
362344	356	38128.3050921	2017.13630861	2017.06444537	1.30988949941	2020.0798308172143	2015.2595845089097	nan	nan
363172	357	38129.5735731	2017.10510202	2016.79289408	1.12124012652	2018.7174623700337	2015.7595118065074	nan	nan
363284	358	38146.060009	2017.73605316	2017.67501484	1.29216527969	2019.34288168416	2015.382580484985	nan	nan
363458	359	38153.1866641	2017.52706799	2017.54869453	0.782660673621	2019.1254771338708	2016.4031124248959	nan	nan
364186	360	38184.2740381	2017.72098228	2017.89862367	0.661107707382	2018.491958455557	2016.2697730252664	nan	nan
364854	361	38207.280144	2017.95517235	2018.08590158	1.2179384368	2020.3186026010978	2016.0982806809272	nan	nan
365448	362	38225.3663011	2016.89951696	2016.82832373	0.65595757949	2017.9576273833054	2016.088298515359	nan	nan
366005	363	38256.9047132	2017.60287211	2017.76152764	0.723178111638	2018.467395002927	2016.2599250328506	nan	nan
368534	364	38310.5173011	2017.3517115	2017.10125686	1.29003515983	2018.9723124207171	2015.4192821646784	nan	nan
370203	365	38354.082998	2018.21370274	2018.36942305	1.47455011249	2020.7350950803097	2015.016425302457	nan	nan
373429	366	38481.174108	2017.13284435	2017.55444076	1.14181740657	2018.3221827088491	2015.114590894451	nan	nan
374572	368	38508.2265091	2017.99363672	2018.08796426	0.639868137634	2018.9260805789008	2016.531110670553	nan	nan
374194	367	38514.3120041	2017.53363629	2017.44402563	1.53886750643	2020.7032064350326	2015.1903760870434	nan	nan
375127	369	38522.462616	2017.64328539	2017.89567034	0.961724547976	2018.850323727875	2016.274434014849	nan	nan
377734	370	38588.2286901	2018.21995967	2018.092683	1.05424292994	2020.1134999215724	2016.68583153502	nan	nan
379423	371	38632.884901	2017.82932234	2017.87774222	1.21423901421	2020.005608825598	2016.091018357958	nan	nan
381262	377	38635.1671271	2017.60290454	2017.7094558	1.01172521089	2019.1594735079047	2015.565954603127	nan	nan
380135	374	38639.8372149	2017.6984592	2017.69314442	0.717284095398	2018.6844837338667	2016.2286510993213	nan	nan
380087	373	38652.647794	2017.25863691	2017.70264011	0.979339495357	2018.11506684138	2015.0579797544428	nan	nan
381159	376	38671.1432281	2017.56885877	2017.87975036	1.39620311414	2018.9628730474751	2014.2657189585502	nan	nan
380032	372	38673.519954	2017.87432733	2017.73811697	1.27346887938	2019.9248850190384	2015.6793284901316	nan	nan
380936	375	38683.8130322	2017.58624708	2017.211826	1.20221384617	2019.2810611756934	2015.9900889042694	nan	nan
382578	379	38703.726763	2017.47016762	2017.43457465	1.44986169039	2020.7593374320916	2015.057774665976	nan	nan
382402	378	38746.2574921	2017.59999702	2017.32703981	1.04035026163	2019.4400430796127	2016.105974926991	nan	nan
382892	380	38777.4347532	2017.89437459	2018.16424731	0.747743186722	2018.6630116412375	2016.5785732617817	nan	nan
383245	381	38788.1436241	2017.96928184	2018.05641027	1.02551985256	2019.4457910942522	2016.220061154378	nan	nan
383531	382	38809.4082952	2017.23540055	2017.15031936	1.34870321374	2019.2738163943134	2015.167624260007	nan	nan
383840	383	38870.7470341	2017.2732522	2016.96635734	1.49036603236	2019.5671291451379	2015.2284080248357	nan	nan
384000	384	38923.9677501	2016.48764429	2016.53958224	1.30245068383	2018.7096954462406	2014.317949057972	nan	nan
387627	385	41132.0377982	2018.27939809	2018.39502767	1.25801743877	2020.3068640855586	2015.7859299367096	nan	nan
392934	386	41307.4835222	2017.9302207	2017.66617858	1.03070862051	2019.240854792365	2016.5859217306722	nan	nan
393312	387	41310.5653729	2017.90111926	2017.83846072	1.10193962522	2019.4198211273344	2016.2462226929933	nan	nan
394271	389	41331.8493872	2017.74781578	2017.83226867	0.806686813419	2019.495231954622	2016.4549148836218	nan	nan
394249	388	41335.3091831	2018.10885412	2017.94281556	1.16991560361	2019.9285500140002	2016.774392950998	nan	nan
394807	390	41350.7671151	2018.11935412	2018.39810528	1.08456587167	2019.9438936682773	2016.4640298685244	nan	nan
394874	391	41353.6675072	2018.22988192	2018.13760817	0.941474836214	2019.6486481867453	2016.9996097311746	nan	nan
395550	392	41385.472254	2018.40998209	2018.04595674	0.914584463872	2020.594172681089	2017.4665159885974	nan	nan
396031	393	41422.5970011	2018.81476174	2018.60619636	0.838025227821	2020.1418130005566	2017.3523113195224	nan	nan
396403	394	41447.03475	2017.88862237	2018.21135292	1.26149638743	2019.9275494355886	2016.095799619529	nan	nan
397104	395	41475.4403861	2018.16259536	2018.2756742	1.10010466815	2020.331336587778	2016.3504467247428	nan	nan
398211	396	41510.744036	2018.2002558	2018.26859422	0.781743760858	2019.2029705255277	2017.0115647001762	nan	nan
399241	397	41560.645045	2017.67765098	2017.526246	1.34982236971	2019.244008409238	2015.0627309497797	nan	nan
404464	398	41646.2353611	2018.12912396	2018.00643574	0.782552603324	2019.6385361577738	2017.0900316398368	nan	nan
405856	399	41702.648644	2017.35272335	2017.37345379	1.34366636731	2019.8433861325698	2015.158806797357	nan	nan
406129	400	41714.1770132	2018.53353838	2018.37657427	1.14186726559	2020.2570570506418	2016.9974947766298	nan	nan
406611	401	41748.3079791	2017.88260532	2018.26620978	1.31847293175	2019.2611013683522	2015.4663371239662	nan	nan
409448	402	41785.404762	2018.10319282	2018.32740044	1.00903224661	2019.4102599306334	2016.515227059324	nan	nan
411415	403	41846.573066	2018.30918661	2018.24205999	0.944787873316	2020.172203168326	2016.7004643892542	nan	nan
411674	404	41849.0263081	2017.98055065	2017.97431725	0.845863576568	2019.1796760473019	2016.8638723695599	nan	nan
412135	406	41872.2604411	2017.91694302	2017.8607185	0.967526634776	2019.2805189084397	2016.0670196117255	nan	nan
412839	407	41878.5331759	2017.68350975	2017.8932612	0.651936222605	2018.6459443493445	2016.723297950169	nan	nan
413217	409	41879.353507	2018.05558875	2017.88943612	1.01513393334	2020.0021929824504	2016.2232664945109	nan	nan
411700	405	41881.4028141	2017.84392127	2017.77071554	0.730507981992	2019.2257869218422	2016.7946899666097	nan	nan
412961	408	41903.0726371	2017.98209797	2018.01107482	0.926780832877	2019.420043889306	2016.0656448825687	nan	nan
413707	410	41948.1195362	2018.03354418	2017.76743712	0.712074464122	2019.2200274893078	2017.1898546896196	nan	nan
414512	411	41973.7657421	2018.35318068	2018.72718659	1.24302077937	2020.1599988931346	2016.0208591898759	nan	nan
415049	412	42000.906435	2018.39899235	2018.47242411	0.952820284695	2020.2911105648084	2017.072905364693	nan	nan
415213	413	42010.153744	2017.81367999	2017.70564896	1.85487216408	2021.168450740829	2015.2539807889614	nan	nan
415405	414	42024.7865741	2018.51963837	2018.24264513	1.07365748284	2019.9422704382148	2016.4973200719198	nan	nan
415826	415	42115.6041942	2018.20952299	2018.33116315	0.877346777128	2019.2879245581532	2016.9756591703153	nan	nan
416000	416	42162.2034361	2017.84214243	2017.59032838	1.198954588	2019.808829515782	2016.0226175727264	nan	nan
419223	417	44312.5505321	2018.84179392	2019.06485271	0.763981466429	2020.0684773853545	2017.5497493258997	nan	nan
425374	419	44496.2062581	2018.79381727	2018.2591427	1.48656009368	2021.922978685824	2017.1536795821805	nan	nan
425371	418	44508.8302231	2018.58393159	2018.54543167	1.50798626263	2020.4569760914746	2016.4438402403994	nan	nan
426172	421	44520.621736	2018.63441377	2018.7038228	0.844828053824	2020.4319309368007	2017.2313214361084	nan	nan
426119	420	44522.734823	2019.02366099	2019.272805	1.36735372322	2020.9894692577045	2016.6378053074848	nan	nan
426615	422	44544.7275801	2018.9593864	2019.59035671	1.46315329127	2020.4762079754687	2016.3281019285312	nan	nan
426687	423	44555.5068321	2018.57920608	2018.76472792	0.945731631916	2019.8549599690834	2016.3963430608665	nan	nan
427479	424	44591.420496	2018.90481705	2019.1728934	1.14906745901	2019.8322519618923	2015.8869843203931	nan	nan
428307	425	44631.2017081	2018.62089909	2018.67743775	1.40406639077	2021.6091212137333	2016.4946668008117	nan	nan
428877	426	44660.328382	2018.7343203	2018.74234077	0.957802465354	2021.0333621623138	2017.4754449017498	nan	nan
429540	427	44684.3398061	2018.14758854	2018.37786453	0.870581733923	2019.557524464972	2016.297338181279	nan	nan
430407	428	44692.8559411	2018.75980864	2019.01106581	1.22386722374	2021.0865696163592	2016.645205796369	nan	nan
431436	429	44765.7067552	2018.80690245	2018.57131306	0.83707695081	2020.667952924698	2017.769696695567	nan	nan
434460	430	44823.955585	2019.0362646	2018.88817285	1.1350892369	2020.8646184131287	2017.3005012585975	nan	nan
436676	431	44897.804369	2019.08324584	2019.12510515	1.19490283384	2020.865561106809	2017.2294453012921	nan	nan
437123	432	44900.8585441	2018.90793911	2019.08897376	0.991909468911	2020.3270992029234	2017.3903537329086	nan	nan
439020	433	44977.189316	2018.72497562	2018.87606607	1.43216742559	2020.8166155753127	2015.7803358904187	nan	nan
440438	434	44997.3320072	2019.13082639	2019.35508432	1.181436423	2020.5906497513533	2016.5519866969744	nan	nan
443188	436	45064.1727459	2019.05071176	2019.18793867	1.34794671596	2020.8030300567389	2017.0658004757374	nan	nan
443187	435	45080.177336	2018.41007055	2018.61832942	1.249383761	2019.8488829465878	2015.6992059180234	nan	nan
444118	438	45087.2474041	2018.71547399	2018.66246268	1.3799746673	2021.6614734562238	2016.9438432827453	nan	nan
444417	439	45104.239254	2018.86003673	2018.91798698	1.80731356633	2022.1869397118912	2016.5002247927796	nan	nan
443880	437	45110.861989	2019.20563518	2019.22892205	1.29377931891	2021.2450818470902	2017.1351663154703	nan	nan
444428	440	45130.5112212	2019.11150612	2018.90025578	0.63690585873	2020.2964571068799	2018.362604391056	nan	nan
445040	441	45131.0510402	2019.04394631	2019.42712952	1.07173947498	2019.8259197120951	2016.3121301357812	nan	nan
445764	442	45182.7882731	2018.48833393	2018.36120185	0.900642541493	2020.449380318175	2017.3361799235297	nan	nan
446563	443	45203.457984	2018.40058359	2018.50314024	0.949355959936	2019.9001124200424	2016.9245813507237	nan	nan
447000	444	45232.9792321	2018.39404171	2018.26000079	0.921443996743	2020.6008949222846	2017.293602151755	nan	nan
447114	445	45234.5811641	2018.79426854	2018.65982246	1.18584993163	2021.1831078080083	2017.1505349357133	nan	nan
447235	446	45251.0481222	2019.66742501	2019.68790717	1.06954052455	2021.6973704496847	2017.8243278352502	nan	nan
447853	447	45370.93102	2019.06253358	2019.17206113	0.949264793796	2020.699488048344	2017.725537463185	nan	nan
448000	448	45384.4237151	2018.76247466	2018.68755967	1.0810013647	2021.4343070339412	2017.4167681148256	nan	nan
450702	449	47496.238018	2019.27702357	2019.30282755	0.89785642186	2020.7603109884337	2017.5925691886423	nan	nan
456899	450	47694.6301351	2019.02685429	2018.75677321	1.31079243973	2021.4669829133534	2016.7476316910945	nan	nan
457809	452	47713.1862721	2019.65083519	2019.58379796	0.777696100839	2020.7295651920667	2018.182801421189	nan	nan
457313	451	47714.3913682	2019.58002182	2019.80368002	0.868877174038	2020.7013538176313	2018.2510517524936	nan	nan
457885	453	47719.161943	2019.40578441	2019.14611956	0.86145545089	2020.747967522231	2018.0416001778876	nan	nan
458459	454	47735.8163371	2019.3736441	2019.93444767	1.25100925762	2020.7446126844256	2016.5588273397748	nan	nan
458782	455	47749.297792	2019.24495307	2019.40295335	0.962028446812	2020.5681336384723	2018.0047062272117	nan	nan
459602	456	47787.802624	2019.4603841	2019.44525559	1.00662918026	2020.9986196141601	2017.671244599808	nan	nan
460619	457	47840.736778	2018.82769161	2019.15618993	1.18642361184	2020.0192231694023	2016.298324029843	nan	nan
461279	458	47878.7057171	2019.11676891	2018.69492286	1.48942486358	2022.0163535296565	2017.3164124869188	nan	nan
461923	460	47898.499089	2019.24393472	2018.92715058	0.69952062522	2020.6792185860388	2018.6936729362717	nan	nan
461830	459	47899.7512321	2019.24304103	2018.88004309	1.48253722747	2021.6929005877066	2017.3817218237157	nan	nan
463401	461	47969.735101	2019.62489093	2019.80087357	1.12934918413	2021.1382369982214	2017.6975446995973	nan	nan
464825	462	47995.1929281	2019.83038008	2019.31410383	1.39259577816	2022.4594521724546	2018.4157278204825	nan	nan
467672	463	48100.0222402	2019.4833022	2019.34803198	1.27231860693	2021.4829901354453	2016.4993328574947	nan	nan
467681	464	48110.22188	2019.30264606	2019.09159253	1.13190533853	2021.189941098632	2017.9785986214333	nan	nan
471686	466	48200.9388912	2019.06137651	2018.93166832	1.14854824423	2021.1406854871748	2017.3897230314476	nan	nan
470936	465	48208.2056041	2019.12933676	2019.30720314	0.905773992835	2020.276845893749	2017.6680486832518	nan	nan
474244	467	48274.0190551	2019.47112675	2019.25856877	0.853525887275	2021.083252153658	2018.4815162819536	nan	nan
475094	468	48298.54127	2019.38967114	2019.61910801	0.789157338392	2020.378712649553	2018.1827489539924	nan	nan
475439	469	48301.971426	2018.88840133	2019.1150862	1.2953085065	2020.4943942178306	2016.9185858167011	nan	nan
476068	470	48329.903265	2019.28720271	2019.27977597	0.985227787973	2020.7493708887391	2017.8073694602788	nan	nan
476179	471	48351.9791992	2019.32463152	2019.18963877	1.06157395441	2021.424408113105	2017.4486410520026	nan	nan
476772	472	48373.297328	2019.02221288	2019.22058116	1.06441299341	2020.7190104325946	2017.3375119490656	nan	nan
476935	473	48381.8710241	2019.46458837	2019.62803345	1.54085225008	2021.9350989510563	2016.662894440032	nan	nan
477950	474	48416.8113351	2018.91133736	2019.29862761	1.48093122249	2020.8736078032834	2016.1473484480262	nan	nan
478478	475	48439.786885	2018.8868291	2018.97894049	0.910693535644	2020.106324678313	2017.3690345687264	nan	nan
478998	477	48461.1145561	2020.0588066	2019.80376673	1.22077669087	2021.9187618584576	2018.458942172318	nan	nan
478972	476	48468.473268	2019.69523199	2019.17590325	1.58970524212	2022.3333000595978	2017.9501269752093	nan	nan
479194	478	48481.2892962	2018.7988646	2018.9291002	0.793884394306	2019.939566974904	2017.2485036973528	nan	nan
479963	479	48612.569066	2019.20791255	2018.82742954	1.1856370383	2021.3708433544816	2017.6259382842416	nan	nan
480000	480	48630.412601	2019.17346163	2019.14651089	1.1318315217	2021.168196792776	2017.5010037853922	nan	nan
482467	481	50684.457412	2019.61229497	2020.49577808	1.73203042727	2021.1364846580382	2015.8760068533747	nan	nan
488603	482	50881.9703441	2019.46151052	2019.46271228	0.620574680091	2020.8397048547452	2018.656682502245	nan	nan
489526	484	50898.6395211	2019.56489554	2019.00388968	1.35622775647	2022.0467278168965	2018.3000513656543	nan	nan
489441	483	50903.8840442	2019.99661763	2019.63296353	1.574487088	2022.3478470379425	2017.7825094237687	nan	nan
489634	485	50915.3033562	2019.37871484	2019.30144569	1.35925517437	2021.6980559596436	2017.099823435651	nan	nan
490190	486	50934.961127	2019.7936864	2019.68420622	1.37430460439	2022.4396845842023	2017.7183923103319	nan	nan
490523	487	50936.495187	2020.03869916	2019.92321999	0.941133002661	2021.3105541141479	2018.6446029660694	nan	nan
491416	488	50979.914295	2019.96304875	2020.23544955	0.880044928396	2020.9665490021596	2018.522868888964	nan	nan
492778	489	51051.3721712	2019.62519228	2019.52986971	1.58839354397	2022.4613428663235	2016.4686514863427	nan	nan
493622	490	51088.303781	2019.98683331	2020.15541968	0.812105205044	2021.2048929265775	2018.8441590121563	nan	nan
494045	492	51097.529016	2019.6109377	2019.68718361	0.873792990552	2021.404284260711	2018.0621763213699	nan	nan
494025	491	51121.1564322	2019.54120115	2019.82631364	0.835821046579	2020.2596889621354	2017.54114422222	nan	nan
495390	493	51160.8494811	2019.77734806	2019.34111981	1.54891499255	2023.02663828927	2018.1366803264937	nan	nan
495876	494	51169.612112	2019.46320839	2019.09721602	1.36444550525	2022.2109877711152	2017.6830212131301	nan	nan
498870	495	51302.768003	2020.00028393	2019.81320739	0.926824129887	2021.6675071281154	2018.9254741310199	nan	nan
499199	496	51317.864224	2019.71056068	2019.65977354	0.767716224874	2021.1877312769434	2018.8166247117622	nan	nan
502786	497	51430.950665	2019.35639665	2019.09397417	1.25859719237	2021.7870215317434	2017.4650648339411	nan	nan
503107	498	51450.895741	2019.91855647	2020.18901981	1.32346359692	2021.6667967458425	2017.76581568799	nan	nan
505679	499	51501.200963	2020.1945001	2020.3683363	0.992447427523	2021.5231651487065	2018.2084934508046	nan	nan
506727	501	51518.594429	2020.02173439	2020.05208862	1.46390322618	2022.2945820022637	2017.5624601628517	nan	nan
506725	500	51529.424531	2020.0039026	2019.68662157	0.889560845344	2021.4042084838195	2019.1076043799048	nan	nan
507554	502	51544.192395	2020.12723604	2020.00260886	1.35980607164	2022.538485655533	2017.5367757429399	nan	nan
508324	503	51587.3222182	2019.73954812	2019.39991673	1.10053827968	2021.4817821213492	2018.5695422103843	nan	nan
508750	504	51599.247715	2019.94609919	2019.95065854	1.11868875642	2021.2960943362998	2018.0088568415404	nan	nan
509308	505	51629.1612761	2019.76114811	2020.18560893	1.5773631411	2021.6061900834086	2017.4369341209135	nan	nan
509943	506	51656.3794281	2020.94696918	2021.63772962	1.28328565144	2022.3428025698577	2018.9399444968356	nan	nan
510487	507	51675.5382841	2019.33920344	2019.52820391	0.862623555096	2020.658367087097	2018.184176285114	nan	nan
510959	509	51688.186522	2019.49909634	2019.54733115	1.03253508064	2021.3787267010562	2017.4388861681598	nan	nan
510859	508	51696.909193	2019.90986142	2019.7851109	1.14510542883	2022.060296750995	2018.381089877105	nan	nan
511068	510	51717.077739	2019.64691376	2019.45195888	1.00461215729	2021.3636006971951	2018.3306757638034	nan	nan
511949	511	51865.7126729	2020.06114948	2020.45427978	0.815452538548	2021.0226343658373	2019.0096675135233	nan	nan
512000	512	51875.6484621	2019.4759705	2019.4925379	0.96572940581	2021.1140320121594	2017.8985451055619	nan	nan
514421	513	53856.4547341	2020.12787149	2020.15268723	0.943455537323	2021.342047009807	2018.5292743757288	nan	nan
520250	514	54064.520803	2020.60966581	2020.88347462	0.947963111396	2021.5159921220577	2019.3102503968514	nan	nan
521044	516	54095.0355141	2020.73122105	2021.0026977	0.892740070139	2022.0643261870848	2019.1603621150118	nan	nan
521031	515	54102.4659011	2020.13257407	2019.93676563	1.64864397803	2022.2218058862077	2017.7011891500817	nan	nan
521460	517	54104.205807	2020.34118337	2020.414087	0.951741836919	2021.6573168087687	2018.3689213731648	nan	nan
522210	519	54126.0851099	2020.22601174	2020.04279293	0.814677897294	2021.60018638466	2019.268206399424	nan	nan
522173	518	54136.0881681	2020.79039219	2020.60799469	1.05987529807	2022.208742177986	2018.9014475758806	nan	nan
523213	520	54176.745945	2020.56771646	2020.51322184	0.801555947697	2021.8915357347755	2019.3737059258472	nan	nan
525016	521	54258.6329072	2020.06153123	2020.00999398	1.18355645334	2021.6079050185801	2018.453791082659	nan	nan
526012	523	54292.4420562	2020.04903517	2019.88267874	1.05739757332	2022.0233136095337	2018.9742103609692	nan	nan
525821	522	54300.7649372	2020.24046997	2020.83102401	1.26525846674	2021.705817387288	2018.2765070258708	nan	nan
526376	524	54326.4479589	2019.8188905	2019.85961675	0.8092055832	2020.9660581706667	2018.2796004183378	nan	nan
527202	526	54344.0500481	2020.61683026	2020.48715359	1.24923610316	2022.5906095719772	2018.162800695144	nan	nan
527035	525	54359.4147251	2020.14532255	2019.77955248	1.19408188294	2022.574775405171	2018.841065327473	nan	nan
530119	527	54514.8045211	2020.52073668	2020.89212105	1.17708640674	2021.6709529002062	2017.4704655564315	nan	nan
530537	528	54527.4397712	2020.7255729	2020.66852764	0.792849794086	2022.1094073663394	2019.7260948835958	nan	nan
534665	529	54645.8996551	2020.22352769	2020.13468208	0.815252754582	2021.5925591075354	2018.8939742226016	nan	nan
535631	530	54676.5389662	2020.17980299	2019.97686489	1.14209365766	2022.5256398091003	2018.4856210023643	nan	nan
537558	531	54716.7939081	2020.30472642	2020.18518901	1.6206262357	2023.4678110872474	2017.7528382605472	nan	nan
538127	532	54727.5806551	2020.08760415	2020.28178723	1.04740954697	2021.20622665438	2017.8426431482449	nan	nan
538511	533	54748.0450501	2020.53062858	2020.44507574	1.43947417663	2023.1614624556253	2018.4097126576235	nan	nan
539071	534	54753.5984361	2020.96846457	2021.10726472	0.838018615939	2022.0655919550484	2019.3652373700354	nan	nan
540187	535	54821.8717721	2020.23706055	2020.36109867	0.902127054086	2021.5254129186849	2018.4745975784308	nan	nan
540572	536	54831.6575191	2020.50078838	2020.6812361	0.692883329473	2021.6236253183204	2019.418096065864	nan	nan
541417	537	54879.831418	2020.58073716	2020.9895684	1.44993410868	2022.3239600174225	2018.4265579309697	nan	nan
541979	538	54885.86168	2020.25383693	2020.23918358	0.627635123318	2021.2052027112798	2019.3931495712504	nan	nan
542486	539	54906.911613	2020.83543059	2020.84255111	0.57553511442	2021.8745504107392	2019.8323382983633	nan	nan
542687	540	54920.3044012	2020.43666689	2020.27328205	0.71027731498	2021.6194564436194	2019.5331906667807	nan	nan
542776	541	54933.7611511	2020.50653507	2020.56132126	0.978867478655	2022.5271029772591	2018.717162776477	nan	nan
542987	542	54945.6510861	2020.79201222	2020.71358193	0.93741423524	2022.6758680281703	2019.3864804198117	nan	nan
544000	544	55122.224546	2020.54937484	2020.20729619	0.753255912841	2021.7462972525082	2019.42797630361	nan	nan
543968	543	55129.3039072	2019.95437151	2020.31917341	1.47671112154	2021.6391803912072	2017.3708060689814	nan	nan
545916	545	57010.9669502	2021.33763612	2021.22916256	0.77699243446	2022.818013427101	2020.2122207412415	nan	nan
551717	546	57242.713232	2020.37069788	2020.30605036	1.25341190917	2022.1690920832436	2018.3088631389026	nan	nan
553020	547	57283.9315541	2020.74972352	2020.68868804	0.974011139141	2022.0845896077265	2018.752575263069	nan	nan
553281	548	57290.692951	2021.04868092	2021.42871205	1.17038955701	2022.6574139580407	2018.6470681516967	nan	nan
553387	549	57301.1893511	2020.83848514	2020.65941838	1.04391095922	2022.4562074923597	2019.433885182041	nan	nan
554014	550	57323.358588	2021.16828552	2021.15603494	0.841807249007	2022.416347829156	2019.802554883712	nan	nan
554249	551	57347.0183251	2021.116233	2021.05846219	1.17742697919	2022.8044264428404	2019.079859410213	nan	nan
555281	552	57369.4377501	2021.58143679	2021.20172087	0.980899796558	2023.5662482432456	2020.080278172364	nan	nan
557112	553	57457.9789271	2020.38983838	2020.48402863	1.31604533653	2022.5444672833387	2017.942034379119	nan	nan
557938	554	57474.778439	2021.38601247	2021.22784631	1.33087531429	2023.9408054749144	2018.8478997242935	nan	nan
558081	555	57506.2282681	2020.25337811	2020.08216296	0.761961014687	2021.298147461453	2018.849977096458	nan	nan
558729	557	57524.9775929	2020.59757848	2019.99637729	1.24452577568	2022.4507884412874	2019.2198130685588	nan	nan
558514	556	57533.0226731	2020.25586617	2020.607602	1.07649854925	2021.6561348699706	2017.7992406994545	nan	nan
558938	558	57560.094161	2020.41398346	2020.68958158	1.22146053322	2021.83873305829	2018.3589367592197	nan	nan
562000	559	57714.7093601	2021.30244965	2021.82897069	1.06486547917	2022.37136881776	2019.1502217971267	nan	nan
562262	560	57741.858911	2020.71192678	2020.206121	1.13806536525	2022.6666814491696	2019.3051032218839	nan	nan
566244	561	57866.9393442	2020.48478228	2020.4791729	0.97138044585	2022.320842870211	2019.1556639094756	nan	nan
567527	562	57913.0305581	2020.69855133	2020.82719913	0.43818495232	2021.206366600648	2019.6990895074184	nan	nan
569068	563	57941.8373411	2021.13126694	2021.18149069	0.853589369131	2022.7582111508436	2019.8224480546965	nan	nan
569585	564	57950.9119689	2020.72975697	2021.11929489	0.973994182032	2021.8517913009061	2019.031076889452	nan	nan
570492	566	57983.191699	2020.43869094	2020.67798957	0.89835008667	2021.4065916993416	2018.6110336619265	nan	nan
570277	565	57984.2198241	2021.11480479	2021.34972826	0.871132871984	2022.2092478058812	2018.938061571933	nan	nan
572049	567	58059.7732902	2020.56461376	2020.60168525	0.542631800395	2021.4408593506432	2019.701050756239	nan	nan
572474	568	58075.845751	2020.09345642	2020.15983694	1.05214024413	2021.7212795260648	2018.369226118472	nan	nan
573738	569	58110.127435	2020.90554284	2020.79051134	1.13943887409	2023.0200403830336	2019.356334529327	nan	nan
574258	571	58119.000252	2021.02710653	2021.22151459	1.26035486098	2022.3332861858426	2018.2260010138116	nan	nan
573772	570	58121.9733911	2020.56962956	2020.7586187	0.891200607338	2021.799850638805	2019.1228721671653	nan	nan
574488	572	58144.5795791	2020.52557865	2020.60848449	1.38542766978	2022.4810508808102	2017.2501406727968	nan	nan
574689	573	58164.354903	2020.99579183	2021.17424525	1.4070698162	2022.8336979467415	2018.400376806475	nan	nan
574804	574	58171.41555	2021.15930601	2021.15629115	0.93535289593	2023.1553168197315	2019.5307682989667	nan	nan
575962	575	58355.54439	2020.86470026	2020.99932286	1.36091918048	2022.9401706878245	2018.8006705502776	nan	nan
576000	576	58382.006917	2020.51205354	2020.71316574	0.714148105048	2021.6287634295347	2019.0554730447511	nan	nan
577367	577	60197.1409612	2021.35286356	2021.38716664	0.770539737347	2022.7904746846564	2020.386901048991	nan	nan
583133	578	60427.7979901	2021.7033506	2021.60634707	1.28913960006	2023.8231911834075	2019.6728391611143	nan	nan
584787	579	60480.41908	2020.9670703	2020.9424186	1.13954922003	2022.8405155238327	2019.0988105539939	nan	nan
585399	581	60499.9511812	2021.93670235	2022.31758471	0.948768768971	2022.9136310742501	2019.895385541806	nan	nan
585031	580	60501.6892262	2021.21920287	2021.22045663	0.724633501471	2022.1735134972107	2020.045147578227	nan	nan
585993	582	60515.2342319	2021.06951564	2021.37523144	1.03679610339	2022.1436436382492	2019.1532341419513	nan	nan
586702	583	60547.4933012	2021.59442234	2021.51716201	1.40497732729	2023.6658217864526	2019.2837175903164	nan	nan
587184	584	60567.4254651	2021.56883759	2021.61117395	1.25689673324	2023.4806443910113	2019.012644947678	nan	nan
589540	586	60674.2857771	2021.54819194	2021.6938377	1.19568365109	2023.7475472079886	2019.4230974369714	nan	nan
589217	585	60674.823555	2021.2966973	2021.02312415	1.26495891842	2023.6379013695218	2019.9952338370963	nan	nan
590467	588	60700.8705401	2021.01485014	2021.36980771	1.09384835694	2022.5379756433053	2019.2805431033805	nan	nan
590186	587	60721.972482	2021.75303331	2021.80463496	1.21172776217	2023.5781205920032	2019.8470526765057	nan	nan
590604	589	60735.9145122	2021.17162932	2021.01668735	0.863448135939	2022.4825558850475	2019.942993523488	nan	nan
590860	590	60758.3424311	2021.91680612	2021.55925235	1.11856209703	2023.6654780313534	2020.5964842199658	nan	nan
593271	591	60917.4888101	2020.83909614	2020.79196804	1.08346076008	2022.6359587144561	2019.4160198293735	nan	nan
593955	592	60943.329854	2021.31573519	2021.16045499	1.42213568528	2023.9663673066425	2018.7949197831097	nan	nan
597657	593	61077.7273932	2021.55494203	2021.49117251	0.752682778376	2022.6405006367233	2020.3067145455962	nan	nan
599787	594	61135.64781	2021.59519465	2021.62338865	0.696796152699	2022.6718254158598	2020.505920860949	nan	nan
600858	595	61147.814847	2021.2005439	2021.28985113	0.843711465668	2022.3989412125154	2019.9800929320618	nan	nan
601217	596	61168.4003241	2021.21484976	2021.04133396	1.16494782897	2023.0561311411575	2019.8630656067396	nan	nan
602276	597	61198.788954	2021.42102844	2021.51452604	1.12761626753	2023.2613555856915	2018.9090342474162	nan	nan
602350	598	61208.4986091	2021.26276149	2021.20300748	0.826127497133	2022.2769700728372	2020.0182475074246	nan	nan
604336	599	61299.202039	2020.94732469	2021.09957177	0.659799359972	2021.8906869778111	2020.0338718159194	nan	nan
604741	600	61310.4916911	2021.49254061	2021.55989348	0.867233469921	2022.6454333216016	2020.1777503793628	nan	nan
605951	602	61338.570111	2021.46400883	2021.37236202	1.11993144361	2023.49933195727	2020.120753928564	nan	nan
605622	601	61342.324429	2021.74542256	2021.48202507	1.83525404563	2025.1365721582797	2019.7404564549229	nan	nan
605979	603	61358.638649	2021.46346125	2021.64084587	1.04422596545	2023.2257251770475	2019.6151561845875	nan	nan
606335	604	61373.9573212	2021.27770213	2021.39857184	1.48472230924	2023.7009268028437	2018.0856171541582	nan	nan
606683	606	61390.4889932	2021.21502342	2021.24439681	1.20934839696	2022.609674541125	2018.992795408168	nan	nan
606630	605	61397.486439	2021.39850707	2021.17104745	1.04038752711	2022.8712682586022	2019.844648120056	nan	nan
607897	607	61581.944989	2020.98220369	2021.40799894	1.08910034669	2022.3142733452307	2019.6382369970524	nan	nan
608000	608	61637.583076	2020.76949348	2020.75690763	0.979198422073	2022.290679761866	2019.3041647887874	nan	nan
609255	609	63378.3663521	2022.29913555	2022.27826435	0.857120108694	2023.373714752214	2020.7617041950418	nan	nan
614487	610	63623.209065	2021.55910516	2021.32049185	0.927418884572	2023.4412505369935	2020.204214392982	nan	nan
616605	611	63672.5869331	2021.55860762	2021.45771641	0.889071828841	2023.1116814286154	2020.2950997187845	nan	nan
617378	613	63698.0850711	2021.84813517	2021.70714542	1.06681068009	2023.7278802881071	2020.585412997789	nan	nan
617727	614	63706.939023	2021.64831389	2021.56392931	1.14888901107	2023.1977683814812	2019.7149272586908	nan	nan
617316	612	63707.7306731	2022.02562141	2021.92024666	0.858266361537	2023.4392431007166	2020.60209268006	nan	nan
618555	615	63742.127423	2021.68046359	2021.80350233	1.20546383517	2023.5975027595687	2019.2392313659657	nan	nan
619051	616	63756.5815811	2021.9706613	2022.09175865	0.732723029029	2022.8364931820124	2020.3859401349887	nan	nan
621545	617	63867.829968	2022.2687358	2022.52398136	0.908124469714	2023.841846732659	2021.1535456936315	nan	nan
622019	619	63868.2442961	2021.57457487	2021.30322717	1.13643335094	2023.3331441809212	2020.1902844015904	nan	nan
621562	618	63881.345253	2021.94686642	2022.30228281	0.742323556276	2022.5689268018677	2020.4014674923174	nan	nan
622458	620	63921.6563082	2021.37550798	2021.33864357	1.31577329028	2023.1738031423686	2018.9056860553217	nan	nan
622634	621	63948.5885811	2022.02049465	2021.82773661	0.907412101093	2023.232718259671	2020.8207930049905	nan	nan
622865	622	63969.6009312	2021.74938732	2021.64795637	1.19737373097	2023.461551024077	2020.0224693988112	nan	nan
624991	623	64112.707094	2022.10049749	2021.85306529	1.10497038139	2023.8733815317116	2020.5683714019035	nan	nan
625569	624	64141.7047641	2022.12737453	2022.25106987	0.890056718373	2023.3517962308085	2020.3095273939427	nan	nan
629151	625	64296.403723	2021.25724732	2020.98348801	0.9095005598	2023.2398948003724	2020.3308239927665	nan	nan
632036	627	64360.78811	2021.3718903	2021.60442846	0.752803840027	2022.545220681716	2020.1603539047626	nan	nan
631657	626	64363.553988	2021.68592347	2021.68226691	1.1464980375	2023.1643823667462	2019.6868385241485	nan	nan
632731	628	64389.2812161	2021.5406036	2021.7343003	1.02225412373	2023.2893787387145	2019.5147492660594	nan	nan
633671	629	64415.979336	2021.55846001	2021.45119905	1.37570124034	2023.561529237542	2019.4936715341223	nan	nan
634058	630	64434.4488721	2022.32250865	2022.47481443	0.894047971906	2023.7023144926486	2020.6088874945788	nan	nan
636728	631	64539.6671321	2021.42433069	2021.34918864	0.941631217456	2023.1461827137894	2020.1371864058474	nan	nan
637011	632	64540.2657661	2021.87390488	2021.90996067	1.30490530027	2024.021979153353	2019.7028385838273	nan	nan
637591	633	64560.9379601	2021.73005667	2021.34256454	1.06348904432	2023.3336517040043	2020.5549407371282	nan	nan
637716	634	64589.226804	2021.54449904	2021.64281256	0.753838159223	2022.6468556193752	2020.4317524903254	nan	nan
638053	635	64594.8427501	2021.8216469	2021.98101371	1.11668500215	2023.2061522291522	2019.420384848237	nan	nan
638269	636	64601.0468922	2022.09848577	2022.18858107	1.0744083398	2023.7274583705785	2020.1023881036892	nan	nan
638465	637	64625.8971231	2021.39961293	2021.03430719	1.25832585224	2024.2112683551131	2019.851654218509	nan	nan
638572	638	64633.2683971	2022.05019949	2022.18365896	0.753515344825	2023.268719315473	2020.7405351352386	nan	nan
639810	639	64837.0226882	2021.83213006	2021.62408086	1.43138055228	2024.6028350421143	2019.881019593365	nan	nan
640000	640	64879.6239111	2021.48868865	2021.4421875	1.11149162418	2023.2497676025712	2019.9780816179748	nan	nan
641177	641	66568.581207	2022.37007742	2022.54886115	1.29299738298	2024.5427101283428	2020.257227101295	nan	nan
646568	642	66803.009496	2022.28621675	2022.75691579	1.30450872364	2023.683195489185	2020.2236230459137	nan	nan
648320	643	66851.169416	2022.1251764	2022.27879441	1.1380532519	2023.3525047417245	2020.2504763373408	nan	nan
649329	644	66883.264293	2022.27742085	2022.40366146	1.19299176165	2024.5585885215003	2019.9106821781365	nan	nan
649669	646	66891.8973172	2022.0831393	2021.97642677	1.1706052336	2023.752369902622	2020.1533102990713	nan	nan
649668	645	66907.251678	2022.46649905	2022.05713643	0.940920398572	2024.3021470669876	2021.402019002595	nan	nan
650852	648	66927.93964	2022.00433785	2021.97323366	0.989437993133	2023.405999608613	2020.0493774134432	nan	nan
650581	647	66935.370718	2022.16705676	2022.29860429	1.30618010133	2023.8503937050666	2019.6148694709393	nan	nan
653263	649	67027.3362491	2022.46847822	2022.35768	0.777615993941	2023.7902060672118	2021.59660418654	nan	nan
653361	650	67049.657099	2022.30265807	2022.04324589	1.47208959516	2024.7824390254564	2020.4013395842626	nan	nan
653653	651	67087.372443	2021.741693	2022.13456643	0.992287756157	2023.0156009245786	2019.9388179531077	nan	nan
654387	652	67137.4642491	2021.93996793	2022.28067146	1.36768203092	2023.4153552473028	2019.358836896434	nan	nan
654727	653	67164.3685322	2022.33222982	2022.11962657	0.852681588704	2023.9025737732406	2021.4096964190535	nan	nan
654933	654	67165.1476951	2022.19030583	2021.99186053	1.13604245959	2023.7776143633657	2020.9041927886515	nan	nan
656675	655	67318.1405611	2021.74204494	2021.57934151	1.05757211702	2023.9245559528508	2019.883677753117	nan	nan
657229	656	67340.889101	2022.07770108	2022.17399764	1.13071799948	2023.8375599444403	2020.1861525968363	nan	nan
660846	657	67508.2719312	2022.97864548	2022.94748261	1.27661707347	2025.0990864185485	2020.6186042469974	nan	nan
663377	658	67562.335922	2021.63245008	2021.68280463	1.08892269575	2023.3340552409468	2020.1367995694166	nan	nan
663507	659	67588.011102	2022.51409443	2022.44741619	0.668480425618	2023.6806286063397	2021.336422757742	nan	nan
664373	660	67611.822217	2022.09783045	2022.27553712	0.751375069518	2023.375583299023	2020.9019107178751	nan	nan
665266	661	67633.0058601	2022.10934293	2022.26099835	1.05832507911	2023.7655286012753	2020.122439284686	nan	nan
665853	662	67644.5501831	2022.51157145	2022.73539127	0.96626957912	2023.6108376215134	2020.172755813539	nan	nan
668893	663	67760.592663	2022.17612682	2022.11565897	0.736561838984	2023.3373157136743	2021.3621698343607	nan	nan
669245	665	67781.471801	2022.13326327	2022.08979739	1.06394558912	2023.7987309026648	2020.6191730566	nan	nan
668898	664	67794.7811151	2022.07388635	2022.09489435	1.00665875616	2023.3793528165604	2020.278736661776	nan	nan
670042	667	67826.2642062	2021.39535362	2021.43814299	1.31951953361	2023.079069088216	2019.506839601613	nan	nan
670034	666	67833.247009	2021.74487853	2022.103652	1.53528660226	2024.1532379693876	2019.2093361719133	nan	nan
670060	668	67838.6009901	2022.50824612	2022.27448687	0.910015968419	2024.3476096486254	2021.2404509644437	nan	nan
670396	669	67851.354995	2021.4074508	2021.34048903	0.891638635445	2022.5877266035463	2019.5168206648095	nan	nan
670462	670	67867.537255	2022.22577689	2022.27682477	1.07270955136	2024.276160553239	2020.166911285349	nan	nan
671852	671	68075.51055	2022.95397301	2023.23053446	0.955445366252	2024.1424841730282	2021.225526624179	nan	nan
672000	672	68122.273587	2021.31643373	2021.08504848	1.08592453299	2023.1773255827347	2019.6448064372103	nan	nan
673221	673	69748.0631361	2022.24731257	2022.43500032	1.29719909497	2023.8352506695114	2020.0076043307636	nan	nan
678504	674	70015.1818631	2022.78366961	2022.7367168	1.08387649522	2025.4457789102557	2021.564228218816	nan	nan
679967	675	70043.980494	2022.76549273	2022.70885491	1.36008519342	2024.8729142036184	2020.6310179287982	nan	nan
681137	676	70089.5263522	2022.49242297	2022.58312503	0.713287226849	2023.456396399943	2021.3750363468148	nan	nan
681793	678	70091.6207101	2021.8140795	2021.66191769	0.753508224159	2023.3587472703553	2020.9085446239785	nan	nan
681404	677	70094.3769391	2022.82290011	2022.6851798	0.668971489114	2023.872715483581	2021.8894326459492	nan	nan
682564	680	70121.159652	2023.35664268	2023.42423287	0.904948122857	2024.5342697027445	2021.9523112794984	nan	nan
682397	679	70145.9721911	2022.49774509	2022.31512545	1.10633103665	2024.8345580059627	2020.9792839787895	nan	nan
684430	681	70197.2181129	2023.05453057	2022.75915159	1.42850337984	2025.6065704664227	2021.5438168226424	nan	nan
684915	682	70250.983171	2022.43473597	2022.91938614	0.896194796348	2023.2793836944018	2020.9665999396195	nan	nan
685681	683	70298.8107312	2022.91918995	2022.9080652	0.506200647721	2023.8434159517867	2022.263392941187	nan	nan
686517	684	70349.913938	2022.48556507	2022.44592927	0.842652231402	2023.864856388936	2021.2026320199666	nan	nan
686861	685	70363.323967	2022.71709056	2022.97524016	0.845657641018	2023.7052504278715	2020.9449003835846	nan	nan
686908	686	70392.5272322	2022.69080498	2022.21355844	1.22856768374	2025.3817041027783	2021.3779401437423	nan	nan
688549	687	70517.010258	2022.17948627	2022.13755088	1.20784259729	2024.5449797109818	2020.4422288868175	nan	nan
688955	688	70528.459445	2022.81508632	2022.94599571	1.32213243457	2024.4529505944333	2020.3521539560224	nan	nan
692545	689	70717.5764661	2022.71902762	2022.53022129	0.640934211452	2024.3614173100984	2022.2267235300137	nan	nan
694216	690	70767.8157182	2022.53137385	2022.30362506	1.38583804652	2025.0946846081158	2020.7711265664248	nan	nan
695408	691	70797.7104201	2022.40941172	2022.56215281	1.14811155593	2023.9096073288138	2020.5999143925035	nan	nan
696176	692	70805.6066251	2022.5471082	2022.33977708	0.986866959316	2023.98085922282	2021.0950838226063	nan	nan
697250	694	70841.4621031	2022.91264233	2023.02744336	1.41303914243	2024.7959515852265	2020.4550199620066	nan	nan
696802	693	70846.5113721	2022.70246503	2022.7509835	0.849826256046	2024.0580848909726	2021.228864301766	nan	nan
700952	696	70980.2224121	2022.56493949	2022.92734181	1.34738730987	2024.9696271154226	2019.99674039169	nan	nan
700522	695	70995.1856182	2022.20540814	2022.18759061	0.779551723084	2023.5196049983897	2020.7972754789607	nan	nan
701336	697	71037.8522091	2022.03084467	2022.00442568	1.3071633255	2023.5198307524697	2019.5215256977328	nan	nan
702125	700	71054.5439751	2022.23380878	2021.98043306	0.892832738295	2023.7040768980955	2021.058350237939	nan	nan
702064	699	71063.6032801	2021.98204337	2022.07205157	1.54628212956	2025.7349777356937	2020.0968647780724	nan	nan
701880	698	71067.0305371	2022.30690643	2022.5223041	0.835853365554	2023.2935327430118	2021.0135513336425	nan	nan
702248	701	71068.7277231	2022.79451494	2022.76800953	0.805026346559	2024.069998329043	2021.3773282129143	nan	nan
702442	702	71104.9660811	2022.77913459	2022.68038753	1.41511271969	2025.0572583044025	2020.8256193370366	nan	nan
703840	703	71304.773138	2023.24583328	2023.55906531	1.22105022442	2024.5533496046119	2021.3905965272045	nan	nan
704000	704	71368.22647	2023.09367211	2023.51669412	1.46343033023	2024.5499592028823	2020.383580351708	nan	nan
705096	705	72926.4499691	2022.19804545	2022.08809838	0.844109740745	2024.1161768550523	2021.0243903571502	nan	nan
710929	706	73203.4176512	2022.7047212	2022.59851926	1.56262672923	2024.8752584116169	2020.2174308298138	nan	nan
711762	707	73228.7101312	2023.07253835	2022.8804337	0.950367458965	2025.0930676572157	2021.9398127199695	nan	nan
713263	708	73265.971385	2022.93015545	2023.19952461	1.26722165275	2024.8138396164331	2020.6760197467584	nan	nan
713293	709	73281.995719	2022.2193049	2022.26987541	0.517063991501	2023.0371289353766	2021.4505139416808	nan	nan
714104	711	73298.8712771	2022.66402177	2023.11387637	1.11676130353	2023.7071960501391	2020.236048870876	nan	nan
713402	710	73299.9423001	2023.3378864	2023.17320188	0.756696508459	2024.4141165844612	2022.1224291989786	nan	nan
714671	712	73337.0848792	2022.6449485	2022.5763585	0.756929648773	2023.7979240564987	2021.1869820437396	nan	nan
715616	713	73362.841244	2022.70807509	2022.51563278	1.06173216454	2024.8959215674988	2021.340869542001	nan	nan
716855	714	73451.5471511	2022.48565502	2022.74615884	1.47532740405	2024.2172242741663	2019.4991008463392	nan	nan
717806	715	73505.3735521	2022.97513327	2022.69238857	1.22522357184	2025.6729962908876	2021.6926806031415	nan	nan
718680	716	73547.833976	2022.83771968	2022.9934389	1.11116012207	2024.5381255910838	2020.5886060645216	nan	nan
718842	717	73557.3578181	2022.69113376	2022.87568159	0.980230529189	2023.7974541661295	2020.7232359822542	nan	nan
719098	718	73607.6626902	2022.96789701	2023.21038426	1.03822180839	2024.0629575225062	2020.849688981457	nan	nan
720513	719	73730.0784121	2022.92064256	2022.71222986	1.17189484687	2025.3495180167622	2021.103711128571	nan	nan
720721	720	73737.682905	2022.9502455	2023.06535859	0.789302904561	2024.139092455277	2021.7150965524884	nan	nan
724596	721	73944.4838052	2022.81989735	2022.62376819	1.04664622883	2024.7256268860394	2021.5226321961836	nan	nan
725834	722	73978.5497651	2023.61722595	2023.59217654	1.2435440466	2025.972258247213	2021.3486762012876	nan	nan
727001	723	74031.1123331	2023.42132663	2023.40330905	0.803645851594	2024.5631155888268	2022.1574089561368	nan	nan
727211	724	74035.9430861	2022.66824009	2022.49662622	1.11618282768	2024.4098562442764	2021.046461337289	nan	nan
728369	725	74054.5857952	2022.77976689	2022.59826353	0.819375746522	2024.6217502721795	2021.7427297024633	nan	nan
728605	726	74079.9371901	2022.76978484	2022.50154538	1.44016729784	2025.0783946070876	2020.7463741025592	nan	nan
732215	727	74196.019115	2022.98441694	2023.10940712	0.787555802473	2024.046786357844	2021.6774648011356	nan	nan
732540	728	74228.3678319	2023.02837131	2023.32120937	1.16840685208	2024.3167284687197	2020.9323394531525	nan	nan
733495	729	74256.33776	2022.92246851	2023.13978268	1.14401455407	2024.8014940910948	2021.4625848694986	nan	nan
733890	730	74295.8859529	2022.76798414	2022.46264596	1.11596370882	2025.133228431463	2021.6141295580508	nan	nan
734080	732	74296.5563381	2023.34826227	2023.37710286	1.03656226185	2024.8513069662781	2021.6260736149386	nan	nan
734049	731	74307.490685	2022.57867972	2022.44237746	0.788436165657	2024.0109450237383	2021.43649198894	nan	nan
734088	733	74311.756247	2022.48090316	2022.54063203	1.22126151084	2025.0516371195502	2020.661683924261	nan	nan
734456	734	74352.4822991	2022.86262378	2022.86140606	1.35263560972	2024.4959611676795	2020.1678318850304	nan	nan
735786	735	74546.0064909	2022.82682106	2022.64757829	0.87257778631	2024.79591033584	2021.5166695279775	nan	nan
736000	736	74617.78426	2023.7624316	2023.88863151	0.962572538536	2025.5368389711086	2021.9533053549512	nan	nan
737065	737	76092.570039	2022.94466795	2023.0393037	0.842449421318	2024.2413950289986	2021.0715353722617	nan	nan
742973	738	76383.99739	2023.48176834	2023.56277887	0.900733172145	2024.619767924508	2021.5328359789128	nan	nan
743633	739	76390.3343492	2023.2064349	2023.39710218	0.780764427503	2024.0884847680525	2021.5721931471803	nan	nan
744667	740	76435.5072591	2022.75358072	2022.96490273	0.985153087282	2024.7669678866632	2021.252233211947	nan	nan
745151	741	76459.5081701	2023.22192575	2023.09251375	1.18011860491	2025.2332735638108	2021.5607614382186	nan	nan
745707	743	76478.1404781	2023.75297553	2023.97859544	1.49202750487	2026.738158791472	2021.7107651789001	nan	nan
745687	742	76485.059298	2023.65618716	2023.39950277	1.06545729376	2025.070652018601	2022.0354451993614	nan	nan
746528	744	76519.048655	2023.02749982	2023.1086476	1.36347160259	2025.4445016316681	2020.2459572873947	nan	nan
747103	745	76550.6287811	2023.35275741	2023.46953336	1.11634790649	2024.806106729071	2021.4846023840357	nan	nan
748680	746	76637.98563	2023.38352507	2023.09660575	0.900714550975	2025.3383042742805	2022.6309624821004	nan	nan
749800	747	76710.0250051	2023.25308327	2022.92115345	1.44164596089	2026.218851028947	2021.4414391259795	nan	nan
750652	749	76747.7074342	2023.09662785	2022.24092908	1.74078486382	2026.4025968085034	2021.4976045859237	nan	nan
750512	748	76763.6481562	2023.12959509	2023.3214866	0.986078694752	2024.486747686155	2021.573899301014	nan	nan
751139	750	76790.3527501	2022.95453738	2022.76257412	0.930971412233	2024.256581593417	2021.5904503629374	nan	nan
752375	751	76940.0202529	2022.74001766	2022.97250009	1.37053457941	2024.9925186413816	2020.2294307541842	nan	nan
752555	752	76956.722683	2023.70861539	2023.6170517	1.21870007455	2025.4765539351356	2021.9645412504656	nan	nan
756599	753	77174.967433	2024.02091179	2023.88607029	1.0408103017	2025.3178172560138	2022.7458902471747	nan	nan
757577	754	77199.8050671	2023.54180785	2023.54690879	0.948647720329	2025.1389568927152	2022.0169221182618	nan	nan
759108	755	77253.695447	2023.71558791	2023.50315822	1.17651580927	2025.8265122421299	2022.1115223052038	nan	nan
759892	757	77260.724803	2023.42169089	2023.4595035	0.94640582864	2024.8208088663746	2021.5714230034596	nan	nan
759326	756	77270.2005072	2023.05349188	2023.01340815	0.7972367331	2024.0662479360446	2021.4762972158533	nan	nan
760678	758	77291.7937381	2023.42937693	2023.2839023	1.02073375769	2025.0070752536128	2021.9535276129047	nan	nan
763701	759	77421.369664	2023.49827196	2023.53389078	0.754419738063	2024.5203378367978	2022.6050419856965	nan	nan
764462	760	77457.0818191	2023.6918041	2023.56986129	1.05713745656	2025.4207410606095	2022.009301741563	nan	nan
765022	761	77477.601145	2022.80074481	2022.59029773	0.89575058976	2024.203017210991	2021.6058958638025	nan	nan
765884	763	77516.4696741	2023.97896677	2024.02415961	1.05084530208	2025.6008952663085	2022.033021640676	nan	nan
765873	762	77521.8592532	2023.04263378	2023.16294277	1.1380323021	2024.8922739312652	2021.5362629740957	nan	nan
766083	765	77546.233825	2022.98740001	2022.89446868	0.965772326823	2025.2591258734858	2022.1232004175204	nan	nan
766049	764	77551.3986411	2022.9960169	2023.02175443	1.0288661588	2024.6014161983894	2021.3614819612837	nan	nan
766466	766	77583.6352601	2023.49110304	2023.46253333	0.770750638764	2024.6903465274481	2022.2877176189509	nan	nan
767765	767	77782.9625289	2023.332824	2022.9110829	1.22709745538	2025.0874168227806	2021.846518493085	nan	nan
768000	768	77853.2296321	2022.89482753	2022.89481902	0.683401518391	2024.0738621766882	2021.4456303324575	nan	nan
769006	769	79268.1475379	2023.42866879	2023.77691726	1.06280261738	2025.0174364657503	2021.938777881049	nan	nan
774998	770	79565.3312621	2023.458447	2023.4547549	1.12999183266	2025.333740779012	2021.504064625157	nan	nan
775275	771	79575.363462	2023.49211734	2023.25900402	1.05646390543	2025.1498137998233	2021.8854639111823	nan	nan
776334	772	79631.3759441	2022.86591907	2022.88587025	0.813203019846	2024.150852934569	2021.4857403583978	nan	nan
776931	773	79659.1215	2023.85511358	2024.00743644	1.26039869495	2025.8584948376842	2021.2720535334333	nan	nan
777409	774	79677.6801732	2023.64954265	2023.76196746	1.31945308252	2026.2846737620798	2021.8760264818998	nan	nan
777632	775	79683.3652132	2023.88745802	2023.80835302	0.862499546372	2025.0178333151994	2022.3763365776051	nan	nan
778368	776	79715.981288	2023.86200375	2023.80533211	0.66218860971	2025.2874145753726	2022.8143814096366	nan	nan
778899	777	79718.142101	2023.50328515	2023.4247859	1.19518074483	2025.0898964790945	2021.270302085324	nan	nan
780484	778	79832.323473	2023.10251365	2023.16547587	0.640659601118	2024.016451824132	2022.1716100312715	nan	nan
781844	779	79913.7224941	2023.58642216	2023.91348726	0.934505593418	2024.854252635608	2021.9522727969083	nan	nan
782449	780	79943.5395741	2023.47463638	2023.72238376	1.34589229025	2024.9568146766762	2020.4905267928295	nan	nan
782669	781	79963.0378191	2023.94810797	2023.72212372	0.988116496107	2025.489449654703	2022.73098032211	nan	nan
782942	782	79987.675251	2023.92667465	2023.26099725	1.33324681493	2026.1263656605615	2022.677883910832	nan	nan
784313	783	80138.439059	2023.50956152	2023.56732999	1.03002183048	2024.8155392931496	2021.4648445026874	nan	nan
784445	784	80168.6221521	2023.59757651	2023.63908184	0.75748970357	2024.7563756828959	2022.2603241443749	nan	nan
788858	785	80386.8928292	2023.23323468	2023.28602764	1.12618963094	2024.9658001793598	2021.587947782801	nan	nan
789568	786	80420.717602	2023.63540494	2023.5687292	0.715637082422	2024.5768590855755	2022.4249253946234	nan	nan
791276	788	80476.5409682	2023.33770043	2023.24783483	0.882274606113	2025.0885226326532	2021.4862983814642	nan	nan
791112	787	80481.1311851	2023.2260784	2023.08600098	1.00674520659	2024.9723499587099	2021.4666053556832	nan	nan
791570	789	80490.519031	2023.44339085	2023.32627388	1.09876140278	2025.3998366414453	2022.294323676532	nan	nan
792161	790	80508.6994021	2023.27251615	2023.06668094	0.893657367137	2024.6295824234408	2022.0889773677816	nan	nan
795601	791	80631.2953291	2024.0161304	2024.3179455	0.961699550253	2024.9638007040046	2021.8493829782778	nan	nan
796596	792	80688.017664	2023.77408075	2023.61913382	0.961874971374	2025.6068723166916	2022.0865631581669	nan	nan
796985	793	80691.0130041	2023.75715904	2023.16903282	1.31192523305	2025.7487525882839	2021.9881867101735	nan	nan
797752	795	80740.7745821	2023.64858843	2023.71187405	0.705723312672	2024.67296772555	2022.0920844658142	nan	nan
797685	794	80745.2974761	2023.82510825	2023.61513651	1.20561612823	2025.9712653911247	2022.0543561666	nan	nan
798041	796	80773.341027	2023.25050015	2023.26283073	0.526118112188	2024.006373785272	2022.2531983842598	nan	nan
798101	797	80785.9576421	2023.53590057	2023.53395356	1.07063575761	2024.8602798929007	2021.520722578257	nan	nan
798397	798	80823.7113302	2023.10563801	2023.4094163	1.18718501889	2024.6787526718279	2020.7285730296423	nan	nan
799750	799	81020.696053	2023.87927642	2024.12359482	1.30289453324	2025.562636270897	2021.1761999322887	nan	nan
800000	800	81102.9226592	2023.87002256	2023.63135333	1.2674710957	2025.9728255928885	2021.8902985771174	nan	nan
801000	801	82440.7308631	2024.0384616	2023.99604081	0.593763271582	2025.022219315192	2023.0003389135263	nan	nan
807004	803	82763.6724	2024.43884726	2024.23104566	1.18224401669	2026.8876580487417	2023.0029440181124	nan	nan
806706	802	82769.63341	2023.4807204	2023.32199636	1.0370522441	2025.3235577011183	2021.6738239032488	nan	nan
808311	804	82818.4511971	2024.16414577	2023.97218848	1.15177019811	2026.037973188199	2022.3881325884688	nan	nan
809025	805	82856.089366	2023.49072753	2023.68020204	0.639445262811	2024.2020019096428	2022.2454447141013	nan	nan
809536	806	82863.580873	2024.24549564	2024.44024955	1.1301533135	2026.0600088406236	2022.6748493841342	nan	nan
809590	807	82867.7391331	2024.21322065	2024.22759888	0.84902298562	2025.547924526702	2022.9187725139	nan	nan
810389	808	82883.674546	2023.84786144	2024.00333223	1.09616899247	2025.0086105205646	2021.465421434809	nan	nan
810405	809	82903.593462	2023.91547949	2023.89465858	0.815377603386	2025.4164868818295	2022.8100417220533	nan	nan
812348	810	83019.985611	2023.76519446	2023.92693675	0.774919795677	2024.738139660539	2022.7418203190932	nan	nan
813839	811	83112.365732	2024.36147545	2024.48103568	1.04834598097	2026.2321734262018	2022.5316195544704	nan	nan
814347	812	83139.359462	2023.88653224	2023.79613393	1.19756965514	2026.1274502165106	2021.3107998576072	nan	nan
814639	813	83168.5092111	2023.77951674	2023.48530424	1.13451972813	2026.5308535619663	2022.7223416548773	nan	nan
814857	814	83177.8278692	2023.97334086	2023.46481922	1.20691075118	2026.4978452420282	2022.9665979037504	nan	nan
816135	815	83339.7872469	2024.27989317	2024.0210032	1.50300960191	2027.651882991038	2022.426389588583	nan	nan
816405	816	83369.400275	2023.4013992	2023.36735785	0.739697963434	2024.544910230925	2022.0309843282164	nan	nan
820658	817	83595.4974601	2023.86428245	2024.07609249	0.823270573105	2024.6368880598923	2021.793162509973	nan	nan
821596	818	83633.293262	2023.94048347	2024.30410426	1.6876482515	2025.8287151272546	2021.0452163939592	nan	nan
823055	819	83688.7003582	2023.76667453	2023.57258217	1.17268370728	2025.617901050078	2022.0333291622635	nan	nan
823324	820	83703.408416	2024.24374039	2024.52857745	1.19245114033	2025.643345680285	2021.7849326312391	nan	nan
823553	821	83715.9613252	2023.42933363	2023.42954681	1.09326317375	2025.0925731916136	2021.1571945800656	nan	nan
824002	822	83742.132678	2023.89517911	2023.84674912	1.15936345065	2025.5501102033995	2021.9028033761033	nan	nan
827161	823	83856.0803161	2024.44164157	2024.58678288	1.27986419231	2026.1077855523959	2021.7325238720978	nan	nan
828530	824	83926.577939	2024.02139195	2024.36883353	1.21844174881	2025.3276060558064	2020.9892703113574	nan	nan
828638	825	83930.911797	2023.83065137	2024.42942374	1.32646475341	2025.226284147825	2021.215979884663	nan	nan
829518	826	83970.3027952	2023.57059399	2023.65557484	1.25076552652	2025.3290254750282	2021.5937922833798	nan	nan
829608	827	83985.903693	2023.98023797	2024.29282967	0.894248905437	2024.9978377314112	2022.474287597546	nan	nan
829953	828	83998.8246231	2023.6969991	2023.61678672	1.04685127296	2025.1639512608806	2021.8775212371793	nan	nan
830079	829	84025.3068321	2023.99056352	2024.28072508	1.13997731222	2025.6888744838316	2021.9449484751908	nan	nan
830431	830	84066.576293	2024.00328728	2024.14909291	0.913923042922	2025.2362869615708	2022.6335634012246	nan	nan
831731	831	84260.2774801	2023.9103988	2024.0831395	1.08283316474	2025.4418280646903	2021.889034172881	nan	nan
832000	832	84357.6120341	2024.1996737	2023.94753122	1.37204433163	2027.657149467434	2022.613395163747	nan	nan
833000	833	85602.759234	2024.59981068	2025.0130816	1.39229258663	2027.2997993251695	2022.9496365557911	nan	nan
838936	834	85938.0385802	2024.12113972	2024.12020783	0.734295809406	2025.2732106193364	2022.9584129648354	nan	nan
839130	835	85941.286309	2024.04209428	2024.22227459	0.999880109223	2025.6343440521166	2022.5538510096574	nan	nan
840300	836	85991.109437	2024.61155336	2024.65464767	0.959626276981	2026.0213308203531	2023.2994638206349	nan	nan
841255	837	86034.4812779	2024.50215626	2024.18663319	1.11063922095	2026.4140396659404	2022.7174902115696	nan	nan
841542	839	86042.971292	2024.28464003	2024.10212618	1.10978496518	2027.1012384560352	2022.905600556363	nan	nan
841421	838	86043.4835441	2024.82998562	2025.19000064	1.13935634928	2026.2682270776143	2023.3693771343749	nan	nan
841873	840	86063.8689241	2024.20864644	2024.144389	1.47724960473	2026.5299188642832	2021.6911216127262	nan	nan
842281	841	86086.4459481	2024.60432132	2024.52807558	1.20349822752	2026.747800476255	2022.2874146936358	nan	nan
844240	842	86202.149276	2024.30104995	2024.13725315	0.982195080426	2025.524507975697	2022.8501749700272	nan	nan
845896	843	86314.5520132	2023.62906383	2023.66376234	1.3728499935	2025.4191107649801	2021.254181892649	nan	nan
846272	844	86328.0471151	2024.71551821	2024.74375497	1.05987542326	2025.8785895997173	2022.378820335619	nan	nan
846712	845	86365.384645	2024.71666868	2024.62379112	0.630658927094	2025.606408238564	2023.9625189955552	nan	nan
846785	846	86372.7098711	2024.73836544	2024.66540868	1.04505494428	2026.4633237689327	2023.4404889800007	nan	nan
