steps	episodes	elapsed	mean	median	stdev	max	min	average_value	average_entropy
31816	11	6386.40492916	3174.79096205	3202.50943724	732.138268058	4456.830609086579	2282.265361739699	28719.0564214	2.1717027633
31682	3	6387.61161709	3149.06664579	2802.81603379	991.457691589	5166.938277991008	2084.1625228676485	28516.1118821	2.17186522405
31530	1	6388.76698422	2977.66368723	2832.16440614	871.39145382	4505.300887019375	2079.52196201231	27868.7421065	2.17211715891
31879	17	6392.74332023	2799.57695282	2460.85725101	966.380037357	4777.195289531064	1951.936125521808	28814.8212686	2.17142295859
31749	5	6393.30338502	3026.43888895	2823.59340937	886.610925636	4627.2564383984145	2051.442998824011	28432.3737999	2.17136238944
31683	4	6394.51536202	3003.93002871	2897.8951742	740.942204354	4417.085652987727	2084.9191691536685	27920.3150831	2.1724806691
31753	6	6394.74479008	2689.71564192	2523.48513173	570.221950002	3676.907043014527	2136.1013538594566	28840.3283497	2.17111655065
31663	2	6395.07476115	2703.69134112	2527.65590922	680.070580077	3968.082849588363	2041.4527888127152	27890.2746772	2.17237514583
31789	9	6396.84780407	3988.99773351	3724.66643353	1654.38726053	6417.175948678611	2091.4111637784267	28454.3942462	2.17164185419
31924	21	6409.3443141	2503.90389764	2125.92980696	775.992963889	3999.294779110439	1866.1045008376227	29433.3081238	2.17055461738
31945	25	6409.440943	3142.65378381	2862.99590016	1039.73287025	5103.950481576477	1989.3950831159311	29116.8707157	2.17123869798
31876	16	6412.62898421	2980.46713058	2596.17684068	776.952067952	4339.178439279132	2198.2293693025476	29100.2279958	2.17082703132
31788	8	6415.35137105	2787.91504409	2472.29603745	790.12622395	4134.904155973308	1981.052304220325	28383.6407153	2.17161258362
31929	23	6415.67406416	2662.97503033	2369.99346772	717.510387344	4100.739332002119	2018.1393183646053	29172.0857663	2.17164562616
31845	13	6415.98055315	3417.69291775	3147.95974124	1027.3317122	5284.33669573058	2154.1654058217478	29088.1910544	2.17077001937
31807	10	6421.15843105	3158.68897917	3002.64006225	909.391321965	4934.481780873223	2046.7838354698172	28120.6984526	2.17181531795
31886	18	6421.252882	4012.04029592	3837.03645489	1353.56529615	6577.34041708677	2210.7626665819776	28880.2982195	2.17133315987
31841	12	6424.91914701	3866.8398202	3188.12574121	1642.114092	6373.097306486613	2124.641971313543	28642.0029184	2.17185354011
31870	15	6426.9518702	3406.5508146	3414.84107876	1147.96875282	5264.63065775366	2030.9946496785988	28769.5524988	2.1717539423
31981	27	6426.96963406	2808.14493706	2717.99444423	711.158358317	3755.8922946133316	2023.7017581608839	29557.9557747	2.17106362976
31906	19	6431.40557408	3332.41151863	3069.86779055	989.929056254	5212.891467392404	2122.5735983990003	29417.5149859	2.17088356388
31928	22	6437.50903606	3087.22338256	2894.02958264	923.081919874	4695.697942298579	2003.7879063367857	29253.9642133	2.17130165727
31908	20	6446.553056	3356.02808618	3172.46108448	801.255305115	4724.188479575131	2272.507252971954	29195.6087078	2.17159059547
31863	14	6447.48089218	3052.38247444	2610.34189727	1002.72263382	5144.714827513922	2229.2326825712216	28884.5271348	2.17185593579
31783	7	6450.32009101	2743.18817602	2588.679464	461.976341597	3655.0977178050907	2264.933767421691	28300.0736522	2.17218744412
31937	24	6470.68963718	2672.63244143	2508.23006603	660.438051272	3908.853031597146	1983.404514600952	29235.4335777	2.17126071191
31979	26	6473.42673802	2751.71727614	2523.5276159	749.81446838	3869.1785202668752	2029.842540647362	28789.9302593	2.17231323888
31990	30	6475.80121517	3226.48748803	2795.87553467	1035.5254948	5211.472635771515	2181.860298519415	29725.0470602	2.17024705556
31997	31	6476.53763223	3517.59602985	3746.29389944	977.472308966	4804.8186053381305	2152.101941057635	30318.5668243	2.17033969965
31987	29	6477.54164815	2576.39885644	2314.15503992	587.756385506	3636.8239414362533	2014.5742290501562	29066.9413868	2.17227977992
31986	28	6491.55296302	3354.8645946	3055.87744472	1146.77243616	5384.56259450824	2223.263736215353	29379.5765295	2.17161581986
32000	32	6509.27163506	3300.47409574	2853.25544113	1260.47421606	5583.163849480303	1978.2413704945118	30278.2878489	2.17044114
61434	33	12768.5186081	6547.08807881	6624.70631314	563.007301553	7212.021045466391	5581.043154176691	236738.483946	2.93641836145
62615	43	12784.3569882	5308.62199352	5403.23643677	394.560928977	5722.033729940888	4567.882731661053	260356.014283	2.93060967439
61902	39	12784.3654761	6232.07583687	6438.91077318	682.58036636	6901.975047106751	4827.385108259118	237140.702626	2.93783133781
61807	36	12784.5493271	5324.42018313	5484.22940002	608.915540721	5925.434106311244	4067.2613075787963	244596.322978	2.93188649409
61938	40	12786.327265	6064.59307567	6125.60883285	422.444302625	6581.589295067315	5377.367259589409	243970.245532	2.93374373432
61573	34	12786.976063	5357.90751853	5431.5722447	317.673901362	5730.268875804262	4759.299667805243	235208.081135	2.93622427215
61661	35	12791.7607682	5640.77747324	5695.8888313	337.406596144	6019.478095834736	5114.671750462008	235527.062873	2.93672777287
61873	38	12795.565896	5108.62373612	5235.75514002	425.698107393	5560.777185837508	4246.979151665483	237937.799579	2.93664597064
61815	37	12798.3700051	5671.7854991	5756.57773177	451.806735124	6161.601009712046	4826.519237190701	240974.221563	2.93353817824
62800	46	12804.2192221	5357.70851299	5448.13354007	416.765520449	5791.8968373920325	4483.2866528717	252521.176943	2.93639318226
62695	45	12812.6332211	6369.36278686	6459.79184086	517.452966207	7031.789320959177	5595.283922927945	261157.302892	2.93149586361
63271	53	12813.00439	6603.39639471	6677.84944043	675.124082762	7483.930080457241	5495.609703210973	275170.628861	2.92975388192
62177	41	12813.2341082	6741.73010261	7025.39040078	682.558623834	7344.1377267976595	5444.581224564194	243690.982808	2.93576661179
62333	42	12816.9261382	6118.41066683	6147.01015542	382.467582245	6615.0590609306455	5491.616043570919	248907.181032	2.93419388033
62669	44	12821.4347422	5602.4579574	5646.4179492	505.250720807	6221.23815484932	4712.587381296983	255240.11823	2.93415397191
63095	50	12826.1240461	6059.51474081	6373.33071818	695.255016966	6835.547469892253	4800.292500579454	263237.752162	2.93346875412
63211	52	12827.4257441	6260.75980626	6333.27725306	543.073627269	6888.183454211508	5305.260600894825	261050.043027	2.93657346276
62961	48	12830.4548762	6812.96788239	7135.18720976	726.825688369	7524.086349440775	5495.428874467667	261245.728098	2.93401306571
63354	54	12832.9447892	5531.66106475	5655.53119026	284.330343295	5853.541394554276	5042.9606955567	278137.304663	2.93059855637
63062	49	12839.4767001	5956.12542187	6064.94066393	430.598081924	6366.6598949811105	5228.434529275329	253111.377592	2.93653724266
62844	47	12842.3027351	6008.89775594	6145.44690831	666.165879613	6738.907319680538	4627.5682376964105	261926.455186	2.93452395845
63475	55	12845.2993681	5982.7148433	5960.57579552	374.326651116	6465.1069996905535	5379.962420098695	275606.893645	2.93498092635
63519	56	12849.3930171	5889.75682347	5967.84119511	459.11392769	6451.1644833068085	5207.213880682497	278698.488463	2.933954887
63193	51	12851.2724302	5305.97749358	5428.59545026	520.708484594	5834.43097685043	4216.300668965174	258618.101132	2.93690958346
63619	57	12867.7978251	4960.18314919	5056.08692909	454.249158116	5412.646575324552	4057.816750251021	277503.060146	2.93632991085
63819	58	12920.535712	5271.33543734	5477.92809684	599.143961601	5863.545505857194	4109.105324480982	290048.001784	2.93549224277
63904	61	12923.980818	4916.0866905	5015.34271337	481.343427795	5419.030142012413	3990.6456693340638	291621.622522	2.93678234801
63967	63	12926.3529301	5970.19826421	5959.9165708	330.449969669	6408.403595324069	5534.190356469045	300718.850382	2.93549499568
63880	59	12926.9891322	5202.85337865	5287.15581111	419.975133622	5657.985052915313	4399.76079200753	299853.041173	2.93130076391
63909	62	12945.6920981	5678.22060477	5758.85957124	308.158608346	6020.624293450253	5105.61748846414	302237.750473	2.9310809694
63898	60	12951.7993701	5809.78042675	5847.06536871	331.743922797	6211.12750748742	5088.641911660329	296904.783547	2.93106475438
64000	64	13017.8977611	6374.86131226	6454.66581826	541.931962933	6968.556887686164	5415.835211126301	320214.662426	2.93100196036
92534	71	19130.18472	4570.06582906	4523.70304511	352.757558985	5172.652970926586	4134.767632776456	1290933.81647	3.17679839913
92321	68	19131.5562172	4718.94930884	4644.23126908	314.570177267	5294.171885649895	4369.495505621331	1245012.79258	3.18252245663
92340	69	19139.8873422	4330.75000659	4243.29761235	419.663341766	5076.836661157798	3840.611640885361	1261941.98443	3.18189706298
92445	70	19140.2974131	4134.59042811	4068.59490367	386.963946958	4812.743801447319	3663.475582405815	1252386.38052	3.18281125419
91881	66	19141.7776051	4240.75527371	4146.93984602	413.681077576	4976.446031374563	3763.6490634200904	1237463.75746	3.1781799177
93101	73	19144.2458501	4585.75313909	4485.62302748	407.936839573	5336.43022599337	4130.332429064955	1311112.38192	3.17501083663
91824	65	19148.3936911	4754.70196757	4665.31554048	431.809490852	5559.224700822341	4253.594464493369	1202944.06612	3.18673613815
93005	72	19150.7030802	4097.42108969	4033.21472468	379.148952919	4766.739631239738	3627.4725380850105	1359350.2828	3.16627882954
92249	67	19152.1578472	4060.63296818	3987.23817372	366.284639005	4711.080908000197	3630.786394464704	1246696.96919	3.18278126159
93471	76	19178.888031	4604.88516031	4499.43985985	450.531489184	5435.472303504817	4095.164764749524	1344344.16453	3.17878217248
93241	75	19179.45418	4624.82113708	4550.47410731	354.735290357	5294.34977251131	4222.782529673576	1379251.16066	3.17175190275
93232	74	19182.008774	4519.51530845	4436.84534876	341.028671519	5152.573199742413	4136.600012542187	1321375.35613	3.18175131826
93880	78	19190.988564	4183.79587028	4096.47483806	355.377152615	4816.832143324211	3765.9566215882237	1328584.50904	3.18428099929
94202	81	19198.4814992	4296.75751732	4213.76411155	328.892726664	4923.112899391192	3934.5839049669335	1379682.948	3.18208593721
93679	77	19210.4350111	4270.22842325	4191.82839446	323.426373516	4866.3973148589175	3888.6774639791397	1383335.08225	3.17683892624
93953	79	19221.2051551	4714.30786348	4627.49839969	287.337873385	5266.052428308552	4410.58703174518	1382481.41506	3.18042569329
94302	82	19221.90502	4087.56494555	4035.92469432	250.330288888	4550.533713755833	3791.338655489201	1436202.5637	3.175597642
94123	80	19222.2111931	4559.037191	4470.64808443	354.84772679	5217.763372848235	4163.400733734525	1425542.28447	3.17068380796
94380	84	19224.2335422	4517.22678167	4429.64959523	288.900880402	5057.979839224636	4202.858560613583	1412456.20721	3.18075733644
94317	83	19237.9317002	4778.86337124	4692.56469395	353.006524959	5424.746975943283	4381.413405272581	1458029.89782	3.17700863895
94912	88	19256.146857	4335.29434639	4243.10532027	375.857088029	5000.009468351352	3912.8589537763773	1512536.22613	3.17756429321
94610	85	19260.7042332	4284.04541053	4203.83225986	350.035487921	4948.506421386632	3875.438987233207	1471034.68195	3.173065964
94882	87	19272.9586291	4207.03152346	4139.97625299	357.590465315	4853.695694375185	3777.5492398673928	1429566.32687	3.18800343636
94879	86	19281.1625242	4417.00118765	4344.48987094	389.182316425	5105.880472230462	3945.2338676554505	1488600.47525	3.17853279263
95107	89	19283.5999191	4066.33056132	3997.14640062	399.164629706	4750.860985880826	3584.098647865243	1519019.24152	3.18221097986
95523	90	19342.0181201	4405.52017256	4307.98065162	475.493111133	5241.907060389457	3838.484981348558	1648914.37879	3.17854577829
95827	93	19374.078032	4605.67542394	4512.14345145	382.954478284	5273.459835651658	4145.044012799496	1654545.82943	3.18516668946
95817	92	19375.7470891	3990.32490796	3919.50172925	392.054804299	4677.0561071540005	3520.1336721451507	1670264.65389	3.18146710909
95787	91	19376.0279982	4244.82547	4192.47147655	403.517162032	4930.948252428874	3747.1985540899946	1728775.6718	3.174074364
95833	94	19401.784245	4260.91635438	4175.09292777	319.504949853	4847.782933729797	3895.253030840897	1722120.74244	3.17448604374
95876	95	19416.8860412	4338.92878606	4267.93204655	375.683466097	4999.371750736392	3889.007146834397	1764432.77179	3.17597567907
96000	96	19461.779505	4546.54324081	4468.86107696	337.444394837	5159.705822246313	4168.435868357263	1887433.30208	3.17733904696
122337	99	25456.1269782	3494.33778931	3479.66712197	67.8888000513	3615.2074781096144	3411.5564134143383	4967588.46083	3.2231424334
121856	97	25465.374727	3943.68973346	3925.29178037	71.9015903731	4072.089493971763	3858.6507519517927	4982986.46348	3.2166662195
122099	98	25488.3012121	4296.60915386	4288.05900769	20.721661057	4339.595430295736	4275.552516762536	4868956.17731	3.23008296314
123038	104	25488.9315362	3501.11679254	3491.13569266	55.5305229387	3596.646746599659	3433.2904394154707	4981321.58769	3.23232837527
122361	100	25492.0275781	3675.17435053	3660.19741824	64.926340719	3791.708121865348	3599.521425957577	4935672.71056	3.22673245873
122754	102	25494.627748	3990.42821722	3979.9809924	55.3249678124	4087.2182137848285	3925.022071065914	5108385.84926	3.21267917986
122555	101	25496.1786461	3599.91831226	3588.74962775	60.8877850436	3708.4363318496244	3526.6278947992023	5016649.34342	3.21986825533
123047	105	25496.6422231	3450.15759118	3437.59164653	67.7556647436	3571.4944383077973	3370.3839504793314	5386297.72456	3.19918418734
123967	106	25522.0941701	4025.18473819	4017.6933261	37.3527826186	4098.143035514415	3986.2086924716614	5291088.21531	3.227560374
123976	107	25529.113188	3930.33969658	3916.74326822	64.6749125056	4052.6482461816177	3854.0025585748076	5352983.66055	3.21987298787
124068	108	25552.7631052	4120.09717031	4113.53053868	37.1960433103	4184.776283395565	4073.575506619343	5549812.95604	3.2063974576
125429	112	25566.3035872	4318.38467378	4310.28886327	29.286162719	4379.161872326649	4290.105985371262	5709456.688	3.22225495971
124543	109	25571.7200811	3589.644162	3581.38988487	65.6576563618	3706.1513753194417	3505.1080902332715	5352366.63628	3.22940874431
125511	114	25585.16329	4137.35889954	4132.74948411	25.1473277601	4185.848170158859	4112.075876141702	5704292.37448	3.22505900711
125194	111	25587.257158	3754.34529229	3744.37759503	51.7162051149	3848.733560588027	3693.8346804381526	5691550.51745	3.21679135831
124918	110	25600.8010421	3832.25379896	3825.3813385	39.0061529659	3902.3442065748914	3789.235778405642	5566933.94248	3.2186148859
125556	115	25602.8128831	4077.61097029	4071.91442407	27.6275753416	4131.606988804908	4048.464093805883	5958808.11901	3.20732875402
125451	113	25606.9488471	3706.65979388	3702.36248936	28.9487213968	3763.4517425205727	3673.6176465292924	5811459.44841	3.21781479862
125904	116	25620.778882	4257.72231849	4249.91045385	44.4599850671	4338.695620410632	4204.723564886132	6037291.43162	3.2152087918
122771	103	25628.0322132	4080.44692307	4059.07141532	66.197897909	4202.706677507245	4009.275249752502	4901545.64305	3.23118817496
126153	117	25647.4875121	3794.38417095	3781.33115463	48.460190657	3880.2738711380416	3740.8464205572577	6060824.59468	3.22114759587
126306	118	25652.1289461	3730.61016273	3716.23507127	57.6487899336	3841.2265830327983	3663.1446065438386	6089991.92855	3.21671708957
126475	119	25660.1298461	3621.24114464	3610.14423808	62.0590520306	3729.8282674749644	3544.8386468345684	5896058.17084	3.24004498476
126702	121	25684.3137131	3399.92904216	3392.08981443	76.5808225414	3532.418988640859	3298.1011129260787	6210160.30776	3.22825145078
126653	120	25699.933562	3798.32681776	3789.01894306	55.9104711571	3894.2720520472985	3728.2852529117854	6344040.82086	3.21640840678
127439	122	25774.094877	3650.92958214	3633.02231568	72.0843792803	3781.1456230340063	3568.2257298043664	6844209.08722	3.22126288509
127730	125	25785.7360821	3569.01564605	3554.1716909	73.9000976747	3700.192170766342	3478.2380686905735	7155105.626	3.21329802025
127709	123	25796.7529571	3982.79968361	3971.3424248	70.5466011826	4108.066442302715	3896.59889541598	6754480.78992	3.23195963692
127855	126	25801.5548842	3765.32860298	3750.68615584	41.1191319815	3848.3856872581277	3718.2920289176927	7205623.21667	3.21593594129
127721	124	25805.7191312	3339.18232688	3323.54299326	74.980929876	3464.719846942032	3249.194573675829	6909823.29679	3.2260240786
127912	127	25878.5408201	3732.40636459	3721.52195956	58.67780986	3837.892871158776	3662.051758572671	7399901.40723	3.21541379975
128000	128	25937.0738971	4052.04383544	4043.99119617	45.0893253937	4131.954659343036	3998.6149340638594	7456405.27294	3.22518065652
152496	132	31813.1056201	4290.11535332	4288.85377669	8.72662756285	4305.151769010575	4279.499934637423	15517067.8659	3.18557626168
152481	131	31813.7574742	3339.08093259	3335.01483801	11.3685832868	3357.3642314137055	3326.17053004101	16654415.368	3.14096924985
151442	130	31814.3373621	3829.94809891	3827.38038162	11.8453747915	3852.613179358717	3818.009232239063	15613131.0418	3.16556672466
151017	129	31825.019922	3385.46490302	3383.93538752	12.4037855609	3407.347376741115	3371.037442882672	15229864.6279	3.17294719201
152704	133	31854.34501	3408.84834831	3405.44545297	9.45906769415	3424.8547931575267	3396.4469474814305	15310546.4049	3.19778577721
152862	134	31865.0043492	3911.22014762	3910.06203907	4.59423316091	3922.5874285318428	3905.5686143634275	16123807.602	3.15918121639
152873	135	31872.216398	3571.97375106	3570.06831065	12.2163017252	3588.0530016272355	3555.3097656100977	15655777.2626	3.18503649852
153051	136	31872.5926671	3489.96210759	3486.36618365	11.7561598766	3512.55432427638	3477.518683726283	16037016.1312	3.16956672794
153931	137	31894.6601131	3979.02862606	3979.70924554	3.78797468554	3984.819782724681	3972.5015665875585	16507707.6479	3.1811251189
154308	138	31913.2129941	3822.64460932	3819.20792336	10.7222538868	3844.889962562816	3812.47988351189	16903039.0446	3.1685524374
155703	140	31916.1447752	3478.28398228	3477.30623425	9.62027115604	3496.1134329363044	3468.6122022485365	17144559.1954	3.1818228421
155977	142	31916.1716101	4118.06827895	4118.27010094	6.57278933336	4126.776844009132	4108.80827431966	17746995.8594	3.17899329263
155861	141	31931.3332911	4298.34230765	4297.36474331	6.02613624419	4307.441432609368	4288.925798396975	17590061.4188	3.17965276371
155071	139	31952.3647971	4065.4503319	4064.29138475	3.11411128707	4070.3563255663344	4062.1963744140107	17709131.8459	3.15537976154
156634	145	31956.8771601	4058.57318205	4058.06484404	7.87513594414	4070.2020168414947	4049.7395295810306	18922330.4549	3.15341416998
156580	144	31961.1418731	3784.10281002	3784.58995813	3.29143480824	3788.239878039596	3778.209137892963	18505455.8356	3.15892204352
156327	143	31964.6241632	3679.7050607	3679.13954451	5.70613468263	3688.6319574089175	3671.884086443522	18050162.7445	3.17366951788
156686	146	31968.6919792	3670.46250765	3671.3217022	2.16770261096	3672.9990353506128	3667.1886598736787	18511376.1707	3.17160228442
157715	150	32008.1483681	3638.88569819	3639.58755956	5.91065184692	3648.420925149566	3630.4625309884686	19398852.8708	3.16935477219
157586	149	32023.6256132	3730.97563387	3729.70373956	4.21179372088	3738.778090452966	3726.839038555839	19249023.7642	3.17578098868
157852	151	32029.9311872	3522.09898392	3521.8327784	9.06188561037	3538.5921419879382	3512.239310942018	18517189.0151	3.20782090017
158213	152	32033.0177062	3262.95090428	3260.67406703	13.7998829827	3288.2802491868524	3247.9920042040226	19925685.1182	3.18375016255
157266	148	32033.2819071	3991.49247171	3989.78071015	5.1949584407	4002.479437336744	3985.7432567396595	17993678.2684	3.19008490257
157241	147	32033.7224922	4205.04438555	4203.52006487	4.81040285019	4213.613511268794	4199.584354454494	19385416.2141	3.16431442683
158475	153	32061.8309572	3711.42139833	3710.06733361	6.57559414303	3725.2112537041526	3703.9087525727905	20854592.7596	3.16211833028
159445	155	32157.889569	3441.19140492	3436.27554183	13.808782677	3465.923076799327	3426.645814090265	22662305.7468	3.16168975767
159342	154	32185.3205662	3542.10697375	3537.53296917	12.067576301	3564.8930750127915	3530.5973461352714	22258103.2621	3.1712456666
159616	156	32194.779037	3873.08419696	3871.68621559	8.18348263944	3889.379980331703	3864.695380586893	21681353.9772	3.18792414767
159627	158	32201.2840061	3211.15580688	3208.76552799	12.7990759923	3233.1820729338847	3196.495399766691	22247666.2868	3.17988192813
159620	157	32218.2685471	3702.25000247	3699.95142061	4.55061869182	3711.9118813504247	3698.7699388646492	22540624.9682	3.16855861032
159911	159	32316.833698	3640.50041995	3640.00501961	7.5065788276	3653.876325125101	3631.2590542111184	24120828.1901	3.16541994203
160000	160	32362.3292601	3985.68567247	3985.58797161	2.5675254043	3990.3443659923328	3981.8843118057803	23853822.5385	3.18165467571
181480	161	38025.0876331	3320.37579834	3320.29223979	1.69956464284	3323.7351505846946	3317.8628937399376	43681810.2441	3.03110305229
186061	170	38158.2120121	3465.78704912	3465.72212469	1.45764646084	3467.489815225564	3463.01082194056	44885456.0158	3.0893308003
186086	171	38161.869138	4149.71482804	4149.55608246	10.2196550085	4164.578544805048	4134.523488259933	46362009.1402	3.07881502505
187705	175	38192.718667	3794.42588679	3794.81352343	6.43400738022	3805.2306820224835	3785.797139937324	49269465.506	3.05953628477
187533	174	38200.1497931	4085.09166729	4085.74885946	11.3627977993	4105.340394111663	4067.655212254296	49841089.0374	3.05297144241
187938	177	38218.5790141	3684.67532978	3684.06956822	5.91438098308	3692.014123943442	3674.395244036808	49074666.4261	3.07767569577
181920	162	38243.968513	4325.91407053	4327.19319599	8.9219500475	4337.28250721569	4309.538459911613	40934815.7498	3.09343740979
188805	179	38251.3015022	3638.48903229	3637.86973592	4.22070476629	3645.425480152954	3632.0222088546657	50971975.1521	3.06821990761
182255	163	38251.580337	3818.12606774	3817.66927785	4.35860083386	3826.0946303972582	3810.650689106569	42659515.6221	3.0612969613
189176	180	38269.7317741	3738.12911141	3736.94023965	5.12698634057	3746.682904517328	3731.71166615295	51202630.9085	3.08478047808
182884	164	38274.234061	3366.95856867	3366.78988954	1.17240449078	3368.494075287288	3365.214387278679	42234587.9572	3.07351551681
189327	182	38276.1138442	3242.23040373	3241.98888174	2.36864042926	3246.5762462040784	3239.4503413855023	51531285.4306	3.09547042826
189267	181	38280.9450781	3511.41145441	3511.43556509	1.74105202038	3513.747983050116	3508.666688370493	48982457.614	3.1240792213
189701	184	38303.4923871	3712.14337258	3711.87123428	5.55374775042	3720.3953884353105	3705.142252293257	54958078.5565	3.05671271405
184226	165	38306.6909621	3396.62216931	3397.27923059	2.2944285738	3400.422810380564	3392.5029256464786	41873547.0216	3.1105425446
184719	166	38317.9087372	3922.53570674	3921.94613818	6.60749068416	3931.0815784845354	3912.8334578780928	44462443.3243	3.05689820273
185088	167	38324.0277822	3482.03413783	3481.82865383	2.8834318861	3487.3127001886824	3478.4731312243375	44550978.2191	3.06693553177
189331	183	38338.9301081	3996.12900104	3994.82730148	4.84095081709	4005.627585302494	3989.59894821695	50090549.0544	3.10239403497
185854	169	38338.9414961	3998.0450111	4000.33063013	9.13534592216	4009.731836561406	3984.2399282390925	45450963.0227	3.07960895668
185113	168	38360.4140551	3556.32528273	3555.89269013	2.36334222766	3561.874885920214	3554.05796326591	43488510.0432	3.09573798839
186590	172	38367.0989332	3818.21835511	3818.78855688	3.36848533763	3822.875767197866	3812.3006382891954	46979373.8785	3.07017131271
187449	173	38399.5449212	4320.32914377	4318.2258816	9.23918246087	4334.882671004729	4308.60447470483	47389317.8379	3.08845412209
187888	176	38414.2511611	4071.75392148	4072.34128862	5.52272053174	4079.0782606393977	4062.5884853841967	49574793.8387	3.05221015571
188241	178	38420.137871	3678.06616276	3678.09904708	3.79476597658	3683.3498649200833	3670.6243801100322	49030748.3212	3.08021618499
190893	186	38441.1346281	3423.73844994	3423.93849183	2.75061906913	3427.8105910771105	3420.1252464163626	58605485.9547	3.06532218953
191299	187	38492.856729	3873.57272367	3872.99916586	3.77573874935	3878.2471254775387	3867.850009759137	57016757.4105	3.09840561307
189753	185	38521.939815	4224.04610603	4222.96526929	8.08375367775	4235.963025510271	4214.1180536275	53545945.1788	3.06887278449
192000	192	38662.8262622	3995.49953323	3994.87693657	6.81523744871	4004.404994350751	3983.7227511319984	62252383.4849	3.09405845638
191442	188	38698.4328542	3532.95915766	3532.34590534	2.69782522706	3537.6731221573273	3529.1721538078737	59906784.9885	3.07186821027
191571	189	38706.108047	3190.01158102	3189.52471549	1.61837775031	3192.07885520182	3187.576062531852	59179412.9946	3.0839386207
191626	190	38731.887619	3710.49003172	3710.61510073	5.42226292796	3720.9462263413025	3704.855421143771	60023004.2725	3.07424359033
191972	191	38803.017354	3632.72691927	3632.2167889	3.47936368173	3639.6072721301293	3626.7798436545195	64334854.1715	3.06193756467
206390	193	44405.361253	3325.35557994	3325.07548425	3.10756504096	3330.191377345764	3320.645038682613	96701474.4253	2.88825567399
212480	195	44442.7585001	4174.33602995	4174.69613103	6.58409173612	4185.35890729514	4165.281614582643	101866636.118	2.95123213325
212465	194	44448.0878642	3467.70374812	3467.93008006	2.51777100943	3471.581155432016	3463.01349013766	98529472.3411	2.9606473405
214155	196	44490.6750791	3815.76181082	3816.36609186	5.66779522965	3822.1685865101604	3804.569258226538	105684222.362	2.93362938726
214647	197	44499.6032121	4115.30221738	4116.82730817	8.16452358722	4127.63202134632	4102.7717687242275	107861372.441	2.92479807848
215368	198	44525.0348752	3701.10972742	3701.77398056	5.40921179833	3708.834676284132	3692.2220223826876	107233524.881	2.94380556621
216889	201	44551.791532	3650.92979988	3650.65978756	3.62495185538	3656.7875399345808	3645.4497928170126	110742100.861	2.92342632368
217790	204	44572.4743671	3242.98663571	3242.77841684	2.19122444887	3245.654786901332	3239.175833152415	110927286.677	2.97171223265
217403	202	44574.4404051	3752.6832107	3752.66290725	4.18751079958	3759.3983891241564	3744.4549327660675	110670903.355	2.96260244541
217919	205	44578.0772932	3514.60531359	3515.38268253	2.13299273203	3516.929194510693	3511.5073379251708	106110592.153	3.00733023683
218527	206	44615.9273012	3726.71506022	3726.04697984	4.11734421317	3734.3191828066033	3720.9850333412883	117939874.491	2.9183494229
216248	199	44627.791471	4352.52445631	4353.19710142	6.62295668722	4364.144656089716	4344.346712701028	103452600.575	2.96668507034
216530	200	44638.7798772	3826.03728217	3827.11458075	4.42749637929	3831.435940222423	3817.3106775344195	108457744.039	2.92114333603
218825	207	44654.216876	3401.50336513	3401.69258852	2.55391392198	3404.841007330933	3397.368500361656	107733826.349	2.99124914173
217621	203	44691.6744661	3372.56687642	3372.98735191	2.47651074478	3375.8442775031067	3367.947990281206	108979689.276	2.93587067702
219602	211	44709.7590432	4014.9219186	4014.71485533	5.53942845503	4023.065692619592	4006.355156000621	113614009.102	2.97946843664
218918	208	44728.1659451	3943.52968559	3942.88980381	5.96130548158	3952.1915912421173	3933.3679891326096	114221077.463	2.91580326829
219170	209	44746.1034691	3490.56147558	3489.08416245	3.39194126348	3495.4495603301716	3486.616826856586	113417118.888	2.92510232914
219490	210	44749.5274301	4021.84279534	4020.64534013	4.96529434928	4030.568737440635	4015.1863579344504	114673057.337	2.94098301173
220101	212	44768.6715722	3565.76880363	3566.12501507	2.14844274953	3568.9934020146134	3562.2321617834627	113808539.536	2.97020877487
220179	213	44786.2299132	3827.5715624	3827.206607	3.53894878549	3831.7086761553446	3822.2701825804593	119631978.621	2.93273524617
221373	217	44791.1256151	3425.35645042	3425.37673879	1.70704542984	3427.987900428857	3423.4457243858647	127800815.639	2.9342594839
220823	214	44818.8403442	4352.773782	4354.848842	7.06086628081	4360.701622915539	4339.036755955014	119664304.429	2.96176442424
221053	215	44835.7179401	4088.23911333	4088.77720986	4.02211614888	4095.039840973229	4081.5183392895365	124655045.316	2.91312199275
221967	218	44839.6730461	3884.22951861	3883.39034579	3.38227271304	3889.9300243634893	3880.497501341727	127165033.01	2.96345807154
221121	216	44854.7770731	3691.90258654	3692.37926528	4.00583018094	3696.9709229584423	3686.0445103511024	121768603.224	2.94343570022
222352	219	44978.9631412	4247.6885181	4248.53486398	7.67297779299	4258.768647425754	4234.616975318476	133344708.927	2.93186066268
223425	220	45040.844918	4013.9635513	4013.46392847	3.60731109024	4019.864232249465	4008.416870552657	137659763.193	2.97268012403
223732	221	45173.6592791	3542.39699159	3542.36001015	3.12493623155	3548.669815622459	3537.058623845055	143501268.046	2.93295739648
223788	222	45187.4094381	3192.98234895	3192.94194018	2.0297845647	3196.2966502549507	3190.2606237505547	140822311.744	2.95136353093
223880	223	45220.2822242	3726.05263879	3725.4108226	4.30596558257	3733.5651936475574	3718.048500975491	143000843.136	2.93976707828
224000	224	45227.812242	3642.3876686	3642.82103122	3.22338453878	3646.7491854581967	3635.19184929704	149484686.314	2.92094641903
238714	225	50681.0214741	3332.1439104	3331.86393711	2.86790635843	3336.198809236384	3327.872483602233	210121186.178	2.72386131005
240311	226	50725.3049221	4191.19628131	4191.03895354	4.72880548527	4197.406682987681	4184.024935396152	207760447.684	2.79731531939
240674	227	50742.7654021	3473.05628125	3472.19679453	2.20714790829	3477.61873241601	3470.5625972323564	203101308.701	2.8034442862
242642	229	50779.3336632	4134.93130392	4134.19592508	4.98137635799	4143.329162955326	4126.871523975296	220741842.068	2.75781092478
242373	228	50791.16611	3829.86504698	3831.23455794	4.85164762728	3835.0568020446667	3821.198124376854	215789175.78	2.77634578195
243707	230	50814.1244261	3713.95110725	3715.08478554	3.57786386263	3717.6783186709176	3707.087453267292	220139075.049	2.78311724853
244622	231	50860.2973711	3662.38350376	3661.97954967	4.43402293534	3669.2591709737194	3655.802521215763	225586937.357	2.75029547916
245425	232	50868.9079702	3248.01764515	3247.98004257	1.44010792894	3250.0216477368117	3245.604296850794	223081704.25	2.8184795327
245571	234	50891.6777701	3520.37699767	3520.40435144	3.09867319678	3523.895309993077	3513.844976236586	214412676.971	2.85789245387
245518	233	50894.1857281	3763.90151822	3763.76467927	3.6084575228	3771.6826408854886	3759.3331588067645	224159382.205	2.81590350208
246797	235	50940.0114841	3739.50770572	3739.43398469	3.40691160749	3745.9172873664056	3734.404912026895	237857900.393	2.75776915759
247741	236	51016.1511071	4373.86410991	4373.61837688	7.26338355713	4383.79678163285	4364.2490231154015	227031417.116	2.81448558795
248312	237	51020.3214812	3834.71161897	3835.37113758	2.88066778478	3837.6361274622936	3829.7099202533723	239462591.028	2.76023328208
249826	239	51064.6660411	4032.19933529	4031.97402676	6.0691393246	4041.9056158301073	4022.361327664706	237389708.198	2.82976136493
248753	238	51092.6777031	3406.4824055	3406.32794847	2.03937717758	3410.700482271913	3403.9729862566664	228683221.693	2.85560338803
251482	243	51120.6531162	4035.40460324	4035.21336318	3.83759031472	4040.257175240902	4029.2379547955024	251358730.34	2.7796044351
250766	241	51133.8470001	3959.8273269	3960.33069936	5.93897289935	3967.456915147642	3950.4246810262734	251392279.714	2.75262995563
251765	244	51135.4104331	3430.96783785	3431.09576836	2.00734021221	3434.706038831037	3428.4282545762894	261327904.074	2.7708951021
249974	240	51137.6710691	3377.51744495	3377.21271476	1.60431457531	3380.3200192050467	3375.2156077852283	243044859.555	2.76982226245
251292	242	51162.4070292	3499.12987066	3498.83023286	2.06946525167	3502.9884097230106	3496.8451529897716	250239501.652	2.76190973081
251810	245	51186.0266771	3571.44317086	3571.99530022	2.9767751746	3575.991694370612	3565.8150676654323	247975317.422	2.81628179664
252791	248	51186.7339461	3894.58323901	3895.77204486	4.93044570716	3900.994451607427	3886.0826675702424	259161902.325	2.8062850568
252223	246	51212.6054332	3838.42371327	3839.06854585	3.82478654339	3844.7433786618044	3831.69516368706	262649942.216	2.7689755464
252747	247	51242.722759	4373.89851529	4373.49023038	7.10800581389	4383.821046303248	4362.8441665267665	259136625.779	2.80949045009
252949	249	51243.173079	4097.63409273	4096.27495475	4.72360312787	4103.853646005526	4090.7563522523565	269845899.96	2.7517514268
253150	250	51302.6944382	3702.37051772	3703.30496857	3.48578718734	3706.6242054623403	3696.632680980007	264055469.852	2.78419682018
254413	251	51429.2915421	4264.71799987	4265.87282005	5.18334378885	4272.10002402024	4254.923255223834	286829078.854	2.76719332556
255005	252	51530.3417141	4025.1809264	4025.97542992	4.82241853384	4032.0346181644863	4016.861172061233	280567922.892	2.825075744
255971	255	51628.3484411	3651.16708578	3650.57382146	4.0131781551	3657.752660110711	3643.6094976520567	307083927.922	2.75953185974
255833	253	51649.4400761	3549.38653149	3549.34144008	2.77317120315	3553.4740153207754	3545.0393415413528	300506022.236	2.7786341659
256000	256	51669.6998751	3738.24524346	3739.12677957	3.19195964652	3742.5059627837327	3732.5013203260305	298849737.257	2.78229874465
255926	254	51670.9550521	3197.20989702	3197.62013193	1.92558774499	3200.3098657392934	3193.81660809138	295896308.501	2.79041772569
267612	257	56994.7226741	3336.62367029	3336.29412289	1.65294881898	3340.3274471380482	3334.6807257314167	410657954.401	2.55219565131
269362	258	57011.4970801	4202.34624137	4201.95870923	3.64962973993	4207.548333309604	4197.627343353729	400060488.511	2.62373219575
270076	259	57059.833503	3477.41519067	3476.74909687	1.63471723066	3481.121657521859	3475.392635681538	393748285.578	2.62680277405
271475	260	57066.7707281	4147.88065391	4148.73578388	3.57118970137	4153.540498497951	4143.138818561793	421902850.355	2.57872707962
271941	261	57092.6974282	3837.92261564	3838.09383141	3.41776510153	3843.3113675609734	3833.0593125028627	415805528.98	2.60188171728
272842	262	57124.4126282	3723.14396527	3722.69490636	2.79159335959	3727.2358853907617	3719.0479400386193	421375733.532	2.60350462769
274446	263	57154.6335292	3672.61069192	3672.3665198	2.98226892445	3677.1685437113474	3666.104527687414	434103099.287	2.56989819145
274608	264	57190.8841722	3252.0491378	3251.81598514	1.47951992674	3254.350040095804	3249.7610588579105	424843499.143	2.64353765137
275369	265	57198.5813601	3524.34365373	3524.0018898	3.25077175298	3529.5897257651673	3519.938539579846	408900928.935	2.69539220236
275503	266	57218.3524282	3769.89725734	3769.90003228	2.49428354603	3775.453852028457	3766.3076783080146	430319080.468	2.64398233616
276767	267	57262.6217492	3748.08753439	3748.32545818	2.82961851128	3752.2388606764503	3743.1820207673104	452403658.998	2.58064971707
281725	272	57396.7529821	4044.87061513	4044.32018295	2.64733149862	4049.313109011158	4042.010734053846	486190214.809	2.6064835291
279035	268	57413.4383461	4390.91268384	4392.07507854	4.25730217741	4396.027102668654	4384.2053106625335	448935815.894	2.64421580327
279100	269	57426.2438622	3841.68566255	3841.32488097	2.523020296	3845.8631820789114	3837.6619069417366	468164667.25	2.58404478719
280234	270	57434.0273452	4042.31850787	4042.94063663	4.1268050692	4048.1219755917127	4035.0635013853916	456508641.917	2.66475101298
282215	273	57482.1619022	3436.07498983	3435.89292012	2.07976417191	3439.1581371726083	3433.7331250470747	495934725.098	2.59905347846
281157	271	57506.5252461	3412.18492371	3412.03043266	1.52302236921	3414.1660092357874	3410.017868066829	455713624.317	2.70031395507
283230	277	57519.8131881	3901.4808141	3901.98755152	3.6560847257	3906.80271609075	3895.2968800819517	490221817.761	2.62589029208
282495	275	57537.6091771	3381.18504356	3381.33516836	1.93832364539	3385.2837759897566	3377.7179728977976	488455924.136	2.58800809196
283820	279	57560.338253	3845.79401148	3846.32788698	2.67199217429	3849.104472819883	3841.395961451443	513337066.9	2.5930824058
282294	274	57562.6970532	3972.03213932	3972.63178411	3.42502634219	3977.476847627086	3966.496593140334	494818197.664	2.57358807368
282944	276	57583.5634012	3504.16728755	3503.33700013	2.82774323845	3510.6815748778176	3501.0957828191918	492998561.591	2.58041799845
283327	278	57593.9025502	3579.38578524	3580.24107393	2.77049137443	3582.3181274305457	3574.557022781291	485774811.935	2.64384434991
284290	280	57638.4255261	4388.54410955	4387.91264076	4.4875026441	4398.735005640049	4384.186853181574	506450366.257	2.63378535918
284323	281	57666.8598981	4107.13730278	4106.43635118	3.82019606437	4113.198954892296	4101.420836616359	521987547.081	2.57932394564
284978	282	57728.7230141	3709.44807997	3709.84567561	2.73558486258	3714.4168991890656	3703.9845303506845	516204830.142	2.61281823641
286316	283	57853.507925	4276.10098239	4275.95527078	1.20589855534	4278.650376919377	4274.896075395702	555029799.2	2.57974662657
287194	284	58023.2055962	4031.95759724	4032.21696073	2.91918328192	4038.2794392458286	4027.9686945042395	538625716.575	2.65665114418
287833	285	58111.4320192	3657.42896048	3657.79388434	2.16866047344	3660.317285158874	3654.2907560097347	576300791.71	2.58891318019
287925	286	58115.78408	3556.54863428	3556.78829234	1.79896574596	3559.1385253934664	3553.5259179120576	571631173.185	2.61535593064
287998	287	58124.8990571	3745.62619765	3746.34052367	3.12457542053	3749.9924963714375	3740.989222540942	567963783.149	2.61078375697
288000	288	58128.877851	3201.13024558	3201.04080508	1.75026728604	3204.261868251401	3198.7470348113034	565090278.708	2.60982964904
298546	290	63211.9138672	4209.09720636	4208.34340567	2.56599759159	4214.438624430666	4205.959648034089	724362639.311	2.44219413836
298374	289	63226.2703211	3339.58242289	3338.83250123	1.66968909532	3342.736322965503	3338.4096151932195	751902112.328	2.36279128204
300404	291	63287.7262712	3479.92777397	3480.1537578	1.48436124595	3481.771693306493	3477.5231700857757	719971437.366	2.43373081339
300528	292	63298.4411051	4155.47089324	4155.57642547	2.75117986929	4160.658140322084	4151.884655004889	758529234.216	2.38675086346
301423	293	63330.1761272	3843.15067557	3842.479361	2.7769037813	3849.722138344107	3840.564766618316	751024051.732	2.41329201714
302521	294	63376.645956	3728.19563868	3728.66880825	2.36842253586	3732.2522951148103	3724.865622736131	757357326.121	2.41680038857
303679	295	63387.0581701	3677.92024961	3678.15098188	1.76367231268	3680.6168241920204	3674.914870343994	777712775.216	2.38106758311
304752	296	63428.3787701	3254.20932082	3254.64569506	2.19315703683	3257.144711634119	3250.303896523174	764824451.013	2.45650685596
305044	297	63431.692548	3527.1513312	3527.25815236	1.20667933696	3528.7870396276858	3524.983772588178	733163732.072	2.51638771529
305693	298	63461.3690121	3773.8064759	3773.40323551	2.92575694597	3780.140596065447	3769.2894699250364	776502947.947	2.458679862
306874	299	63519.0627582	3755.05752592	3754.35302588	2.54099351258	3758.2370608610654	3752.0480641094277	812896462.589	2.38587543376
310466	300	63601.7911532	4050.89526633	4050.11199007	2.99381111767	4054.6434264428062	4046.8418623711564	849191141.347	2.426455038
311370	302	63743.307162	4047.26479364	4047.88653681	4.22340857572	4054.2532899324037	4039.0487562497024	822690058.894	2.48708961148
312455	304	63743.9510131	3438.18447881	3437.94545718	1.82679201074	3441.8041304507456	3435.9238265169674	878650984.812	2.4118347443
313194	306	63781.7227442	3904.971617	3904.90838156	1.89049785309	3908.9903551531925	3901.8066308030784	867214181.874	2.43555244478
311093	301	63832.349323	4399.40995897	4398.95252461	4.12549440366	4409.486307955406	4394.798002009425	824630299.602	2.46349686603
311392	303	63885.1351531	3845.67248514	3845.43914077	2.17488096328	3848.993818685954	3842.925419973711	861257895.959	2.39205733984
313180	305	63965.257421	3415.01905027	3414.96145817	1.55915916951	3417.720864663618	3412.6431234117917	837023644.716	2.51642985969
314285	309	64001.431365	3978.18181591	3979.11806499	2.97690486398	3981.2796364519536	3971.7139346757162	904509317.675	2.38671443779
314237	308	64010.3829811	3851.12177609	3850.69337702	2.23623597604	3856.4188553591116	3848.3084220850415	911150524.032	2.41030105345
313708	307	64011.5572011	3384.10085627	3384.74698808	1.76106872461	3386.3582073389725	3381.677498716491	887617218.758	2.39939709754
314870	311	64031.0468991	3582.51076222	3581.8927833	2.11640870466	3585.8021313824447	3580.1844428271143	879599277.138	2.45602348109
314734	310	64051.5200961	3506.49498609	3506.82987547	2.54585818635	3510.8438818636537	3501.2967791695783	897102065.901	2.39482067222
315575	312	64105.755969	4395.44604033	4395.99964445	2.19788431576	4397.7708528767525	4389.996188099959	910977264.169	2.44528250334
315914	313	64112.4864442	4113.18950526	4113.23832766	2.44874462736	4116.47250641966	4109.605163463801	938461003.12	2.39852543872
316670	314	64206.5767941	3712.64017993	3713.37913876	2.24176048267	3715.1833353246934	3708.105379069538	931407760.551	2.43345433739
317931	315	64343.300745	4280.23848278	4280.46366895	3.00542519206	4285.81384299607	4276.019466541485	987972823.439	2.37744525582
319374	316	64559.516489	4038.52629792	4039.01079842	2.31202172696	4041.9186280646213	4034.7853589483616	960695142.137	2.4798010253
320000	320	64625.4098361	3203.11825769	3202.85422193	1.88786497887	3205.9733210261197	3199.5189274046897	1000310388.88	2.41411329795
319957	318	64628.4136031	3660.47162625	3660.35217333	1.85636047621	3664.252648655884	3658.283105603468	1018427622.03	2.40167912622
319949	317	64634.8934062	3561.38800747	3561.91012847	2.74479761244	3564.926805480415	3555.270705009585	1009251645.75	2.43166610638
319999	319	64656.3883791	3751.14405386	3751.83837895	2.52215178801	3753.8994416014866	3747.1656838158056	1002381528.21	2.43296727037
329090	322	69537.1793642	3340.90391846	3341.38231053	2.61010460025	3344.20377447162	3337.4266288354634	1290520041.32	2.17054676483
328956	321	69542.4897792	4213.4042903	4213.69998532	2.39051648966	4216.543773996848	4208.623460368323	1239153631.09	2.24908391845
330484	323	69594.7345932	3482.18406498	3481.61793748	2.43205012821	3485.7186795897264	3479.311211250031	1237279195.1	2.23384805349
330780	324	69642.7046611	4160.01490864	4160.14643819	4.09770985407	4167.247604214298	4153.717705287585	1297707235.24	2.19015254538
331458	325	69658.432126	3845.45916027	3846.19038425	2.60522951439	3848.164265272186	3840.6653837683275	1283715860.67	2.217809423
332382	326	69696.113888	3731.41981846	3730.58386468	2.94158149118	3736.3978313423813	3728.3390362604064	1292027329.27	2.22554164127
332647	327	69707.1811411	3679.63989605	3680.34982618	1.85337257935	3681.1259495698323	3675.3825902324675	1316266930.25	2.18963122157
333559	329	69756.706022	3528.01093945	3528.15173353	1.19512198567	3530.220594958137	3526.026727322266	1241890588.01	2.32704477398
333500	328	69766.3024831	3255.20326881	3255.35706375	1.83712999828	3258.0619712576467	3251.353046606596	1294468678.97	2.26206903448
334191	330	69794.7073941	3777.20999178	3777.61144297	1.7763530761	3779.586305522805	3774.038367495668	1313866190.12	2.25685051736
335438	331	69839.9660592	3755.89565317	3756.469932	1.8513361614	3758.3350122192505	3752.2552790749482	1370498715.92	2.18180939658
337209	332	69914.5586302	4053.70698667	4053.82409591	2.49681843987	4057.8780167555956	4048.4266639271373	1386322931.53	2.24050237701
340744	334	70119.1620512	4051.9149861	4051.1601741	3.28544324496	4057.0687952684	4047.5292538306708	1377529303.12	2.29963890575
340634	333	70134.9832301	3439.9480881	3439.91888388	1.64222574448	3441.869793790473	3438.071942469388	1443459423.68	2.21523276254
341476	335	70146.545397	3909.33450944	3909.47538325	2.20051683104	3912.941390653426	3906.292413040465	1428579978.31	2.23626835921
342672	336	70194.550662	4404.77315205	4404.92675639	3.71457405379	4410.609253360915	4399.718345092919	1417619966.82	2.27331397275
343592	337	70214.2906032	3848.455422	3848.29934256	2.19443101067	3851.9412502173186	3845.3082332346326	1490848659.21	2.1932652974
345398	339	70317.8235612	3983.48503711	3983.23516084	2.28289183424	3988.4046962050943	3980.8684310903054	1533838259.07	2.20057300142
345831	341	70323.3295801	3385.72172779	3386.12680156	1.95633296178	3388.0919980339722	3382.6106401613433	1522580276.45	2.20746853516
345976	342	70356.025876	3583.96641627	3584.18057086	1.47571999403	3585.9675653267336	3580.8884607597206	1488376810.62	2.26769482048
345730	340	70372.887536	3853.32707559	3853.46606341	1.60493194208	3855.144784342294	3850.1978444024794	1543905351.39	2.21860363104
345095	338	70378.0432	3416.0573828	3416.23741727	1.55432838985	3418.4217303983455	3413.653382725471	1439830566.31	2.32334713553
346295	343	70410.7408602	3510.22831032	3510.16350745	2.18826790933	3513.651494412591	3507.2299524849464	1525678704.56	2.20816026953
347163	345	70458.7401252	4115.79928599	4115.71982372	1.89043966431	4119.201839914786	4112.524654426905	1575178854.23	2.20511075595
347101	344	70470.9272401	4400.74109091	4400.12343241	2.26033070188	4405.845371302982	4398.186197125637	1542421993.69	2.2426834723
348269	346	70564.0602791	3716.17908233	3716.3867543	1.54607411222	3718.051898042025	3713.224799259555	1571380337.65	2.24164963224
349637	347	70701.3561602	4283.74144075	4283.95086288	2.62946078053	4287.135122780579	4279.475453250282	1650823152.75	2.18227218445
351498	348	70956.015902	4038.93912413	4039.16370453	1.87239219124	4042.1063925608664	4036.0322591260137	1608386738.92	2.29836024541
351913	349	70993.4846351	3205.75948865	3205.96851592	1.56368522743	3207.7081161151627	3202.9710174587767	1663058760.51	2.22369322573
351975	351	71014.3644462	3563.32157761	3563.22876703	1.77545156739	3566.6851590086635	3561.0383571983652	1677209383.51	2.24214960961
351956	350	71029.6229711	3663.00710843	3663.25234484	1.44823593381	3664.9725639257895	3660.1898525235424	1692987335.31	2.21134733285
352000	352	71054.499104	3754.32209751	3754.46699866	1.6839594917	3756.0938045255843	3752.1554802742107	1670293678.68	2.24204361843
360468	353	75876.9257751	3341.9393707	3341.7427617	1.80740392032	3345.4617141059607	3339.437725172826	2098368838.33	1.98108011882
361827	355	75887.3101861	3482.6137676	3482.49752102	1.40684394657	3484.7878450799894	3480.7799373751486	2013198822.66	2.03996927139
360609	354	75899.5132461	4216.49483512	4216.46987595	3.02431183745	4222.195893700263	4212.2764200167485	2019176014.12	2.05914593764
362983	356	75956.3610601	4163.55008068	4162.64282507	2.32280263346	4167.625126614828	4161.113523844617	2117630868.61	2.00273416424
363255	357	75961.3957772	3847.4286164	3847.45342321	2.35149177603	3850.902495377336	3843.3179429202396	2089245386.27	2.02459047948
365113	360	76046.6250622	3530.76396882	3530.57503859	1.75483943496	3533.67948101095	3528.5075294932685	2016608744.6	2.13774139304
364281	359	76047.2065232	3681.01195841	3681.48675569	1.5700008579	3683.123951167691	3678.305475117156	2131359636.58	2.00612020534
363842	358	76050.776273	3733.21407988	3733.28746387	2.49192521839	3736.170741492613	3727.5529288568337	2092463450.77	2.03466535846
365287	361	76086.4651022	3256.91523177	3257.42546804	1.69049802725	3258.6127167669674	3254.252892452491	2098931513.5	2.07560719108
365882	362	76095.0902512	3778.91144932	3779.52535729	1.83440254888	3781.5329071588367	3775.1364080771127	2126353404.74	2.06901415305
366902	363	76167.1475861	3758.8649481	3758.20705896	2.62876381763	3763.475444878897	3754.6454640944	2207777374.21	1.98836747551
368560	364	76244.3108232	4054.56295617	4055.1733829	2.85413408684	4057.75831560506	4049.1218740513705	2210287017.2	2.0543756018
373331	365	76468.026545	4053.31952864	4054.30122824	2.41148240453	4055.7426231334944	4048.804669078844	2221931431.19	2.11009056738
373974	367	76478.9057932	3911.15849282	3911.15512625	2.18568307093	3914.16327320853	3908.277325270601	2295940257.82	2.03953698804
373713	366	76486.1566672	3441.40023073	3441.26455553	1.99710390452	3445.8748431404797	3438.9549476168745	2330536105.23	2.02241630457
375236	369	76529.9420192	3849.89045108	3849.51696513	1.22938882609	3851.6014611576543	3847.7561816581365	2397881349.18	1.99848648222
376844	370	76586.6815031	3984.17122059	3983.71220503	1.81383562158	3987.12417178735	3981.671520212232	2444348413.96	2.01587270529
374866	368	76589.6266391	4406.50318272	4405.95399871	3.21311811186	4411.836401187084	4401.123216447304	2291447350.85	2.08405252051
377089	371	76683.4299891	3386.56268822	3386.42600482	1.32823083039	3388.750747155172	3384.782162698695	2428831562.2	2.02264884097
377496	372	76710.520045	3585.50440779	3585.19144294	1.73123083588	3589.153112329853	3582.764941370756	2372223771.35	2.08240851045
377690	373	76751.4225481	3856.92568828	3857.30217194	2.40028710488	3860.145517387789	3851.9308138904526	2471032939.55	2.03292966627
378133	375	76780.2465112	3511.20221668	3511.16928935	2.50285881691	3515.4677122790154	3507.308230960002	2445014139.1	2.02229757744
377894	374	76815.0352151	3417.57859637	3417.52314759	1.26243042002	3419.7435146921375	3415.74339389942	2340001871.71	2.13219734893
378671	376	76826.6500762	4117.994907	4117.96763599	2.46267939911	4121.268023384716	4113.13017501075	2505558739.88	2.02365236983
378929	377	76899.11079	4403.67741737	4404.2866054	2.08440074471	4406.456789526601	4398.799713088782	2470980289.58	2.04998339149
379979	378	76946.130759	3717.64452454	3716.81671325	2.16043893481	3721.687179806332	3714.664011662669	2505943204.77	2.05317786135
381400	379	77104.565973	4288.19367866	4288.49031875	2.14963288493	4290.895581033837	4283.674901747377	2618927906.94	1.9947389772
383582	380	77379.9308531	4040.43955137	4040.28397903	2.10644986755	4043.065012376425	4037.240698089384	2559521354.91	2.11173927368
383833	381	77389.4901831	3206.47978973	3205.79226809	1.46119080574	3208.5726800998505	3204.5388558134587	2630763292.84	2.03619281857
383989	383	77411.0519502	3756.63217049	3757.25806319	1.60707816411	3758.669898526875	3753.7938356014283	2647420247.76	2.05012630186
383925	382	77421.1863031	3563.52268344	3562.95128512	2.07732147674	3567.009492293691	3561.080821824877	2648638220.24	2.05591398737
384000	384	77496.479413	3664.97437354	3664.35054375	1.52250591436	3667.3811401937282	3662.7258883792356	2686113704.31	2.02367980667
393152	386	82196.9272521	3484.51482394	3484.40365297	2.0995336606	3489.436818675047	3481.5416705342423	3126708970.72	1.85676354177
392945	385	82235.5685332	3343.63645617	3343.29136487	1.40131486679	3345.995996984094	3342.019517212273	3274065555.92	1.79431401111
393374	387	82247.548789	4218.28475056	4218.84809191	3.16047359083	4222.189711598029	4211.0562646940125	3161695243.65	1.87795416487
394721	389	82255.1686611	3849.51162647	3849.35992986	2.21405703301	3854.1773173093375	3846.1512659537334	3239818671.97	1.84614294555
394691	388	82284.7930491	4164.45325564	4164.12660873	3.65350320172	4172.069302594043	4159.077440578981	3285669527.6	1.82498385468
396388	391	82340.6760421	3735.84929646	3736.80618839	2.69852502442	3738.8313033609747	3731.0801181278293	3258018640.2	1.86280816739
396390	392	82343.3216541	3531.02376663	3531.31886887	2.09543903643	3534.079501232332	3526.988059344159	3117549931.81	1.95789870687
396338	390	82362.0572302	3683.29948274	3683.51537784	1.28743225365	3685.5473064784005	3681.4579668777537	3308882109.92	1.82874920365
397183	394	82400.7483642	3780.00612569	3779.83551593	2.30313317155	3784.6152159288645	3776.7483849303926	3278481915.54	1.89105926274
397133	393	82460.5704212	3258.72534601	3258.81920753	1.59932733956	3260.6480451391512	3255.993542674125	3260390465.68	1.89281881953
398346	395	82483.282109	3760.35818581	3759.74714408	2.30087577669	3766.0625682634845	3758.1090268734065	3410164487.37	1.81261024139
399836	396	82564.4496641	4058.52896419	4058.68414877	3.17351039704	4064.3309551546936	4054.8169837021737	3405262194.97	1.87645205289
406022	400	82806.667464	3850.65622185	3850.18568271	1.6316705198	3854.0982347488084	3849.0505547784956	3664297387.1	1.81564003804
404835	397	82815.0638292	4054.56477304	4054.70066899	2.66847934429	4059.186305269481	4049.592564804696	3423532629.24	1.92797731913
405153	398	82824.1625531	3912.88877561	3913.40851203	2.77054519059	3915.9132529036574	3906.952994743641	3523140949.39	1.85894484019
405279	399	82825.9881952	3442.56072316	3442.48578272	1.2029113681	3443.99218273876	3440.7277736898277	3584236435.97	1.83747484363
407011	401	82874.4791832	3985.14491087	3985.68737806	1.52096138521	3986.2937475343438	3981.7297665764067	3690807926.03	1.83838975605
407300	402	82973.0054421	4409.55104996	4409.6004432	2.48215648762	4415.491747628438	4406.909534135053	3552913709.55	1.90591398772
408970	404	83046.872591	3586.74917199	3586.62953161	2.30054635819	3591.1819236019646	3583.062188220619	3627235659.15	1.90279824052
408634	403	83046.879534	3388.60851858	3387.83935134	2.61029408388	3394.070413163304	3386.047996147719	3713846785.1	1.8438020716
409495	405	83147.3067842	3856.92729739	3856.31572188	2.04910034089	3860.2272904231068	3854.148521939187	3785068155.05	1.85566458449
409807	406	83151.3038261	3512.5879717	3513.27237873	2.08144002356	3515.624158754069	3509.21282446876	3748314268.04	1.84325467397
410282	408	83195.2573211	4119.27712569	4119.37248017	2.6951546738	4124.053545114332	4115.1607512431	3820793472.38	1.85062429973
410182	407	83233.1775022	3418.23519572	3418.46059055	1.17805852227	3420.025045288677	3416.5362877757466	3627796492.07	1.94228051465
411179	409	83330.2245631	4404.67439661	4404.3435577	3.21268679022	4410.270371490369	4400.988416682493	3796781847.43	1.87047242091
411766	410	83330.5525112	3718.733141	3718.19658472	1.98549976033	3721.817760757413	3716.186875953896	3827737349.24	1.87517782391
413285	411	83502.3265462	4289.72941354	4290.12867504	2.72707116113	4293.48383468424	4283.631181312082	3987761096.14	1.81791886809
415728	413	83760.9742141	3207.0325946	3207.11872764	1.38937352536	3209.169949736494	3204.0528294238043	3993487845.76	1.85839894774
415836	414	83788.7022421	3757.34631226	3757.07725937	1.22035847647	3759.7379125521193	3756.0309619807726	4018347031.69	1.86099975474
415863	415	83822.268661	3565.94844688	3565.47286083	1.31009584254	3567.912654650032	3564.030037188507	4013708188.21	1.87909820862
415689	412	83835.0447001	4043.8352137	4044.71361628	2.57203852072	4046.494946377789	4039.637486955374	3899962769.37	1.93087630016
416000	416	83953.0577931	3666.52989908	3665.91284051	1.83647180441	3670.5423745290764	3664.122962165875	4085013150.22	1.8453360696
