steps	episodes	elapsed	mean	median	stdev	max	min	average_value	average_entropy
31256	6	3652.17084217	2035.78631679	2038.42755889	24.4504800215	2081.612166232107	1999.1631843538396	12.740659891	2.18962206017
31415	12	3654.7196362	2034.33286398	2037.98877345	12.5707128196	2048.5894543360687	2013.2096923965746	12.7590015025	2.18962732101
31219	5	3655.89364219	2073.79033833	2074.51929399	28.2466145185	2107.5693806069658	2028.1647866079356	12.7718219261	2.1895971964
31151	4	3658.05812311	2045.54572177	2045.33124031	9.68915047255	2057.7615060212734	2028.3597572855215	12.7553240831	2.18960080087
31026	1	3659.70201802	2033.05067336	2032.96319323	5.08344936153	2042.1968907711641	2026.6606259177202	12.7782225335	2.18959523092
31396	9	3661.76052999	2107.67959261	2097.24608355	62.8878681426	2198.7096378611245	2029.8445997892804	12.7844709407	2.18963008658
31116	2	3662.26725006	2049.25126073	2041.17869965	28.2259794807	2109.432519211823	2017.9538227519174	12.7976515434	2.18958087464
31149	3	3665.59641814	2109.81405763	2109.20672288	55.7193866007	2192.2775127608993	2031.1338527933626	12.7618031249	2.18959023387
31383	8	3671.33923602	2034.32826298	2031.76754857	17.2450413821	2069.4525587134117	2011.2081429105717	12.7734228608	2.18961314933
31904	26	3679.4666872	2017.83844949	2010.90331188	19.5176588554	2049.7594167983584	1994.642702131801	12.7872160064	2.1897034707
31397	10	3679.80199504	2163.80046353	2169.9254655	64.9506678634	2270.6080005699328	2057.350516089517	12.7993156411	2.18959458933
31627	15	3679.91146898	2020.07378561	2019.05627711	12.3057041702	2039.8879951111505	2004.3854860582755	12.7852392689	2.18966346363
31342	7	3685.31628919	2066.50425834	2068.98338006	25.9760926804	2105.6190953678897	2031.905719079711	12.7446781953	2.18961380751
31574	13	3688.0567522	2073.67372657	2068.46997914	39.9348408913	2156.031495643309	2031.754435182149	12.7818466839	2.18966000914
31404	11	3692.5903461	2025.69569474	2028.00752111	14.6316052654	2040.8826581827732	1990.8056577940677	12.8138427321	2.18962462107
31796	22	3697.79203415	2035.33815424	2036.11939777	16.5041968362	2060.3232156957024	2009.4020420587656	12.7755757449	2.18967662588
31708	18	3712.23594117	2053.13429178	2051.12322399	12.5241544705	2075.3231207970534	2034.5321924685234	12.7855739798	2.18964819735
31613	14	3725.90022302	2045.8578919	2032.85619414	27.5104712095	2098.7203929246407	2014.0056924980536	12.7882663273	2.18963989607
31686	17	3726.06888318	2138.71367291	2143.21407352	65.2764720183	2243.076298966901	2040.3351392443185	12.7783328701	2.18967026934
31728	20	3729.62552619	2074.02128406	2072.89286465	17.0872137857	2102.7602388485475	2050.5450842832474	12.7680570554	2.18966892354
31648	16	3732.66018319	2068.41180976	2061.23602888	25.8139751769	2116.7256204405394	2032.6709631875783	12.7678813601	2.18964442474
31711	19	3733.346735	2085.68170083	2086.11316648	37.4549567836	2148.2471807895754	2028.143477242965	12.7456778324	2.18968291328
31833	23	3733.984761	2050.49208501	2052.68353901	22.1878094357	2082.159391500807	2020.4451104707343	12.7944836595	2.18970006147
31758	21	3738.75301909	2009.04365305	2009.00392408	16.097033832	2032.939609408536	1984.2176995246743	12.7489144169	2.18967034881
31880	25	3751.00156498	2042.22028143	2043.97501493	12.2557293356	2057.460437756606	2016.3773359779977	12.7275849675	2.18968914105
31915	27	3754.09190917	2042.99225682	2034.36983959	23.3405216448	2079.4562328246216	2019.839303618034	12.7537998238	2.18973216704
31867	24	3758.40657711	2094.1677859	2066.87702086	70.1825521054	2209.9861212278283	2017.0236715780159	12.7725857727	2.18969122884
31993	29	3758.66283417	2038.70170365	2030.50171635	22.3480376693	2082.063125883045	2016.3259007391875	12.7548909482	2.18975524823
31999	31	3771.98061609	2101.03250131	2111.13609602	30.0283387339	2132.8610772246802	2042.36337720957	12.8156274566	2.18974304535
31995	30	3776.95106411	1992.98327829	1992.47821874	11.5584654748	2017.2716916325055	1975.0717178272055	12.7482854622	2.18977098703
31963	28	3778.93469214	1964.27944478	1963.80953632	29.2633113247	2021.047640849958	1934.7161035033055	12.7173732783	2.18973154796
32000	32	3794.63053417	2029.75399173	2024.47594481	19.7512134582	2075.052141643612	2009.8782420510004	12.79443051	2.18977047836
59090	38	7366.78677702	2136.87380787	2134.5006868	24.9349176247	2191.067818987425	2104.9353462223157	17.5006824798	2.99606321487
58556	34	7378.4060061	1982.23539326	1981.61043837	11.9062356846	2010.7719792356463	1964.5217402457008	17.5180467058	2.99606339009
59334	40	7378.90051818	2218.34688521	2216.64028263	9.05915183681	2231.1777240634738	2204.61343827	17.4816379024	2.996044915
59063	37	7385.40923905	2077.08865332	2075.33810216	16.780322724	2100.8768543151623	2056.2932552189486	17.5720850795	2.99604089288
59258	39	7386.62222004	2052.14709624	2054.18271618	22.1133561452	2087.5126028311124	2016.0930675564823	17.44352873	2.99605543793
58943	36	7388.78622007	2019.47932389	2011.99539843	21.5539486366	2049.0333216662325	1987.2013875427992	17.521350191	2.99605406178
60301	42	7397.25168109	2022.97291583	2025.79433411	12.3076144638	2039.2090991237014	1999.1956114822115	17.4874058795	2.99606407226
58806	35	7404.61054921	2086.68435983	2091.59236206	32.1757174185	2124.915079072576	2039.6628077304545	17.5279208671	2.99604995809
60528	43	7412.94347906	2122.38058246	2115.64677366	72.4444779168	2252.6730348136284	2027.5971548645384	17.537400571	2.99603431471
58359	33	7413.84472203	2134.52174921	2130.1036042	22.0275608093	2167.684938753666	2103.330865546302	17.5025796238	2.99606322162
59721	41	7419.19471121	2067.00845299	2068.82824951	15.0809549875	2088.669617705001	2031.1293314112563	17.539132929	2.99604494454
60767	45	7419.73188615	2032.58446459	2021.39531598	41.3653359146	2091.2590991541656	1986.742765091377	17.4866213173	2.99604044891
61105	47	7423.65935421	2027.66029718	2024.99917664	15.0600633534	2047.8919732757656	2008.2752188702161	17.5406210353	2.9960406335
60960	46	7430.47582698	2126.37523223	2120.69127219	15.6364303002	2151.135535479185	2105.1384633115067	17.5524519	2.9960545482
60540	44	7457.97582006	1997.97403658	2007.88199654	30.6378562278	2026.8092961716914	1942.8701947260251	17.5174193425	2.9960791596
61562	48	7469.30435514	2035.7503993	2037.47751049	11.055647683	2053.6458824525994	2021.080162396373	17.5217375671	2.99606651719
62131	49	7471.96013212	1995.13640779	1991.12681834	24.6672565562	2026.21714371153	1959.6055347465451	17.5059726009	2.99606700089
63225	55	7486.75274611	2013.44101245	2008.42651421	19.0278894873	2049.824945439796	1985.8126095447017	17.5720636305	2.99611367345
62631	50	7489.4472971	2080.10494613	2082.39532591	10.4502593034	2094.4129128212126	2064.7566477685396	17.5164591204	2.99607375079
62825	51	7498.58894801	2160.21700904	2133.99428083	70.5288885022	2269.289368200909	2091.4524741035125	17.5058255044	2.99609115785
62847	52	7500.96648121	2140.86069161	2145.31110237	38.7765864641	2197.34474334533	2080.554135933563	17.5109462458	2.99609113814
63001	53	7515.99899721	2096.96991736	2098.6524743	20.391043866	2127.0958446511927	2067.817990181026	17.5016781919	2.99608679356
63235	56	7517.61041307	1974.34559237	1973.08242524	8.23535504999	1986.4574343442766	1961.5436152035213	17.4556761907	2.99610755038
63614	57	7533.60010314	2036.41574787	2034.11496522	14.805276744	2063.000378090977	2014.0452353566898	17.4464208797	2.99613508221
63182	54	7536.67692018	2077.36566496	2071.62907324	28.781507786	2128.3312361821977	2044.2046054456255	17.4960041935	2.99610748338
63673	59	7537.30213618	2190.26848807	2192.47385371	9.25794752839	2202.493347545259	2172.320991152208	17.4894572244	2.99613611179
63634	58	7546.18793011	2077.1147408	2085.50669599	25.6788108583	2110.270716858406	2034.470698056671	17.4141855944	2.99615547757
63722	60	7551.72410202	2080.47808794	2077.90985161	36.105903613	2155.288449228517	2023.4254572084078	17.4644994323	2.99616611171
63902	61	7576.37887502	2185.71138412	2187.6175485	34.0031349387	2233.992467707798	2128.9792607752292	17.5214240384	2.99617771467
63954	63	7595.88936019	1931.03253374	1941.34274592	24.9930019736	1958.4069760496582	1893.1303125684478	17.4173180973	2.99618808909
63919	62	7601.24442816	1974.97013619	1979.79083357	19.9222139789	1996.5648899806235	1948.240872271684	17.4544946607	2.996193405
64000	64	7636.01687407	2054.87703519	2055.53491809	15.5408685996	2077.735786326051	2035.5546829652856	17.4633737516	2.99621774804
85542	65	11012.9788301	2074.86693622	2072.55022926	16.6016367373	2111.1999326353452	2055.434140067154	19.1805775531	3.292753085
86910	68	11018.766206	2058.28119355	2050.65608413	15.5964569771	2088.174543879307	2043.2022844993376	19.2984995818	3.29272686714
86700	67	11023.6205881	2279.6344877	2285.46390538	56.9240068967	2384.3390555514447	2191.9172919612975	19.2031277691	3.29272987715
87334	70	11032.3645802	2005.86080471	2007.88737522	16.2183041183	2027.0471378776	1972.659386289382	19.2111638958	3.29272916828
86652	66	11034.5371201	1934.75510492	1942.11823094	23.6617937681	1961.4007279222851	1901.4089382005257	19.2250567497	3.29273989167
87074	69	11043.479593	2052.57403533	2056.87064538	12.7993980493	2067.2274520924207	2030.084047828269	19.1413182727	3.29273223744
88623	72	11051.8178492	2008.44754381	2009.43303519	20.4882515441	2040.2396055416973	1974.3732313360465	19.2117426793	3.29271977437
88055	71	11055.6937492	1990.96596049	1989.58295148	9.14305957918	2006.205774900855	1978.2176451624011	19.1956832912	3.2927219028
89648	75	11059.4998331	2038.26274952	2042.4603825	9.96798194873	2050.010988918313	2021.959674542926	19.2900383054	3.29271127276
89734	76	11076.733253	2078.09025234	2076.88207054	11.4796379038	2095.110067828594	2060.0247572500343	19.2689302166	3.29270981274
89322	73	11079.3462031	2036.80214881	2046.11909692	22.1165095794	2066.223148600613	2001.7349834343577	19.2216904653	3.29271463192
89549	74	11081.7806451	2015.51425982	2007.29229081	27.8403764367	2067.457613147904	1983.4761640845486	19.1683010112	3.29270989489
90518	78	11094.4101942	2131.8407754	2125.54408396	17.4055663593	2171.3372131526817	2112.470696824014	19.2493554982	3.29271964034
93187	82	11139.2772031	1999.92694982	1997.50832299	16.7631369543	2025.6438854916296	1977.708458727871	19.277385691	3.29276474929
92541	80	11142.4459522	1993.36833508	1990.38794158	15.2402190647	2026.5818096510573	1968.1913553537158	19.2379402611	3.29273919999
90224	77	11298.0768502	2164.00081626	2171.80352306	23.1281945447	2193.324835727558	2129.3554415420913	19.1931622448	3.29272702844
92951	81	11342.60517	1976.27849614	1974.30086219	9.6604199599	1990.627378546393	1964.8183988706828	19.2168586233	3.29275020366
92439	79	11347.9222012	1908.78053599	1901.10162137	22.6085900793	1948.0678984829015	1881.756187079841	19.1993471917	3.29274809512
94056	85	11385.5970151	2085.74292136	2089.94750418	14.1180789893	2101.319202951502	2055.804300127895	19.2598885755	3.29277536994
94051	84	11387.5204442	2109.27595588	2098.39388593	28.1620665707	2150.730640663971	2078.5322054820986	19.2111022707	3.29277511459
93742	83	11387.8264751	2109.70714703	2103.88900358	20.4570053506	2137.8543989247423	2080.3755608356378	19.2539080328	3.29276106293
94604	86	11404.61151	2115.07528046	2116.88112118	11.8771252069	2133.4654767207157	2095.212779380414	19.2362195509	3.29278263904
94654	87	11410.1867311	1996.21896625	1996.87656575	9.34853205202	2013.5990554792882	1980.5207989800908	19.157291912	3.29279369977
95120	89	11426.7635791	2190.70085449	2188.88336773	32.7757892517	2235.97762008261	2132.5337278418583	19.2475723012	3.29281816766
95074	88	11436.593889	2019.44667582	2017.58322107	10.2044129753	2037.401404057126	2004.4422363966873	19.1757730529	3.29281498331
95140	90	11438.6638951	2113.67354434	2109.75781198	22.810673161	2152.1728802772386	2086.07118094571	19.2301469861	3.29280375075
95307	91	11450.2990952	2076.11129982	2083.40053459	23.2376382968	2104.7536289117393	2036.6609923894139	19.1133394848	3.29283479449
95404	92	11488.32813	2228.12010061	2206.2400668	49.7862518668	2340.240913857297	2179.9579541879875	19.1617629297	3.29284408052
95690	93	11492.498142	2204.83421616	2206.84848149	23.6230805094	2233.5230953700543	2169.646612201535	19.2449679175	3.292872067
95860	94	11525.7185071	1889.24505711	1889.15688629	9.11451108264	1904.1640939961599	1873.9667199549087	19.1662143335	3.29290136525
96000	96	11550.5658371	2062.08418948	2059.83440279	16.2254346048	2084.069772960716	2029.2840811821784	19.2295137713	3.29295569928
95907	95	11564.819247	1896.80665671	1892.58327187	44.9805111247	1965.9442020223728	1847.1460053479948	19.2019025618	3.29291038987
108873	97	14658.3598421	2098.44288237	2094.14250522	17.0753867914	2131.711840122633	2081.9994730630206	19.8340357365	3.40209815519
109083	98	14680.0637071	2050.25481507	2051.02608052	16.7218938549	2082.233948521139	2026.5063036019542	19.953182873	3.40208922394
109792	100	14681.430259	1902.63742824	1900.99002119	16.6852908989	1926.2531657950096	1878.2881663341275	19.8611019204	3.40209357753
109815	101	14689.598613	1964.73657843	1964.38965765	11.1328509811	1980.2352757721453	1942.5182827049553	19.8587194601	3.40208974912
109392	99	14699.7530081	2356.41799251	2350.84049857	22.6250911602	2397.0196428815175	2332.2332332516503	19.8853153071	3.40208952798
110622	104	14707.1878152	1988.55614511	1981.58438939	18.5714121123	2014.254400728626	1966.0216753823815	19.8521498513	3.40208773859
110564	103	14720.195086	1944.10879012	1943.07816071	20.2804272082	1971.4312680269109	1921.8142117170758	19.8694356939	3.40208746843
110923	105	14720.6587131	2031.27554019	2029.77635927	17.2377320804	2055.9017575660096	2008.1794797816872	19.9948644307	3.4020828359
111807	108	14748.287426	2111.73459903	2112.90724118	31.1824525092	2156.7140695630897	2068.412118730574	19.8850160269	3.40208543175
111762	107	14753.3366411	2169.79482996	2172.02879932	34.0724982203	2213.430380643447	2098.4331323659067	19.9604780408	3.40208517921
111719	106	14766.0854151	2043.16449065	2041.82701307	16.6290190845	2063.8764136969094	2021.917591230409	19.8857619815	3.40208647341
112289	109	14775.4090831	2270.33816903	2269.2119952	55.9991989461	2368.0289375256007	2194.215895705351	19.9059493624	3.40209005212
110204	102	14788.654412	2042.40534882	2046.35575811	13.0229088446	2059.4021460019094	2021.91559206073	19.8152861561	3.40209124094
114019	110	14821.78058	2081.61556048	2073.0706045	36.445538265	2135.3230398821424	2039.8164652127991	19.9655539391	3.40210885879
114244	111	14824.3289821	1963.59819453	1956.16739381	31.2609676533	2004.056932366794	1925.8675255468713	19.9091435258	3.40209855305
121468	112	15175.8592281	2187.06381698	2174.02704866	61.9946498322	2271.492307469742	2115.66443164439	19.844635785	3.40208536783
123410	113	15219.9244082	1935.74808169	1937.11511366	12.1864407337	1958.7398048046703	1913.5318399371902	19.8899011542	3.4020913775
123791	114	15229.98807	1910.16852927	1905.74065432	12.0682759759	1927.2295411364062	1894.4770043293718	19.8855700234	3.4020904804
125320	117	15249.3820941	2098.81340514	2101.9011215	25.5666051546	2138.645537806382	2065.5561988602817	19.9026304616	3.40209901101
125254	115	15261.8881381	2130.86663742	2112.22074018	45.2360802822	2206.67507266906	2085.3539977746395	19.9702524898	3.40209282612
125301	116	15265.2485101	2128.80119062	2132.57368115	22.5681638529	2158.5613918143395	2082.9836410219705	19.9562938556	3.40209769417
127809	126	15274.1068721	1888.68368646	1891.82987692	13.9022300472	1906.682374063289	1866.2776408226882	19.9040267857	3.40214491997
125958	118	15292.714936	2095.62683288	2096.45276996	15.7161657279	2123.998315962837	2071.6830863048212	19.9569745888	3.4020999679
126088	119	15298.462146	2022.15146397	2022.00243512	29.5535731495	2062.39653137485	1984.6980086159567	19.8315139752	3.40210567186
126505	120	15324.0072231	2114.73829003	2113.79928705	10.7712098387	2137.5368951905666	2099.237578389759	19.9674853739	3.40211079014
126742	121	15326.5656421	2025.44198763	2021.63261965	18.5157281621	2065.550372016287	2006.0026124322885	19.8854806163	3.40211313245
126758	122	15333.8507481	2197.05393355	2196.86902675	48.4168477476	2258.665141418233	2125.4212439422618	19.9356656682	3.40210767405
126969	123	15344.0929482	2085.57463704	2089.49234408	13.1059683305	2100.1587955120317	2068.5003518971776	19.7477621588	3.40211961464
127507	124	15385.2072492	2308.89955331	2302.57042593	30.2055562784	2367.474869853581	2272.6358915776	19.8357211185	3.40212292817
127527	125	15390.0819101	2189.90708818	2169.23135416	40.7807019155	2261.136204798494	2156.551609864721	19.9291276131	3.4021315951
127954	127	15440.045068	2139.5511581	2132.2696073	28.7120894588	2185.919149108594	2103.741902693551	19.9094542762	3.40216606243
128000	128	15485.6482942	1881.70520891	1881.83779819	22.0074110415	1919.1305244109824	1851.8532343167608	19.8816163042	3.40215039114
139566	129	18272.7631731	2090.76434493	2086.33329663	16.5725467054	2124.6981021113697	2073.926821105697	20.0932442176	3.44229985366
140294	130	18295.8982241	2030.24366156	2024.81734809	13.3804353399	2053.346018559205	2015.5638886210165	20.2163946119	3.44229498788
140447	131	18306.428931	1845.84317024	1846.44054393	16.3381236459	1873.6434605921736	1824.9897115121535	20.1123089205	3.44229716011
140687	132	18334.0101171	1974.90981281	1971.90185748	18.6454405716	2005.3440201298383	1950.705680792782	20.1102842842	3.44229328174
141307	134	18339.1264391	2029.4466583	2028.36856114	15.1631741419	2050.9073679162866	2008.6722188255492	20.1096578767	3.44229452746
141198	133	18353.7836301	2302.70497983	2321.07553326	42.2933437613	2347.7923932879426	2242.114643483367	20.1454886068	3.44229341043
141652	135	18380.9455731	1941.67133377	1940.95425028	12.3315953618	1963.2740043920946	1928.2895372964606	20.1580530571	3.44229236141
142323	138	18386.1804731	2218.17916713	2215.65317017	21.8960566559	2254.589680625609	2181.6804262104956	20.2553776189	3.44229345862
141744	136	18386.414458	2029.82308191	2029.34327496	14.9262508593	2052.064287694079	2009.7179662860633	20.2951640112	3.44228837953
142305	137	18400.1032412	2217.08940497	2218.99420332	51.8339528669	2277.630437295931	2159.954891151493	20.1872395929	3.44229547557
142654	140	18430.865442	2462.08642544	2461.34315997	37.196433388	2542.874383037274	2413.4996555635535	20.1730463217	3.44229775759
142541	139	18448.0005691	2068.29766752	2056.55775723	33.4855587583	2117.6127794013582	2023.612270892425	20.1860138804	3.44229487161
142867	141	18453.2116721	2101.16922086	2110.44243464	22.1903899821	2128.7887018548886	2061.7557827783603	20.0939694433	3.44229721441
142985	142	18464.0148451	2179.21957851	2179.35125684	33.2462222295	2252.0866840910994	2133.715355850069	20.2616126373	3.44230454464
143000	143	18472.694412	1947.1890453	1947.97112421	12.6971093347	1962.6445575547489	1927.126895415744	20.1963030881	3.44229922787
153349	144	19071.2641761	2228.84891371	2232.27284126	28.9842186365	2274.030504958011	2186.1679339713082	20.0682438803	3.44230226853
155756	146	19078.3278861	1916.40233374	1918.80183921	21.1665399821	1953.4707226887492	1887.6896955127231	20.1030748735	3.44230125502
155586	145	19101.5765471	1954.09046091	1948.79270372	23.5196248775	1998.870858373307	1917.642281235117	20.1188703699	3.44229995007
157109	149	19134.7318652	2134.52177088	2138.48626486	20.5982868866	2157.446672153822	2094.0862866178827	20.2122161175	3.44229962666
156590	147	19135.7894402	2111.74729484	2108.40563263	35.8734604428	2162.179611378977	2063.177910510603	20.12768744	3.44230259375
156903	148	19136.083925	2260.96497036	2256.98638374	33.4790855712	2346.037636877141	2213.423912218736	20.2529425857	3.44229946565
157432	150	19159.2628791	1913.37223625	1913.27608062	6.87415225718	1923.5562096481697	1902.0209593599898	20.2127075646	3.44231872049
158085	151	19197.6582241	2154.0818155	2143.21680063	27.7045340943	2203.2401587365403	2122.816491499285	20.2449401792	3.4423029907
158743	153	19203.9638541	2102.83782801	2109.2617115	35.3092927819	2145.557731916181	2042.1123382042258	20.214821117	3.44230246221
158774	154	19208.0819421	2111.84905886	2104.31725187	29.4730588796	2167.851382010644	2077.292117420748	20.1626788378	3.44230783816
158925	155	19214.1259172	2250.67812825	2250.94090413	21.7652148288	2291.4675639642196	2220.7556832767996	20.1806825823	3.44230489857
158189	152	19219.0394082	2012.73219513	2013.00824655	26.7321980719	2054.843651409836	1971.5504780540632	20.0558774269	3.44230500308
159091	156	19249.4674501	2067.87463728	2068.66970115	9.45567436556	2081.8486135760395	2055.907265589046	19.9674993464	3.44231137932
159558	157	19291.969367	2264.10958033	2261.87622479	21.3093442854	2290.457218900778	2231.8279923612185	20.1166996003	3.44231039985
159594	158	19313.340142	2337.44305917	2331.5510898	30.0539085485	2391.231130546469	2304.666850052539	20.1856651737	3.44231010171
159876	159	19351.32831	2240.32513633	2248.9627655	42.9326736095	2301.1486830216836	2177.0282021292546	20.1819397229	3.44232215857
160000	160	19411.2082992	1926.45190976	1925.57158679	14.1711803814	1949.9761855753645	1902.3273058645561	20.2017849916	3.44231733808
170163	161	21915.2302921	2145.21060274	2148.1942627	27.964603744	2180.784624460652	2087.6636949616213	20.2099782755	3.45709175226
171108	162	21922.5760572	2032.09186618	2032.63279879	13.6984388831	2049.2144580627373	2009.629071924367	20.3697222316	3.45709025529
171467	163	21934.068207	1837.4866643	1840.78314818	14.9853448416	1856.7313852241464	1809.2148937978534	20.2279185689	3.45709096675
172709	165	21982.8229792	2037.3621475	2036.98891696	17.6679735971	2068.0420154957096	2015.3391911182516	20.2495027563	3.45709025826
172521	164	21994.0503612	1992.4701269	1993.19254202	10.444436745	2009.272713279245	1975.5093413231093	20.2226200073	3.45709071086
173961	169	22026.736748	2304.01353768	2306.49330351	33.6590384803	2352.6416766069287	2251.029546747568	20.4200070698	3.45708947965
173803	167	22038.2630272	1910.48852389	1906.45418001	12.4896597666	1932.9495280764072	1898.8578649921262	20.3622672305	3.45709103496
173186	166	22040.3069952	2356.55567623	2339.05754148	49.8742138701	2436.507705453182	2274.9300758240047	20.2804193221	3.45709191254
173943	168	22045.8469472	2040.93761538	2039.14431678	25.2896994978	2076.194898634047	2007.8894631314329	20.4363850449	3.45709012959
174260	170	22067.3006551	2321.3274742	2311.98516847	35.4598578765	2392.138723869385	2278.6676803613946	20.3182169838	3.45709163802
174843	172	22086.6214342	2094.83732299	2093.34291864	17.3931455461	2122.0477391522404	2070.780695034013	20.3683094805	3.45709232807
174697	171	22089.3206742	2375.68520921	2371.74294972	34.3327836687	2429.6817077035944	2329.2144098789186	20.3114120169	3.45709347974
174967	174	22115.6872461	2243.86379807	2241.60803756	22.5257478893	2275.4658994499246	2204.0407220158427	20.4139528228	3.45709801812
174904	173	22133.982408	2064.49749882	2059.93955123	13.8784247431	2084.7969147150466	2048.1234050141616	20.2377832702	3.45709320873
175000	175	22173.7868621	1950.20792393	1948.31447511	15.1388177418	1974.1643217506157	1933.7435781277823	20.3624826967	3.45709398178
185966	177	22918.762079	1949.36122502	1948.49564691	9.71840225967	1964.9508271947516	1937.025232718369	20.1786396701	3.4570893662
186921	178	22922.478462	2047.81571941	2053.35412147	15.0164497329	2064.7545628748753	2020.4151016138494	20.2384527815	3.4570846594
185829	176	22924.0467451	2215.25496855	2218.89554385	16.0910747416	2236.35119747448	2185.569628591176	20.140342562	3.45708864244
188204	179	22965.8298841	2182.37838709	2183.72878311	14.2739814519	2202.336112014963	2156.508942544292	20.3464911275	3.45707993999
188317	180	22970.0129921	2348.77940161	2342.02863224	35.0684403812	2401.9837329264674	2299.2238310052603	20.4037678526	3.45708238217
188342	181	22981.762712	2066.94263172	2062.02443567	15.2321743419	2093.411164634652	2050.286026999248	20.2311245042	3.45708461471
189028	182	23003.583966	1900.17619654	1895.55956637	9.21467833963	1918.1888778705516	1891.114826422915	20.3554048447	3.4570910262
190148	183	23034.3735192	2152.36468318	2157.18622986	19.574115662	2182.8579009960745	2118.133473948282	20.411940359	3.4570846124
190487	186	23052.9193232	2349.32463706	2355.65977846	41.096347777	2403.801074712851	2289.2431100158233	20.302405703	3.45708773808
190261	184	23062.6230481	2009.25870939	2006.44351304	19.1550578769	2046.162317733971	1980.7069126415442	20.3812493835	3.45708618931
190337	185	23065.871181	2168.80947665	2169.94041403	20.5728121355	2202.0208620787425	2138.3876153159927	20.2986141651	3.45708773126
190560	187	23093.7619932	2071.94191183	2067.20659244	17.2895822017	2105.0854215057143	2052.469899816722	20.1267001393	3.45708896643
190979	188	23097.549422	2000.1511842	2007.99730769	29.9741408016	2034.6106544760248	1949.8672711403278	20.0865690618	3.4570929313
191474	189	23162.4088242	2248.7914604	2254.05283292	24.6744264153	2280.986367393299	2206.237687720039	20.2289972756	3.45709303334
191619	190	23188.0723901	2420.02074004	2409.20280573	43.0616577071	2491.3637490536175	2364.841769367556	20.3245662226	3.45709535732
191825	191	23234.183481	2261.70450851	2250.85390257	45.7873221679	2327.7654314386	2212.487572363691	20.3017810318	3.45709802659
192000	192	23298.9089751	1989.05557907	1994.42312767	13.4444817534	2000.8770691769837	1959.2573859628076	20.3143544217	3.45710030315
201826	194	25604.070847	2003.38343226	2008.27499213	19.3785367941	2026.0868415183597	1971.6134620157522	20.4899726222	3.46253562126
201541	193	25609.684057	2102.49675765	2102.36578691	22.3418260261	2134.7105637290233	2064.9728810530983	20.3433119885	3.46253609058
202303	195	25637.1988921	1789.50068091	1790.30376135	11.7461008858	1812.282320616866	1773.3701708831452	20.3524042161	3.46253715241
204416	197	25666.8180902	1985.2253337	1981.30860428	23.3564923724	2023.3175791174904	1947.9817573696291	20.3064376344	3.46253503754
204115	196	25670.07338	2046.66171857	2043.08223492	17.7425815975	2072.4488294743205	2024.590134533363	20.3622705994	3.46253643987
205816	201	25726.7090352	2057.49297291	2058.46734098	7.86074754261	2068.624079377598	2046.3340041235072	20.5499292674	3.46253362358
205340	198	25744.7372551	2334.22937614	2335.13061778	12.4700895164	2349.936039626883	2318.3497627004335	20.5100390328	3.46253640535
205642	199	25747.21437	1953.07248747	1952.78173933	17.7400940721	1983.1847642273888	1916.6599162418474	20.4562944993	3.46253609542
205670	200	25752.9043891	2548.45019395	2557.54454854	57.266144555	2623.9652363383957	2466.4105506001474	20.3680091054	3.46253680691
206225	202	25773.9023292	2414.29982956	2417.38200637	16.3685973238	2437.00455262908	2382.9465359581845	20.3912024397	3.46253666535
206499	203	25803.1295981	2070.3713031	2074.76469173	12.5404597265	2084.3832227588528	2051.608178424623	20.4542151476	3.46253586148
206881	206	25818.7450941	2111.21393704	2120.13035275	20.7379745651	2137.2712539940494	2078.1718616551248	20.309969964	3.46253516722
206773	205	25830.369122	2308.21036541	2308.57247156	12.181552551	2325.1702576417506	2279.604608202094	20.4704361648	3.46253636588
207000	207	25874.9868112	1981.84421093	1981.19557467	25.0685331924	2020.5283066896322	1941.5073401376983	20.5483207317	3.46253264121
206556	204	25981.6398852	2502.04259184	2508.17839919	50.3811861407	2567.3730899135803	2409.505206569986	20.3770974376	3.4625359323
221803	216	26748.423748	2012.30539287	2006.809251	12.8820251531	2033.8804211889544	1997.5483246323206	20.4600427401	3.4625239441
217444	209	26762.331774	2119.99140487	2123.97443788	35.8270493192	2159.9441222862893	2061.22418479944	20.2994499145	3.46252190252
217267	208	26784.6253982	1985.04767137	1977.59094583	24.5952286616	2032.1507266046544	1955.8569485612704	20.2374987071	3.46252623893
217630	210	26808.265696	2264.83197092	2259.58256075	24.4865026201	2295.5964592762866	2230.047610579605	20.1498960175	3.46252591217
219281	212	26821.0315011	2210.95978204	2210.30376409	19.8347011584	2244.048358479666	2182.778401878388	20.390715061	3.46252121761
219747	213	26854.7949822	2025.08212337	2018.46159313	17.9289813698	2069.2691337871565	2007.261317193546	20.2893107007	3.46252194249
219238	211	26870.9709551	2255.50506253	2255.19959806	39.5264011732	2314.5990814927395	2197.217838548105	20.4816696937	3.46252187566
220436	214	26896.531136	1884.37941817	1880.99219499	15.1014491087	1909.2044215768854	1862.5026319749363	20.4450433529	3.46252477982
221313	215	26914.350029	2180.26139567	2195.28999087	30.8449777898	2206.561264061323	2125.9199014028836	20.486331997	3.46252483473
222469	219	26947.9667141	2068.80029807	2069.02714489	17.5699740363	2097.5953398392007	2037.5095132719437	20.187284667	3.46252647598
222048	218	26962.312113	2301.06672416	2301.0978078	33.1283909526	2341.396950486205	2258.038003602815	20.3711988889	3.4625270963
221868	217	26967.7453032	2359.87318035	2356.45465384	30.1968111939	2402.8398382969044	2316.99159916192	20.3749821204	3.46252635006
222623	220	27000.3364232	1933.00142332	1921.09751779	28.1079665441	1982.5148086823358	1900.8422950229628	20.1765478782	3.46253096602
223320	221	27050.1221611	2445.80110063	2463.87163752	56.0868112501	2505.3710645222545	2310.443996459962	20.2745155236	3.46253217413
223548	222	27104.418709	2375.46193484	2378.94476524	38.6967320247	2426.9013695168196	2318.349394100041	20.3640438753	3.46253101663
223812	223	27144.3899162	2194.94302761	2190.99736196	15.2886467284	2217.1745841089178	2173.293236942051	20.3809664673	3.46253571681
224000	224	27232.7299531	1958.48459253	1957.2602012	8.07287644503	1977.426143761432	1948.9747532912727	20.4541517589	3.46254073822
232673	225	29238.0184362	2071.85101206	2071.94344201	32.3038900893	2117.9762898699796	2028.6967776647036	20.590921826	3.4645419624
232765	226	29247.2524781	2100.8960599	2102.65004173	11.7746693257	2118.034952792603	2082.640256335057	20.4260485892	3.46454246957
233841	227	29282.5944061	1815.10970127	1817.36768045	8.63712984849	1826.5375328385467	1800.7562855262715	20.4342832859	3.46454082628
234719	228	29307.3852091	1951.13437788	1947.5934975	11.3312778914	1971.1495077647457	1937.4586918152033	20.3713948091	3.46453673697
234955	229	29322.5026262	2058.46287706	2051.95780504	25.2914374054	2097.336103756718	2021.355395630908	20.4152119981	3.46453844279
236633	230	29387.8823841	2008.89183202	2013.04738632	25.5612334693	2040.9292781127435	1953.2335767040463	20.5938740317	3.46453630142
237172	231	29405.051106	1945.70142876	1936.05444275	25.9592060864	1995.8545112897643	1912.2769629009367	20.4910803123	3.46453871503
237187	232	29414.4439142	2421.25677273	2422.18164473	39.2125948754	2482.3761063928882	2368.8718554055836	20.578900415	3.46453852516
237328	233	29418.7410982	2533.15752868	2532.38378131	21.9198302091	2572.7217256161425	2492.5386633604544	20.4042240838	3.46453619125
237690	234	29440.6699381	2299.47181372	2283.27997751	39.2816494475	2376.1554709954426	2257.508902370745	20.415494329	3.46453849084
238099	235	29464.697489	2024.21478286	2021.41223688	25.7023772367	2069.4882806524656	1986.601704093429	20.4823496984	3.46453769857
238265	236	29470.7309511	2066.01407781	2053.74145693	32.1755686571	2117.909707272089	2032.007449005875	20.3176951315	3.464538394
238361	237	29495.0237551	2275.00531464	2273.96273402	17.6500228943	2300.502183324259	2234.6459552833853	20.4661205051	3.46453653072
238650	238	29565.7737582	2029.99091466	2028.76187753	13.1918379634	2053.4558185276455	2015.1848666815858	20.5412892068	3.46453639195
239000	239	29907.4825511	2566.9676843	2561.79109288	37.2811062307	2637.3549301027715	2514.1789729535076	20.3494109276	3.46453792945
246871	240	30419.3882251	2106.97046751	2118.23751717	26.6038033205	2126.577713385018	2046.0021894485385	20.4971867931	3.46453279776
248067	241	30612.2498071	2123.92195172	2125.04143779	18.3848729981	2155.6880376071836	2096.247011825516	20.3611426137	3.46453159188
249005	242	30666.163975	2028.85185218	2029.89351226	15.5879949395	2051.3381958091777	2001.7829363397311	20.2793916471	3.46453131044
249889	243	30683.6112931	2326.78686738	2317.60302995	51.6278935094	2402.000624157624	2271.685557630711	20.2033462726	3.46453055693
250287	244	30688.5047112	2191.77461806	2187.47127961	28.2025285836	2236.5687345984893	2146.8137375918354	20.4446289067	3.46452716904
251292	245	30724.336946	2002.41586788	1999.86146432	16.1198808355	2034.7167066377422	1977.381991203926	20.3448090646	3.46452652818
251826	246	30761.1589291	2250.60564281	2256.35602916	21.8451922746	2273.7883845842966	2211.732182683043	20.5105285671	3.46452551886
252542	247	30805.7671142	1913.51032853	1923.9640089	24.1633290819	1943.3656698423238	1877.938633408991	20.5194796528	3.46452551574
252951	248	30807.753006	2141.8329468	2135.71312981	16.4714683582	2173.102056540688	2122.657723669997	20.5295549984	3.46452544525
253714	249	30813.204741	2021.86208069	2019.98425985	16.8206342196	2053.8232420014056	1999.3672205055134	20.2366746199	3.46452573343
253993	250	30843.7614882	2346.97804952	2337.68980585	36.5180025214	2423.50855458384	2310.4446621204297	20.4297899047	3.46452523994
254519	252	30877.504245	1978.80091872	1985.58905232	54.4109968469	2042.6458613262275	1902.4194660251796	20.2083147546	3.46452564841
254166	251	30878.4049881	2377.78963456	2372.0940409	31.5874190937	2434.8211425795143	2331.597406247717	20.3922000286	3.46452430238
255086	253	30944.7890232	2515.13673406	2504.0504461	49.7184815721	2599.2284829180753	2450.5111131531366	20.2917018347	3.4645245837
255526	254	30999.012382	2440.11464303	2439.51340562	26.8874566952	2490.6735367062665	2399.8348873237715	20.392020673	3.46452558545
255746	255	31034.7414641	2279.09356846	2283.24578328	47.3071810172	2341.7058914467893	2196.8930413222743	20.4247484821	3.46452740737
256000	256	31143.0715201	1963.92451203	1968.47399889	17.9802863249	1991.5559545392941	1935.4584471309113	20.6710957747	3.46453284604
263714	257	32982.078953	2098.33104371	2096.69068246	20.5469075813	2125.1402566797406	2064.9200705832322	20.668385844	3.46527593292
264086	258	32991.182008	2091.46091431	2092.1949547	14.8240616938	2111.833686619393	2073.672224674543	20.4463024674	3.46527477486
265222	259	33032.4181342	1807.81924695	1809.26524343	5.70544424341	1814.9734598813172	1798.7723077568016	20.4710027072	3.46527304829
265984	260	33057.8117051	1927.90582642	1935.11024515	28.1830604266	1964.844112556441	1887.8457228197692	20.3733228681	3.46527185588
266514	261	33065.6236041	2013.43433871	2015.21851629	35.9775072913	2058.1899538510747	1960.9178713463311	20.4322214419	3.46527049679
268253	262	33135.7127812	1945.4834368	1943.3617432	14.183053967	1968.9328889173612	1927.1973758787772	20.5693902726	3.46526755982
268619	263	33153.1691141	1907.42585238	1909.14896391	20.0417660483	1929.8071884669737	1883.562588865616	20.4879853162	3.46526826606
268980	265	33165.9430242	2571.1198582	2566.63953887	71.843907438	2667.1470816376377	2468.5491020101013	20.4145900291	3.46526878161
268912	264	33179.242295	2467.6492217	2458.84202397	28.1989794943	2524.0118269704226	2437.2855365402907	20.5724787453	3.46526737001
269627	268	33218.7118042	2042.14265618	2030.33230249	23.6425195564	2089.516638615157	2016.7108076033735	20.3507189854	3.4652706973
269316	266	33219.0261681	2390.70006752	2410.52783233	58.5864448132	2454.7494321523636	2280.738093006277	20.4308836073	3.46526785526
269607	267	33231.0467732	2018.81632705	2011.15244941	22.5036273697	2046.8173426682133	1983.6902383720173	20.4760027095	3.46526658827
269801	269	33296.203516	2243.30977566	2242.59228182	13.3000461494	2270.3992115725455	2223.298359812349	20.4405439643	3.46526417289
270001	270	33338.6031451	2039.67433826	2040.92434592	21.7734462681	2065.0024072725555	1999.7073870786928	20.6112180948	3.46526617735
271000	271	33710.8791561	2722.65343557	2729.15295749	38.8904250774	2761.8426508926655	2633.970348079207	20.1659190624	3.46527357269
273320	272	34179.432616	2193.70609009	2206.48454352	42.6094805774	2246.558091986914	2132.269661421004	20.5301030651	3.46527348699
278735	273	34426.5453391	2058.06043035	2056.98793768	19.9307479716	2097.4647215050963	2028.425324078888	20.3896410452	3.46526867804
280877	274	34499.800482	2073.82775891	2075.11444918	24.0223030818	2102.4367071739525	2029.1901921862388	20.303367046	3.46526271863
281496	276	34509.6703081	2175.92907952	2175.80482777	11.8921933502	2199.8956217041086	2153.7886961021873	20.4578978942	3.46525893538
281358	275	34512.0852301	2323.70696211	2327.6573139	22.2000461538	2362.54334228501	2291.6135343141127	20.2047778324	3.46525892648
282654	277	34552.2691982	2079.03370488	2078.99254138	46.0718277643	2147.8026083203777	2010.3271051003524	20.3610838384	3.46525722198
283655	278	34600.369442	2132.48410741	2105.07851788	52.5442502942	2230.4590281314427	2089.4169801948683	20.5263234553	3.46525416752
284880	280	34647.350065	2154.66209983	2150.66369739	16.6114536996	2181.2974428023376	2132.665273904546	20.5678865002	3.46525126919
285083	281	34650.0350132	2097.387438	2101.72588522	32.9692164567	2148.6010447625204	2055.553701588761	20.2672710374	3.46525128131
284863	279	34657.4216862	1969.14539156	1964.30814248	37.2766114052	2016.980896331518	1914.9538485158698	20.5637202156	3.46525150998
285597	282	34692.7446001	2405.9459748	2404.24998814	21.4750999292	2441.299553820943	2380.634336266551	20.4649667048	3.4652533711
286248	283	34720.272856	2102.20230042	2115.92593921	36.2046422834	2143.681688386388	2037.201936836665	20.2521652933	3.46524907565
286260	284	34749.7554371	2391.08851844	2385.62097512	47.0703100934	2458.6650508722532	2330.6829249572597	20.4366439778	3.46524875119
287007	285	34817.8157082	2703.05644336	2710.54217058	66.4546754553	2823.524192814065	2606.325129209674	20.379278613	3.46523777453
287481	286	34883.7888482	2478.57511006	2470.07423933	75.8084635352	2592.637425597784	2372.9543513412314	20.4861600024	3.46524391521
287692	287	34898.255821	2288.84558251	2282.23316972	44.0509899279	2342.6440207027968	2238.1836657072404	20.5231609822	3.46523776364
288000	288	35043.0975192	1996.21094092	1996.78517224	9.27827097665	2009.8993407031896	1976.6709451427769	20.8038500111	3.46523745552
295382	289	36654.7040591	2075.27725705	2074.34078193	8.55079912968	2095.078723161939	2064.0111812918735	20.7197836228	3.46553761923
295625	290	36679.1062851	2116.50992781	2114.01758434	10.9926948229	2132.4504430278294	2096.6597045319054	20.4318314174	3.46553591923
297019	291	36682.125452	1793.22103595	1791.75880812	10.5213114424	1810.1107915361595	1776.3975157579007	20.4460203182	3.46553886132
297845	292	36734.4850781	1937.98046854	1942.25748339	29.8592137905	1972.2939948061048	1894.5181504271466	20.3906738021	3.46554014234
299956	294	36824.5291572	1971.99661115	1972.47336111	14.1220668745	1993.1457472668847	1948.7704940316632	20.5800501159	3.46554084132
300409	295	36830.954309	1904.98934107	1902.84439631	11.3727697084	1930.3947743080332	1891.7273309181091	20.5186216074	3.46554026403
300826	297	36856.6924632	2419.45404483	2416.80484164	25.8483159578	2455.2646005767165	2373.571470545473	20.596812567	3.46554198437
300586	296	36861.147542	2471.01419464	2462.40876611	87.7963452712	2606.3746959753694	2353.108976071311	20.4597790768	3.46554204744
298074	293	36903.5757902	1936.80661291	1936.9520323	23.069519967	1977.3138352699739	1900.711728470318	20.4446522296	3.46554045149
301381	298	36904.6494441	2503.6891922	2513.78174138	21.9470134825	2517.081733777781	2456.650463151953	20.455648264	3.46554011645
301401	299	36919.5603981	2056.05882355	2062.83623326	34.2695295722	2098.8900189587566	2006.515088275646	20.4050037262	3.46554140439
301500	300	36923.336652	2042.35504519	2049.65625991	22.7566874392	2076.1140492027216	2003.948950657584	20.4925766295	3.46553994752
301871	301	36975.389822	2209.38318979	2206.33604261	15.2885846844	2232.55212677624	2185.2007496483216	20.4628743787	3.46553824086
302000	302	37040.1375721	2006.0308635	2008.39928011	19.2127083758	2038.6646896175482	1976.5230615350467	20.5812408992	3.46553952027
303000	303	37425.2455492	2689.24289092	2682.86362063	35.3593299566	2751.2846476406785	2639.8539577304095	19.9596331101	3.46553835925
304289	304	37870.5378711	2274.59042026	2272.3457342	10.061831356	2294.4301439780916	2262.1457082152756	20.6057187758	3.46554424201
310142	305	38253.907146	2012.53419098	2014.37129134	15.3365428429	2029.453547762966	1981.4820501278796	20.4594208883	3.46554029995
312572	306	38313.3865941	2224.95437342	2240.50878197	44.6762039572	2264.1932576488052	2130.721974531245	20.3562508259	3.46553906288
312763	307	38317.4890141	2141.94111376	2137.50817176	28.6095958209	2199.344795468699	2110.828405636017	20.5274521185	3.46553639907
312894	308	38343.4045351	2223.83369633	2237.40022791	38.8823672144	2266.866959602701	2163.3785470293674	20.2269209576	3.46553467693
313929	309	38391.2740922	2122.75255747	2123.02437669	16.3642846071	2147.2262297252623	2099.114640697796	20.414364516	3.46553389623
315414	310	38429.3157332	2136.68376815	2129.00530901	22.1702420267	2173.60747714501	2114.810566346717	20.5385024874	3.46553033717
316622	312	38471.2179861	2147.21931273	2148.16807372	12.7417315549	2166.03177936375	2127.4819783080734	20.2864612382	3.46552657729
316488	311	38475.3367271	2188.77811317	2185.48215261	23.1375805126	2227.8387415839447	2155.986026929175	20.610355001	3.46552795741
316791	313	38501.049963	1985.1363138	1983.55345649	15.9303048961	2016.2829213032237	1963.814203955045	20.6037969394	3.46552615177
317353	314	38512.6872511	2462.12714662	2466.97530678	27.6939654587	2492.609372403986	2407.5763333744476	20.4975635877	3.46552676853
317817	315	38563.791682	2146.08449133	2145.97619343	34.0938324214	2195.3247453845024	2101.289866472503	20.2931513433	3.46552315239
318232	316	38593.025054	2368.44917657	2370.56251705	14.7510413954	2387.005955708313	2336.397409345721	20.5032384232	3.4655275222
318954	317	38679.800421	2837.82439947	2849.84770271	70.7801337972	2921.172724165955	2715.703800686183	20.480652646	3.46552164479
319491	318	38734.6742101	2588.85523152	2575.22112537	40.0029115618	2649.103041410643	2546.762057978036	20.5482533612	3.46552228804
319595	319	38767.1763492	2300.80583507	2305.65002417	16.756875654	2328.051101190478	2280.2916951138027	20.5859751575	3.46552449282
320000	320	38911.8226302	1965.93040795	1966.49723571	14.9222659709	1994.0692921973969	1945.404539632066	20.8448759669	3.46552606369
326287	321	40335.8840041	2047.17525346	2044.0883779	30.6887087525	2093.7298490776334	2004.934228247007	20.770117615	3.46564580509
327262	323	40376.3601801	1751.65622613	1757.19515978	10.6803195897	1764.6778072536256	1734.0679163117916	20.4231456838	3.46564618421
327247	322	40386.5344231	2113.56525729	2108.85309305	22.3912359515	2153.6294617401786	2090.3152301883456	20.4337674992	3.46564516087
328943	324	40445.6324122	1958.21459657	1956.2206686	11.9998459206	1989.2033169307851	1945.1031167509143	20.3830249438	3.46564674707
331836	326	40514.9584451	1963.39426504	1962.48570292	3.89643522563	1970.9104913568342	1959.0099860323821	20.519343019	3.46564260749
331723	325	40522.0498941	1976.51622555	1980.71501344	11.0795818869	1988.4624897696574	1957.5947145771113	20.5367128914	3.46564217569
332422	327	40546.1795881	2328.42718916	2323.28115657	66.8924676059	2442.679092359225	2251.906591128921	20.5553203325	3.46564408412
332517	328	40550.060107	2384.71416131	2385.5912497	32.1390873932	2428.3071825994352	2316.9256229326447	20.4665638912	3.46564583616
333303	330	40599.3098161	2501.56411903	2498.93828246	18.6380084682	2547.919034491292	2478.7515542274105	20.406457282	3.46564147577
333508	332	40612.211818	2079.61935479	2088.0638707	23.7154983371	2102.8749414160548	2039.2949709125187	20.5163635872	3.46563986597
333484	331	40624.9246962	2148.64226005	2155.60429194	29.7655600178	2192.2369934391236	2098.1440179036754	20.4190507958	3.46563700283
333808	333	40672.335083	2208.98719192	2209.96049675	11.3340178116	2223.7823966921655	2190.6247850298137	20.4950121497	3.46563655523
333300	329	40727.086513	1914.06841113	1916.92419733	15.5186743124	1933.8027644097326	1887.9387474003984	20.4533503365	3.46563942621
334000	334	40765.84587	2018.07202216	2018.74963386	11.9779987499	2038.1465531467536	1997.471349398402	20.6722130468	3.46563054675
335000	335	41138.639168	2682.72010648	2667.16618986	50.0978888518	2793.0331951658895	2625.165990728597	19.8181123595	3.46564488613
336000	336	41557.5530031	2421.17352338	2437.84253247	88.2618105592	2538.698857619276	2298.49020953169	20.6254918194	3.46564844156
342017	337	42106.474004	1996.12689026	1996.50196622	29.0926704797	2031.3869421489808	1951.441698758113	20.5142744471	3.4656429881
343935	339	42147.4900351	2133.24645201	2136.38155792	12.2833083593	2154.8279566795277	2113.280255811497	20.6322910105	3.46563890221
343821	338	42166.6979082	2198.70963875	2183.93988743	55.2014271258	2272.6510679978105	2125.9043692618147	20.4481123382	3.46564058593
344636	340	42192.4230852	2134.04092272	2131.03096489	17.5290333241	2177.4779120286285	2113.8646696870496	20.2509100674	3.46563666594
345731	341	42216.8516841	2143.11200928	2146.84019273	17.4887023643	2162.8639745656583	2107.545990588835	20.4338843834	3.46563637497
347961	343	42299.2375121	2159.21666797	2158.03594691	15.7296121614	2184.6205692809112	2141.4636545678504	20.2604960305	3.46563477635
346956	342	42324.7002442	2124.79298606	2122.000553	34.5520205805	2174.970915901961	2088.624444746791	20.5223484203	3.46563353497
348169	344	42338.0314732	2211.75512599	2200.78116924	20.8881284278	2242.9328755634065	2189.566348845695	20.5691183501	3.46563448346
348582	345	42366.593066	1925.35712448	1912.83654372	27.1867985483	1986.220683195853	1903.6581973178452	20.599198992	3.4656318317
348798	346	42378.4713171	2442.16482436	2443.35406917	41.0968598815	2502.2050742908586	2382.065520414917	20.4836781306	3.46562958995
349949	348	42457.7829311	2407.3141922	2411.84692893	21.4419238776	2444.5373270858204	2368.3108598617405	20.5084441288	3.46563540076
349581	347	42469.5563741	2156.65429343	2154.07442542	13.9475655999	2182.6542449906137	2138.051394720064	20.2699421418	3.4656297832
350971	349	42594.928226	2576.43304082	2559.88517194	119.361318503	2727.691753838697	2423.528074760597	20.4695022572	3.4656347381
351415	350	42617.7040951	2518.71678421	2517.94826108	27.9516088654	2554.9026275849965	2477.8958884552135	20.5135300073	3.46563227101
351597	351	42672.3990822	2345.99234013	2350.9746294	19.5884978346	2381.845628990511	2316.080929032235	20.5507551317	3.46563787586
352000	352	42833.834341	1966.37622123	1963.3168327	9.13148311372	1985.8260548403482	1956.0834774181335	20.6718824834	3.46564119323
357726	353	43995.822293	2032.3231476	2025.9339876	35.704925759	2100.6245071275894	1974.6594710570578	20.7852340363	3.46568148226
358887	354	44026.9343982	1731.71251784	1731.96744038	6.09632462726	1741.8140985471705	1722.2507652744828	20.4157875536	3.46568390701
359232	355	44063.8590322	2125.24109611	2131.62652117	22.0218666781	2156.9262567132696	2086.700169758221	20.4064397715	3.46568244421
361031	356	44149.119776	1977.413028	1975.91453248	14.1824338636	2001.6792951165035	1957.1368633398747	20.3227526773	3.46568624993
363051	357	44206.0380321	1991.66175131	1988.93744162	25.9788145142	2032.6186317143222	1959.7976893603939	20.4975645802	3.46568602844
363867	359	44217.0122051	2232.03430955	2228.34400641	14.8320911621	2257.7311021707087	2208.5015201588576	20.4981918975	3.4656871588
363325	358	44225.5354512	2050.36692301	2055.29584831	30.3266537967	2089.9548991243732	1995.8647073226587	20.4550421002	3.46568393431
363923	360	44240.1091011	2247.88147081	2254.93016471	42.7528311568	2309.997515148568	2169.2356897451496	20.4415346501	3.46568720239
364784	361	44264.2553561	2638.0028126	2641.25230907	18.147726181	2662.209433189374	2600.9431020590446	20.34058509	3.46568758588
364981	362	44308.145777	2044.19599813	2043.0248906	20.2437869443	2074.3187995948983	2010.836799646539	20.4664880126	3.4656879516
365122	363	44311.1028562	2131.55588707	2139.39534939	15.916597364	2148.2913473685758	2102.431066411098	20.3698368057	3.46568537569
365541	364	44371.3349311	2169.40094812	2174.86951917	16.9630133278	2187.5895619358444	2147.5289785838663	20.4714550311	3.46568773208
366000	366	44505.0043471	2036.24210139	2028.24999344	17.3734327077	2070.9472173377735	2021.2245255152066	20.7008980114	3.46568606671
365923	365	44597.3534122	1946.9686266	1950.67653399	23.4580143929	1982.2064861886572	1912.3188938506553	20.5808503619	3.46568937882
367000	367	44858.7063711	2579.04484665	2576.033489	21.680202886	2620.7860702356124	2538.4210941813867	19.7740119881	3.46569443877
368000	368	45258.4941781	2477.14437137	2479.55126556	32.4052595191	2523.4158392579357	2430.895318311929	20.6926288798	3.46569547237
373932	369	45954.8853531	1965.24271462	1964.95989789	18.8779362889	1989.8608779988278	1938.7238343380752	20.5138386291	3.46567629401
375154	370	45968.512217	2195.72877401	2207.03478421	30.3305407587	2231.0062511398014	2144.496710876233	20.6870744586	3.46567304415
375733	371	46005.818325	2203.34401244	2212.04085437	28.7395349012	2233.4259797793356	2133.8685351450367	20.472325912	3.46567187826
376887	373	46055.0705981	2215.886478	2206.01592287	33.1143136498	2272.606097769487	2176.5519258676036	20.4501665097	3.46566507752
376301	372	46071.2533882	2215.65242547	2207.19499941	37.6321242737	2279.611692576414	2170.3115223250597	20.2428272568	3.46566632014
378655	374	46116.1606491	2192.98236173	2206.13811452	38.2839930562	2242.8575413856215	2136.1338778291447	20.2435557889	3.46565808906
379617	376	46197.6264131	2184.64949233	2185.46732361	22.8486867838	2211.8128964918687	2150.24897398472	20.5252932496	3.46565879599
379410	375	46214.4894881	2081.26266044	2080.25472815	19.3505960989	2114.0686781007894	2052.6744917594333	20.5135605109	3.46566240824
380439	378	46233.012454	2490.37129503	2472.38056325	60.261181002	2592.320691864912	2418.744983874136	20.4937599158	3.46565638029
380182	377	46241.129323	1888.98688017	1890.52355991	9.71738286424	1904.0953262229018	1873.6396932156754	20.5695438157	3.46565837899
381578	379	46313.5696321	2515.39412463	2517.04407617	34.6823671712	2563.475179240588	2467.9253312338024	20.5115429978	3.46565800417
381677	380	46334.161896	2143.07929164	2138.74151906	24.2859758209	2179.9424840516886	2110.767455987511	20.2340819549	3.46565593514
383069	381	46446.0858071	2433.45434774	2433.39754972	33.3277319887	2474.8302339256675	2386.1777602443344	20.4536273534	3.46566526555
383238	382	46490.5001822	2551.69321087	2577.14708664	51.925340413	2598.6740954186516	2470.8361964317237	20.43442654	3.46566907797
383552	383	46560.3364391	2298.01790462	2297.35592972	27.6878448822	2333.8447166845876	2249.395453539899	20.5172814324	3.46567002477
384000	384	46719.2745011	1974.27059434	1981.90058612	23.6332342053	1996.9797848821192	1921.5568557524705	20.6680198473	3.4656762066
388960	385	47716.1915421	1989.78252966	1989.28277422	12.3105977004	2012.538016328529	1974.493531662131	20.8602322802	3.46569934351
389825	386	47744.1271532	1710.49068239	1704.72985729	16.7446404382	1734.7309157857571	1692.6239493730088	20.4996935259	3.46569869494
390875	387	47770.9090822	2088.52762894	2086.95299898	10.8379750777	2105.9144831056806	2072.4492871251114	20.4507162711	3.46569930666
393176	388	47877.6952121	1939.35738199	1936.45386048	14.7489890145	1958.5126276095891	1912.0467789253921	20.2906539884	3.46570208635
394688	389	47949.370882	2070.3268326	2073.93197241	16.7320027508	2101.860117171369	2039.261011562184	20.4727921139	3.46570138197
394966	390	47950.5213671	2173.27118385	2178.33317319	18.5947882535	2200.230499604961	2143.610310516418	20.4787449725	3.46570229209
395073	391	47964.143851	2125.32122713	2126.23381012	28.6780841386	2165.7916479093137	2067.401735828382	20.4038577454	3.4656995989
395369	392	47970.2392261	2161.75835584	2146.81257458	33.4712403149	2212.626104324954	2126.2512695672744	20.4551500094	3.46570009077
395767	393	47996.0809672	2534.08594587	2523.55363685	41.3185520888	2611.3027673981696	2481.6674237849784	20.3153164269	3.46569882713
396417	395	48059.6321652	2152.69313098	2156.28043924	18.825498001	2176.119070316003	2125.336702203704	20.3891273133	3.46569549881
396415	394	48069.3015392	2033.30316569	2043.89409762	38.2070526064	2081.142505517487	1969.4876670894994	20.4650608762	3.46569697582
396930	396	48121.281981	2184.78491244	2187.56249111	21.3459591562	2230.5688677851135	2161.584518435817	20.4877600897	3.4656951719
397706	397	48296.4010231	2127.27553918	2129.86673091	25.3392616711	2158.960548160388	2093.01098861	20.7806938245	3.46569023239
398285	398	48421.9206071	1992.44833481	1990.64542044	13.1269550103	2014.1954737805308	1973.4566775055182	20.6051433487	3.4656876184
399000	399	48636.2593091	2585.59635512	2571.04729725	58.7835486718	2661.472817938622	2484.984699836369	19.8006727953	3.46569132494
400000	400	49019.539346	2574.46418341	2552.29958734	51.7659673368	2653.7813429183134	2501.260722642327	20.6603164674	3.46569966522
405794	401	49749.8906941	2006.81975861	2006.37752066	17.081433105	2028.286931801095	1978.6222944212598	20.5952537532	3.46569193503
406099	402	49762.8061061	2181.03214252	2182.01738698	16.5073309696	2204.0010254041304	2150.1853873320406	20.8052994506	3.46569073269
407128	403	49806.4734991	2170.49937765	2165.65324219	19.8674015704	2212.290729149644	2146.664259521926	20.5632662884	3.46568728999
408374	404	49855.043005	2212.53408025	2207.82586894	23.1208533302	2251.741924871136	2186.7721048416843	20.4933394958	3.46568304499
408783	405	49878.4168501	2276.44948377	2283.23970157	20.462973018	2302.6712845755187	2244.8790092822737	20.2173498147	3.46568059467
409678	406	49903.7894161	2127.9598058	2130.30507996	24.7177589533	2165.9664671616765	2088.826868348113	20.249909447	3.46567709385
411512	407	50016.9465621	2285.04558736	2310.95389609	60.7948439925	2359.4339577607543	2169.247903378431	20.494424443	3.46567460049
412194	409	50050.5430582	2716.29590999	2744.87873561	76.7819494047	2803.8352746641026	2597.239587427053	20.4807724831	3.46567268232
411873	408	50051.047029	2054.28272374	2046.58693044	17.9357495847	2079.853286421462	2034.59947852458	20.4301928612	3.46567533585
412355	410	50060.7586031	1850.60841466	1849.76996439	7.45156814035	1863.741395230978	1839.157790766445	20.557135562	3.46567319109
413386	411	50155.2140741	2504.5050806	2508.41802006	46.2271327255	2563.6676015075577	2435.6284244266076	20.4517655194	3.46567422478
413627	412	50167.739352	2161.50861789	2153.08738767	32.6071441695	2211.59842524743	2115.4438133798244	20.1964515034	3.46567551151
414798	413	50259.4086652	2417.48424348	2425.20846925	34.2959002144	2458.064592155894	2360.1003678686657	20.4178542048	3.46567668852
415178	414	50335.3367321	2431.09835794	2424.38434159	56.8130991583	2537.7458277060555	2355.1273420213497	20.4070954288	3.46568278621
415544	415	50414.1140802	2302.27559276	2300.88505523	19.3799123713	2326.5164091271618	2272.5977050317856	20.5227305691	3.46567966372
416000	416	50574.654485	1945.42487653	1938.03632757	25.6342856992	1985.205041271274	1917.6252366536094	20.8172122578	3.46568705195
420735	417	51456.8493721	2001.52920103	1999.08280865	12.6359316092	2025.8393298322146	1986.9590746389097	20.8690756014	3.46570242716
421476	418	51493.3889351	1737.22235293	1735.83374039	14.0712950083	1768.7067702114787	1718.8616716169786	20.4919144359	3.46570101295
422229	419	51507.9176672	2088.09123374	2084.13174058	23.4999897498	2125.5499114495324	2053.5006545560664	20.4350316854	3.46569858431
424953	420	51619.6297202	1876.16254225	1872.09202722	16.9504145283	1903.210454129509	1857.9189453043514	20.2768846736	3.46570191712
426645	422	51699.6756332	2182.52827997	2190.56196478	64.0981845405	2260.473330919949	2099.116194657836	20.4647615925	3.46570017584
427031	424	51712.184298	2147.25599388	2151.04715324	34.2471946462	2190.979866204816	2083.764360794937	20.4222958662	3.46570204777
426932	423	51713.4206231	2096.25819583	2097.44104423	17.9872010446	2118.310831563496	2069.377194633846	20.3573989988	3.46569903518
426545	421	51717.8574681	2156.94110947	2145.74893911	25.5259548842	2214.4408290167485	2130.5942655489303	20.4725926572	3.46570265363
427395	425	51754.0397141	2557.67654633	2551.92319114	16.4707055287	2592.835739740895	2542.97416620364	20.2695883171	3.46570039138
428088	426	51811.6888361	2151.48637081	2154.25514926	18.3944378089	2178.435744534203	2125.128422043411	20.3913334536	3.46569874198
428182	427	51840.6455841	1949.13894341	1945.40630842	23.8842110175	1988.545783128593	1912.867549633051	20.5028368974	3.46570035227
428635	428	51896.513155	2388.6501792	2373.07393339	61.5032724981	2465.1895586751607	2288.989411430914	20.5167304851	3.46570137133
429690	429	52072.9932411	2171.35699991	2178.65411264	23.2055417146	2201.744146636299	2121.7549481261044	20.768508646	3.46570033173
430391	430	52239.755444	2012.62830222	1995.34318272	44.0863764955	2073.044634299325	1951.7976935568813	20.5470601131	3.46570258539
431000	431	52474.236634	2479.40321091	2473.93400504	31.5174869059	2523.7214140871474	2434.386199899957	19.9346875805	3.46570801316
432000	432	52778.976774	2572.03061376	2568.27972715	30.3034147963	2617.3993659015673	2528.3596990897895	20.618499601	3.46571301444
437253	433	53569.2592471	1983.48447558	1987.45670592	14.6318731538	1997.649898326091	1957.2688895566669	20.5997447955	3.46570327048
437647	434	53585.5974412	2151.40288027	2148.19339555	16.6115207455	2194.4720383386357	2135.9991504446	20.8470294721	3.46569837527
438674	435	53625.0372951	2121.27054008	2111.14069703	28.7392169536	2170.086985389104	2091.933656953385	20.5798193691	3.46569681181
439834	436	53657.4184871	2210.11767313	2209.07274513	20.4027169272	2243.9593314785125	2175.134150459365	20.4947074989	3.46569636189
440396	437	53685.7993221	2287.67014047	2278.34432973	37.0616433605	2347.2815673007967	2236.2101473021826	20.2169530901	3.4656951914
440870	438	53708.5916691	2124.76430654	2121.30266045	14.7712189002	2148.1908560040965	2108.8335941609944	20.2309674904	3.46569130703
443278	439	53854.3570812	2372.98511219	2357.78036272	57.2285572359	2475.4587929868994	2310.1422083592224	20.5148500929	3.4656855622
443969	441	53874.7175002	2732.49854842	2748.59116213	58.4148561534	2790.4291204249466	2631.8854786339175	20.4409554009	3.46568263097
443955	440	53891.6601651	2081.40457545	2070.39208458	37.6830580472	2133.9856967744904	2033.171694249615	20.381484022	3.46568500575
444122	442	53901.048656	1825.90728407	1833.06165044	21.7172765728	1854.219228947822	1795.1195641666804	20.5491638464	3.46568204381
445628	444	53965.4229681	2219.32526011	2214.0290824	20.4810470122	2262.5559296565502	2198.3884181109197	20.2150454428	3.46568431263
445495	443	54004.4923761	2435.22319419	2433.70027738	20.192161772	2469.6759145575456	2410.8518692912007	20.4475267121	3.4656826424
446347	445	54055.6813302	2428.69223118	2433.86980444	36.0055131637	2471.5584913641205	2369.878148257578	20.4176314438	3.46568627321
447125	446	54173.5458431	2268.80996045	2292.19784366	72.8294997526	2341.9167298816656	2167.3766093619115	20.5303921176	3.46569374182
447553	447	54263.7351792	2358.17962564	2356.72477857	22.0837637949	2392.0969165278234	2330.101779586185	20.6502628373	3.46569564904
448000	448	54422.1239161	1973.76477253	1974.94406617	13.2083009924	1992.4764638864137	1956.3240515415598	21.0261152963	3.46570211522
453425	450	55206.3546991	1791.5043671	1789.95471569	6.69401843188	1804.5088806483984	1782.5755446723285	20.4957335504	3.46570286354
453680	451	55206.413085	2058.65250396	2058.32293564	24.6167685397	2094.476279374367	2021.8721606848521	20.3867800249	3.46570203671
452597	449	55238.1776502	2025.78408098	2024.51652778	23.0162208719	2056.0895556265723	1985.3486836403497	20.9075372099	3.4657049364
456618	452	55348.5522141	1885.34446993	1886.98795394	10.830916026	1900.3312791948824	1867.2566036718986	20.3056395098	3.4657047952
458365	453	55426.8945091	2344.4627789	2354.69846527	48.4432180435	2414.5113089425117	2250.5334385060364	20.5138228011	3.46569973309
458738	456	55448.9077501	2230.18185073	2229.79832502	19.5880210726	2260.9088332772676	2200.8570125113015	20.4756200061	3.46570079161
459290	457	55475.2023921	2511.52825341	2522.97901948	48.8355067023	2576.758510339469	2436.84188833862	20.2374856543	3.46570278346
458722	455	55475.7365222	2107.43431964	2097.81611224	24.0777989304	2146.259937901642	2075.8932186277284	20.3761625891	3.46569953987
458660	454	55480.652493	2062.10347329	2058.66436589	15.9170606771	2094.571801208291	2043.1589407484216	20.4029237557	3.46570463706
459903	458	55528.550431	2169.30188322	2170.48361796	26.0000360437	2201.54172000833	2130.922065322208	20.3905337418	3.4656973192
460169	459	55577.2105491	1956.86570439	1963.72766345	26.0241978854	1984.104278877826	1907.0023891026162	20.5338647296	3.46569928456
460500	460	55628.901994	2417.69217932	2431.92958513	42.9538229872	2474.639470015369	2353.094745044864	20.5671283518	3.46569826243
461527	461	55826.5066922	2027.35702808	2011.40795207	34.2786797817	2079.5009254473684	1995.3039977245953	20.7621168902	3.46568731425
462338	462	56032.278522	2048.58274555	2048.7464739	10.4823062632	2062.7249886612076	2034.461555829032	20.4690235136	3.46569247822
463154	463	56329.1539352	2370.95049696	2386.11270215	45.5402862423	2452.719465183353	2310.5388955486105	19.971962782	3.46570224015
464000	464	56489.974498	2509.28002547	2511.35871042	25.9382652113	2549.122181401833	2474.4421612772403	20.6192061776	3.46570384722
469235	465	57359.4787562	1971.44581533	1972.21905906	11.0832813005	1984.9656724536628	1955.2335725339292	20.5856100377	3.46570006918
469660	466	57380.1549511	2149.27270274	2154.7383755	20.9582065631	2173.706623015657	2117.053100854391	20.8629194755	3.46569723322
470600	467	57440.958915	2121.82585084	2123.87308167	15.6426272458	2140.5788311875385	2099.4769103511685	20.5506360078	3.46569411185
472467	470	57505.0844781	2145.83155348	2140.59768496	12.9121342626	2169.095243620865	2132.242345791966	20.2001494933	3.46568187529
472040	469	57507.078707	2326.72825132	2328.79149165	63.2887576937	2418.1349794098746	2240.2953134928243	20.1787177666	3.46568653817
471467	468	57515.2958941	2220.66154724	2244.84083283	45.3611407846	2259.416124497353	2132.897633890997	20.4812984195	3.46569030568
476300	474	57671.9068491	1815.09169441	1813.06633169	10.8986849286	1834.8056937315969	1800.6736633934458	20.5709968135	3.46567672713
475990	472	57714.7972832	2757.65160442	2758.63719941	59.4876761889	2846.718115451274	2673.4025835943826	20.4320127125	3.46567946088
475568	471	57722.571249	2450.94075188	2430.31000348	53.8750788271	2533.0559551566407	2392.937520591663	20.5469301326	3.46567908241
476197	473	57729.7144511	2147.78007736	2130.57026495	35.071005979	2199.9288208374687	2101.923610705732	20.378902902	3.4656808068
477145	475	57798.6128452	2225.66411673	2234.06721624	30.1105405593	2259.6647578950096	2170.9920580479065	20.2869895793	3.46568225496
477671	476	57854.1272051	2394.82934867	2403.79751272	33.8229688343	2453.103419840092	2339.9082678625628	20.5390211568	3.46568576189
478083	477	57898.561527	2499.04103299	2483.66488556	46.5045653923	2594.428053040902	2444.67936448637	20.5010539247	3.46569048859
479036	478	57922.6300142	2288.67229543	2296.27184784	42.5944107885	2346.1206228121196	2205.5419567217828	20.7313739287	3.46569845416
479552	479	58127.0473962	2404.3622787	2398.11955891	37.0131089026	2483.993551136807	2361.3743573162487	20.8039599151	3.46569964093
480000	480	58290.4697211	1964.25831386	1961.15221093	8.2890387522	1976.7608753413645	1956.2571571447784	21.1837423336	3.46570551394
484805	482	58879.0593522	1789.60677391	1788.64334348	12.6988579203	1807.5682965941328	1771.9280623311608	20.4462071935	3.46570705109
484704	481	58887.6044791	2111.51345267	2121.64395789	41.2691913891	2159.031188859883	2047.157044452852	20.2975974412	3.46570631203
488301	484	59043.3974211	1875.22184681	1873.77436685	8.28477413372	1891.320814514208	1859.792977261034	20.3135485123	3.46570827525
485962	483	59055.386714	1995.95492412	1993.33258052	10.1180464409	2018.4377349247186	1983.03021202311	20.8239577955	3.46570687698
490114	485	59110.0658331	2570.35419593	2575.33410676	43.7842956882	2632.407136207806	2483.8584020782096	20.4941324061	3.46570228364
490545	486	59110.910115	2232.42521382	2208.55389994	44.1904370694	2307.336114029914	2187.147891366106	20.4589605016	3.46570359537
491060	487	59148.2285321	2435.48474643	2422.97198404	47.0641321982	2522.3272946002508	2367.582137331313	20.1483409504	3.46570400963
491069	488	59161.1714082	2087.54297094	2086.48649088	19.7462462401	2120.8249171117077	2059.6406074088395	20.3437438375	3.46570017182
491177	489	59161.4810772	2141.58963922	2142.46081718	32.6828718323	2186.5611958088566	2094.8035140947677	20.3263795677	3.46570257351
491691	490	59192.3881352	2122.68571445	2124.33462235	34.0575194797	2172.829366440385	2077.963076117193	20.3702976978	3.46570243054
492120	491	59275.0856531	1902.79753184	1902.9196151	11.0395211187	1914.2861356651351	1877.7731441041406	20.5037650549	3.46570319595
492431	492	59323.2426131	2292.48459186	2286.51863102	33.9500786	2351.9129979904305	2244.7979462116664	20.5338510183	3.46570102296
493411	493	59522.0804172	2073.76162124	2073.87228697	28.3042221402	2129.5209699112247	2022.6903270602445	20.8100731076	3.4657014553
494181	494	59911.2958491	2100.51358884	2090.3460349	38.3366844173	2177.3183971488957	2058.0608055409957	20.5076446796	3.46570681365
496000	496	60175.507082	2563.69686114	2563.42736197	54.0302504565	2666.8597347866444	2501.0400324644925	20.6044430575	3.46571332236
495608	495	60197.710067	2357.1830456	2343.71713388	33.7660331488	2432.2487782654252	2331.271584360368	20.0766940561	3.4657137544
500585	497	61149.4890192	1968.92156032	1965.87022584	14.2069533216	1997.7629027225087	1952.5415174223838	20.614384034	3.4657073184
501050	498	61180.5756011	2233.06160781	2237.82176544	21.4228779235	2254.803262429835	2184.841036327046	20.8530193547	3.46570716783
502353	499	61215.3795381	2167.59800819	2165.34350304	11.8615672136	2181.522169278741	2146.0692650038095	20.5119257203	3.46570348137
503796	500	61267.6238451	2108.06228316	2098.80954289	48.2679042079	2194.872417203996	2054.1008492535325	20.146205311	3.46569485943
503917	501	61286.880249	2331.21302766	2330.54338415	21.7385410017	2367.569227285735	2296.965536657888	20.0811457758	3.46569803988
504075	502	61289.2853141	2145.42983808	2143.58364334	21.9598043449	2185.852597177269	2123.253221759063	20.421119743	3.46569818727
507233	503	61487.3161612	1864.32306156	1865.14659163	17.3431281644	1884.0909240950746	1839.2606124468753	20.5523032033	3.46568959527
509948	508	61504.7356031	2355.38720649	2357.26445985	20.8986514934	2386.2685842668657	2313.145855718155	20.5154927708	3.46569110615
508246	504	61520.2952111	2849.4942982	2844.63967221	53.3295997713	2958.666042264331	2771.1828165199704	20.3712731069	3.46568829355
508421	506	61522.360476	2191.14662326	2187.57297716	8.56776300393	2212.571071119769	2183.841017460775	20.30553692	3.46568998381
510395	510	61540.4067011	2284.26048242	2282.74185744	24.3218112479	2321.8515023919404	2254.7824283655877	20.6473293705	3.46569958959
508351	505	61546.7481	2427.67730372	2436.83330556	22.3500928574	2453.4261478304943	2390.66267756075	20.5123575126	3.46568916561
509352	507	61617.8506601	2328.30003234	2333.45902186	23.2531631279	2361.8203555788587	2284.673570065831	20.2438668441	3.46569164569
510342	509	61712.5650742	2780.70895	2800.04815564	101.316289283	2914.5821278988533	2602.510666093714	20.5141658489	3.46569645609
511538	511	61932.0693181	2465.62865879	2459.04943852	21.2628077719	2516.1777162698586	2443.6484699436883	20.8655555071	3.46569962891
512000	512	62097.1832461	1989.70385481	1988.9542727	9.19459483247	2002.688527499852	1973.7086680184827	21.2292833991	3.46570677454
516242	513	62437.0759952	1806.44338775	1807.98228451	8.68598145548	1817.5896472761412	1792.7972490550592	20.3217518266	3.46570844843
516482	514	62476.0911281	2117.12932	2114.99180215	11.3003067964	2134.9928768576015	2097.504044337535	20.1628176289	3.46570668852
520532	515	62579.449893	1874.72171815	1876.5577975	7.85262899727	1883.1592388703152	1861.3191453126483	20.3378378226	3.46570857648
522215	517	62655.3100071	2205.84715984	2206.57747301	57.2169585217	2284.0357961297736	2142.3823496413506	20.5159906751	3.46570759517
523048	520	62698.49933	2144.8465342	2148.1189969	34.7399733004	2186.00437368615	2095.8871588147554	20.360841984	3.46570251649
522239	518	62703.9244342	2451.85453039	2435.45609362	42.5525477882	2524.699408689288	2407.070573948237	20.5352559302	3.46570479935
522889	519	62707.7111292	2581.96374245	2579.69316494	62.8294870592	2699.5093935805858	2491.9808009877624	20.1884098328	3.46570485447
523429	522	62745.2981331	2136.4623729	2128.3628274	37.9866513889	2181.546114834919	2085.83313923248	20.4501214221	3.46569983819
523111	521	62751.871515	2206.63634861	2216.04475596	46.5034255987	2266.259526228936	2134.31379105065	20.3647604437	3.46570047201
521434	516	62783.438292	2027.92642969	2029.75472314	12.9962064303	2041.9013861886642	2004.0479357010536	20.7602446728	3.46570947134
524121	523	62863.8725832	1893.8265031	1895.44256291	9.61656475558	1904.3635907668443	1872.4352398882872	20.5657710087	3.46569553112
524408	524	62875.696552	2305.43057808	2302.28398928	32.7306904571	2363.629715421202	2245.903682560361	20.5693131453	3.46569462078
525000	525	63105.5122271	2192.19809679	2196.23638986	38.3740048747	2247.057948227078	2133.228070971248	20.7821824597	3.46570438404
526393	526	63686.0198321	2279.76915012	2282.72654229	58.3065008743	2375.0377742333126	2179.9354916171583	20.4552603859	3.4657069434
527914	527	63755.082962	2529.36473236	2521.68494292	31.7560573599	2588.5443775197464	2483.6046081108616	20.5158818963	3.46571114996
528000	528	64019.0818651	2434.9416924	2432.36272023	39.75491679	2485.357685085638	2372.87506395372	20.1820503331	3.46571586833
532706	529	64945.8758001	1982.34596212	1986.55439048	15.3010076679	2003.8871947343466	1960.7127436859537	20.5533426146	3.46571237911
533398	530	64948.285182	2175.4122471	2174.52325415	27.9696123615	2213.964087520774	2141.614661478815	20.7989550566	3.46570993716
534278	531	64982.0857511	2116.3170003	2116.55188826	22.2688533352	2151.1496051795893	2073.782633962435	20.4889188384	3.46570804288
535712	532	65044.087857	2065.1018976	2066.77191778	9.81618026901	2078.9001377160644	2047.7650080823082	20.1407673996	3.46570132053
536154	533	65061.7040761	2458.1508672	2463.51755302	49.378649652	2515.64001064002	2350.687425932686	20.0151119874	3.46570152112
536235	534	65080.3499272	2221.15233316	2210.71722083	20.9849265281	2263.123436994075	2196.9631431791504	20.3835553155	3.46569892073
541027	537	65143.3091221	2281.14791921	2280.0253484	36.5939042822	2335.466753389393	2233.759083260798	20.6303275531	3.46569394226
540573	536	65268.9496391	1893.42465625	1896.38070048	15.2354299909	1909.6503888930995	1867.9163660812042	20.6169767128	3.46569268591
540363	535	65281.1582911	2296.64952504	2293.13346861	26.0600630122	2342.5509381013167	2258.0438890994387	20.5065299452	3.46569095751
541126	538	65322.4142802	2151.65612211	2151.48545852	24.4010029919	2190.117956530561	2116.314247621909	20.3716943603	3.46569176709
541321	540	65330.199126	2378.47710873	2380.91994621	34.8233862593	2448.630957002676	2339.7064366402906	20.5839702148	3.46569007282
541128	539	65334.1241162	3062.80274317	3054.94045792	91.9237264156	3186.9170478406127	2956.3436873442847	20.4085550975	3.46569140076
541823	541	65403.7691832	2277.04669227	2275.58668596	26.9761198876	2320.12975004097	2238.5150509778205	20.1942665325	3.465692275
542390	542	65536.1548221	2904.97672627	2921.87750653	45.6708234072	2954.748869649627	2819.8453750782037	20.4262766338	3.46569080917
543524	543	65589.5600891	2508.41145391	2513.57945458	26.8665188737	2545.5503384720805	2456.5956594435547	20.796252292	3.46569678941
544058	544	65903.2240741	1974.0852767	1974.83622484	6.48866142577	1983.4076109106625	1963.3362625893496	21.1852152864	3.46570782233
547308	545	66007.8756011	1830.72766538	1832.41888558	13.2312903741	1849.253927701142	1807.2648152664256	20.1218099585	3.46571043516
548406	546	66042.980221	2104.90859546	2104.52186735	12.8579645336	2122.248269464071	2085.016503485281	20.0381034211	3.46570894585
551098	547	66146.726331	1867.98221014	1866.85012101	11.6122007816	1887.3623214767726	1852.806895208185	20.2457893514	3.46570819679
553262	548	66244.008029	2247.26800025	2262.46512542	56.8445634443	2318.465050693675	2153.0504359742563	20.5183649719	3.46570647532
554294	549	66282.4385052	2091.96940802	2092.01608875	13.8566034196	2115.613851066192	2068.908041958746	20.3573533649	3.46570175485
554343	550	66300.214293	2418.28434974	2407.18441959	42.0019943283	2498.1814388233115	2358.333851191696	20.5616457072	3.46570166528
554455	551	66304.804374	2722.81450963	2725.44062864	49.2764970443	2781.328807267576	2647.4391417376837	20.1533548932	3.46570356605
555004	552	66339.5330551	2145.65278899	2132.81282349	30.4688846944	2198.5384677647353	2114.6283295396083	20.4636325464	3.46569839112
555124	553	66359.7027471	2142.44082784	2145.06917155	17.845649407	2162.804647908149	2104.8338859057703	20.4472068978	3.46569313026
556251	555	66456.618082	1903.72142891	1909.87316513	23.0857512575	1930.5947806696101	1861.9580084704419	20.594616813	3.46569449743
556308	556	66474.267998	2348.45344461	2352.59742665	35.5523330927	2396.9129715026825	2296.05660691327	20.561388331	3.46569407586
555712	554	66560.9744301	2062.95034386	2063.64248476	21.2654013781	2093.968677376792	2030.3953968860117	20.8143949976	3.4657019997
557000	557	66732.6695821	2316.76344037	2322.25915634	35.1690658029	2378.0955283797894	2269.967758710351	20.7453519889	3.46569868817
559206	559	67388.182637	2547.06406788	2555.13315663	45.567763321	2605.8659710176985	2461.8488176743263	20.6491219978	3.46570003235
558851	558	67500.1165051	2419.42330986	2421.57942668	28.7035761042	2460.770173677057	2361.6925164646923	20.4460964253	3.46569768997
560000	560	67870.6601782	2698.16203006	2691.33413992	119.911030442	2853.6668978135613	2537.33593362864	20.0985053118	3.46570166439
565419	561	68803.9322102	2034.21670591	2038.76366652	22.3631912122	2063.998084506779	1986.4125138534444	20.5958403466	3.46570329442
565483	562	68817.6491301	2220.00367248	2216.04752646	22.3438125326	2250.5176033108455	2186.3763446839675	20.8606245577	3.46570016514
569676	567	68828.211292	2373.07293754	2378.4507465	51.3901111018	2458.378478423535	2308.816596460939	20.629198255	3.46568401828
566226	563	68866.272516	2076.04674578	2068.87304912	27.1877696823	2122.587081458302	2046.7599129934795	20.6127402021	3.465699092
567799	564	68926.248019	2069.33718533	2061.75970359	23.308675814	2104.891695776158	2044.860993654339	20.2866492234	3.46569521965
568210	565	68933.39311	2523.14123848	2522.65245433	34.9454746281	2569.5508553189925	2457.986113498699	20.0442738952	3.46569616774
568781	566	68956.2664702	2264.1592409	2257.0427211	36.9983282517	2311.2321054849926	2217.4505799372464	20.480554777	3.46569384764
572341	568	69173.18854	1861.63009814	1865.53042311	12.1392438916	1875.6276142249897	1840.8531443501156	20.6181080597	3.46567792108
572743	569	69193.150532	2379.46313556	2345.64508324	55.3244274352	2466.260104134924	2325.590613801652	20.476074776	3.46567726174
573483	571	69230.644726	2429.06425169	2408.5406438	51.7662709916	2522.9186640171906	2372.6708155190677	20.5939378737	3.46567719309
573346	570	69234.1293292	2161.36410706	2160.59515372	10.354634596	2181.058976873033	2145.969747480846	20.368796768	3.46567515205
573533	572	69236.4945571	3165.10881359	3172.03604724	52.1256627525	3239.6308547578806	3086.783380496916	20.385932283	3.46567808531
575057	575	69254.0444262	2542.50467632	2541.62380394	28.4367696543	2582.902594048048	2500.0125247104666	20.523063107	3.46567899751
574127	573	69312.9328811	2295.6526342	2295.4745351	11.4465737433	2319.240529294964	2278.7720578527646	20.1424049781	3.46567400057
574927	574	69450.261914	3079.35240938	3093.87398096	104.804226581	3209.818668157134	2937.847618208343	20.3459255654	3.46567761246
579331	577	69673.5158062	1834.13973648	1834.78142065	10.5331668276	1848.4744971293646	1816.3673557021957	20.1304353545	3.46569072059
580018	578	69693.386446	2114.054631	2112.69022211	10.9786840574	2132.331793991463	2101.5528807246933	20.0772481548	3.4656929993
582246	579	69799.0612311	1894.62139024	1896.1122312	36.3670319932	1957.9373083999521	1852.5094596930737	20.1911357898	3.46569263919
577794	576	69824.7958682	1947.5290014	1944.7198531	19.0670456215	1981.7606893767745	1922.1738301967139	20.7974460192	3.46568126366
584582	580	69915.5176802	2313.67567697	2304.7566655	32.1870521881	2370.183915976567	2275.261477132571	20.4765266555	3.46569874795
585563	581	69948.7933021	2084.3549602	2087.50673115	21.8597913295	2116.1579413179165	2038.6115065758584	20.3632796139	3.46569696771
585867	582	69953.7708321	2620.13384921	2608.05841707	47.4254018491	2686.2826245674373	2543.9106796358833	20.5063527992	3.46569833836
585993	583	69984.463387	2598.55431909	2593.16175584	23.5894519662	2636.7405978673833	2561.908995569874	20.0691193946	3.46570193975
586504	584	70012.779675	2044.8615318	2029.25171266	46.343962506	2123.172186965912	1992.3670847518988	20.4506234972	3.46570000889
586786	585	70039.267812	2098.08190096	2094.43852691	23.069927485	2152.066122258881	2072.664908858122	20.3955661427	3.46569800062
587800	586	70134.6694701	1914.96142011	1910.20460003	11.0487255248	1938.5815078193878	1902.5376056415837	20.5765613083	3.46570259197
587957	587	70141.124254	2360.23723332	2358.29164554	21.6862673518	2396.462856813316	2328.820757505528	20.5076874036	3.46570285464
589000	589	70417.080837	2396.35720428	2397.78702434	17.3054088305	2423.297867139704	2370.587051821832	20.7079787245	3.46570589341
588548	588	70459.7666311	2123.04386621	2121.78258114	13.618533718	2146.2412179098824	2099.060749179764	20.9242813411	3.46570795351
590633	590	71056.1575601	2527.22990583	2521.88109038	22.134004857	2559.7554601414213	2494.4902175581624	20.8290660568	3.46570681469
591000	591	71409.6345232	2422.78495654	2426.80336141	19.8994572101	2447.2432341160616	2388.9688183061235	20.3407322545	3.46570199859
592000	592	71796.9282792	2868.14699524	2872.70851256	30.2428201882	2909.0543815253054	2824.2559842075802	20.1028248957	3.46570932839
597808	594	72506.9937091	2444.93420854	2439.88164801	24.911939747	2481.340351664317	2406.1958917708935	20.7542169588	3.46569518887
597632	593	72692.785769	2090.83628351	2094.57101478	38.6814253199	2156.151798349127	2038.6571804647929	20.6399448444	3.46570604383
597879	595	72707.774683	2121.6630445	2124.81578447	23.1948094439	2158.714821005052	2087.587055298859	20.9153874863	3.4657037127
598682	596	72786.9070492	2063.76325862	2064.79706803	22.9393349933	2098.8863908878375	2028.7771742036623	20.6636636401	3.46570244778
599919	597	72824.7338252	2131.05327732	2138.8547365	28.6803839134	2163.6482699676244	2071.919826044175	20.3128666152	3.46569694911
600108	598	72855.9153531	2387.35782801	2380.98281187	27.4130278425	2447.6524766302364	2354.2812159499995	20.0074133239	3.46569772146
600664	599	72881.1299992	2334.64979696	2337.70538557	29.1455877507	2373.5418373519897	2288.1362922871963	20.5019065788	3.46569293839
606254	605	72954.3423772	2704.72346442	2711.31565231	53.7624576465	2768.9357066003013	2598.541297824819	20.4774518533	3.46567208734
605050	600	73097.4195352	1866.05609716	1867.87712566	11.4139153961	1881.0837913186083	1844.8187750987051	20.726892834	3.46567719283
605528	601	73110.307678	2536.41694068	2536.09195997	17.2436922467	2563.342231025685	2512.153244157214	20.5498795921	3.46567246508
606074	602	73141.663218	2594.74780254	2614.13110953	57.175781435	2657.663393801801	2502.597679336742	20.6998309943	3.4656731302
606149	604	73156.6586561	3568.49423097	3623.58319698	139.472865412	3712.676107732709	3254.839740286073	20.4909679774	3.46567465456
606099	603	73163.4401262	2188.32156521	2185.02791695	35.3278195518	2259.438334022788	2155.5424769484293	20.4089417773	3.46567307411
606627	606	73243.201035	2303.85789371	2308.70429274	18.5377831254	2323.150025309432	2258.71666688148	20.0953738528	3.46567077051
610716	608	73294.7214491	1804.43831851	1807.58173375	17.1748143499	1827.0379468205217	1779.1338849391213	20.1239528819	3.46569042208
611223	609	73336.4623821	2162.54694551	2163.33486189	21.8684134751	2194.174662034323	2118.6812389466027	20.0857570142	3.46569263879
607876	607	73377.440223	2935.1136803	2948.94982788	50.8059208789	3006.2330947008327	2865.9615166191084	20.1575513961	3.46568090785
613634	610	73409.6556711	1962.81432677	1962.80352631	11.6112490435	1981.918515258661	1945.0829226727617	20.2335440719	3.46568232439
616555	612	73536.58096	2322.94828646	2344.64977631	52.3813838016	2377.061412335201	2228.66724677174	20.5689228142	3.4656867216
617247	613	73569.4862242	2102.78791024	2097.91536915	9.17696190955	2118.5583662916747	2094.961082187675	20.4233890186	3.46568461326
617342	614	73570.5905221	2622.25839861	2604.96175113	39.7232944096	2720.057390314371	2590.488664735878	20.5383309658	3.46568548797
617828	615	73615.0843201	2738.76474204	2739.81952674	55.1194916341	2833.5120816248736	2666.079178076296	20.0494029862	3.46568907552
618197	616	73640.4456351	2064.82461134	2067.42282583	28.5421873651	2100.7529397804515	2020.2241641253272	20.4922840051	3.46568379147
618420	617	73693.8303962	2100.66432336	2104.91405221	20.7970842549	2123.766324746647	2061.3432216171186	20.3487389338	3.46567968174
615222	611	73768.684572	1957.82612848	1960.78363906	24.0518522945	1987.3008934594038	1911.0847954295534	20.6403389993	3.46567982875
619236	619	73778.0073471	2378.43208578	2377.97185149	35.9557913871	2445.2912517949608	2336.768782185541	20.4296577809	3.46568737133
619141	618	73787.3648741	1900.99521308	1901.06854888	11.9430194013	1916.7312785271477	1883.7835895414587	20.5224657798	3.46568361342
620825	620	74064.157423	2406.29666927	2416.94351419	29.9645550107	2439.7327931113114	2354.9134685897498	20.8711765405	3.4656923626
621000	621	74322.3132081	2182.38827921	2184.63132463	24.9923067703	2217.1173163153753	2124.8034850220765	21.1673342343	3.46570275116
622000	622	74710.284898	2627.39845695	2629.65008047	36.1777525998	2680.2161129890383	2545.504515645827	21.2361139528	3.46570409565
623000	623	75255.9543312	2386.12331962	2381.01093258	36.3400542556	2441.892149713698	2339.753611015782	20.3254705549	3.46570669843
624000	624	75705.3910301	2767.8694164	2763.77086532	31.8314199192	2836.2041216446005	2721.1518651945007	20.1330921152	3.46571348003
625993	625	76182.1014762	2310.2704572	2313.76608337	37.7986265406	2354.6885541663178	2249.642327417346	21.1374939167	3.46570703903
629663	626	76514.3428662	2131.28302705	2126.42386385	23.0070742985	2168.972052784373	2102.421826169813	20.6814237466	3.46570782228
629901	627	76541.637944	2175.61622019	2176.89954597	39.1656539138	2225.9561819331584	2120.584103991605	20.9257789283	3.46570262249
631222	628	76621.912421	2061.70230088	2060.75994998	17.9515789272	2098.014008225656	2032.4797525982044	20.6203892836	3.46569157503
632119	629	76647.7963481	2176.61637468	2172.02511827	33.9069607937	2221.7035488685087	2130.5908222847856	20.3423775305	3.46568809626
634374	632	76651.941602	2671.32522386	2668.79142736	33.10206847	2720.052870056177	2635.6334724504063	20.435417472	3.46566350765
632765	630	76699.9170361	2286.17761751	2296.23965327	42.7099179458	2349.4568553430486	2212.569229112485	19.9576315682	3.46568649672
633232	631	76721.721895	2324.96970504	2323.64785272	15.1379579749	2348.182660522785	2298.2758965143476	20.4419342586	3.46567984931
638302	633	76970.637563	1843.19805228	1848.55002188	19.7180641709	1864.1363514744828	1805.490946353161	20.7913495051	3.46567447113
638618	634	76971.24002	2515.36648907	2512.37551756	25.8063974886	2554.614499333096	2473.220427693288	20.6125099993	3.46567610731
641967	639	76986.0260131	1813.08741714	1811.89909998	21.2549181754	1843.029157365721	1775.658050632251	20.1668839177	3.46569660903
639659	636	76999.9268482	3834.63299449	3838.44226487	204.175697043	4089.312855039317	3558.352552830653	20.4928811989	3.46567569113
639668	637	77006.8742912	2252.26480195	2250.07294038	12.7172110473	2272.134871555908	2236.5144694241435	20.359043397	3.4656784935
639373	635	77020.824142	2389.61161417	2392.46057241	44.7563205925	2475.3861166797747	2331.812739661607	20.7405059209	3.46567796558
642898	640	77029.4138	2160.48483674	2161.15543722	11.1640950107	2174.8253786369305	2145.1113824199074	20.1081697513	3.46570005453
644516	642	77088.9725502	1978.24319365	1977.20882026	9.34370981461	1990.8531936445954	1960.4027848804321	20.2076563895	3.46569465128
641415	638	77127.0682461	2225.55520127	2220.72757081	46.5695597738	2290.815864743912	2169.6999842582245	20.0868975241	3.46568368913
647704	643	77238.4812112	2216.05632457	2210.49669515	22.362807607	2249.3063024164653	2191.6709084763593	20.6613281976	3.4656893423
644348	641	77239.5958431	2891.34174659	2917.85147376	84.7878801446	2993.474752071416	2762.8858351826193	20.1609346953	3.46569462311
648399	644	77254.762388	2106.26972097	2100.44831434	15.6654672342	2127.8888894127513	2086.7760607840028	20.4076274731	3.46568090543
648474	645	77273.7579761	2676.68668882	2671.26892623	32.0923541433	2734.0269732154707	2620.7884856356304	20.6054776213	3.46568423966
649199	646	77299.6192951	2810.8591652	2813.88597318	39.8933866278	2877.5609983342742	2731.9023344814445	20.0088094799	3.46568659845
649594	647	77336.7250972	2052.3197227	2042.78288534	25.2329426126	2102.384399939478	2024.1713853810124	20.5412139618	3.46568214613
650192	648	77385.336416	2158.96302179	2162.22689362	14.5535061635	2176.9551539869776	2135.898633329827	20.3314446939	3.46567192408
651167	650	77500.3798392	1904.71898552	1903.22694396	12.6196149988	1922.3437933596936	1888.982445859934	20.597001156	3.46568281915
651069	649	77505.8253491	2454.50393078	2461.77666214	32.0639622639	2492.452901831476	2400.882588821582	20.4696895849	3.46568039212
651200	651	77613.327482	1854.23361619	1851.57804	13.7775042799	1881.8346614734537	1836.795038074867	20.7156284776	3.46567965081
652236	652	77801.1103022	2258.5153665	2251.1896321	60.2588650248	2369.4334505889524	2189.653452853979	20.8563860129	3.46568764077
653000	653	78112.452111	2153.60460765	2145.67208895	31.4785857438	2195.5549239485213	2107.5432543912452	21.2542966081	3.46570378361
654000	654	78443.6153421	2710.64997122	2707.92861681	25.6865979271	2760.9707726310694	2669.0645679826657	21.2347927203	3.46571047548
655000	655	79052.6600261	2377.20437075	2375.71222108	27.785239325	2421.106425905533	2332.815068781636	20.4018109374	3.46570944605
656000	656	79506.5664911	3141.05245097	3210.37572711	164.138545006	3276.551904049525	2798.17930946851	20.0557241479	3.46571733482
657050	657	79947.8908582	2224.22636285	2226.33116147	28.4117171912	2274.914252341445	2178.7230594826065	21.3501069643	3.46571249667
662160	659	80313.9307692	2244.30363264	2242.89593773	15.9327786079	2276.9644334513246	2217.023373783936	20.9583614735	3.46570858545
661725	658	80327.7474511	2165.4355687	2168.14276335	19.7932592124	2207.225945641427	2137.426114422465	20.6967984871	3.4657089049
663919	662	80403.3354251	2713.56148594	2715.14084136	28.4219497741	2747.4365615579445	2661.219903494921	20.385639899	3.46569115881
663342	660	80436.5148301	2074.50554984	2079.12671492	14.1329472895	2090.6058037385305	2046.223756991254	20.6131511754	3.46570129248
663834	661	80467.4657831	2156.6412772	2156.66472277	16.1462411915	2178.8893153667223	2130.69438842437	20.3490387543	3.46569997289
665469	664	80508.579349	2298.10832421	2300.48597904	14.6027046408	2318.6984811850975	2268.6419561459907	20.357649041	3.46569566961
664921	663	80516.1707492	2285.42233933	2283.17533729	23.7609549953	2324.4372321237524	2252.760237606421	19.816327899	3.46569489328
674403	671	80766.0909281	2158.96758514	2158.1730004	17.5387907062	2185.873497878305	2131.137878532899	20.1914760309	3.46569706354
672602	665	80780.192024	1833.149658	1836.73599081	11.6520528297	1843.7765404586305	1810.4897927398226	20.7263470477	3.46569027187
672951	667	80796.632859	1848.71901093	1848.78511508	11.6856473642	1868.8714182266438	1833.8466257009518	20.2711701665	3.4656945837
672701	666	80800.534363	2541.22323313	2547.83816248	43.120425113	2598.969295438638	2463.005194926858	20.6050745099	3.46568761818
673760	669	80818.858727	2217.31023956	2216.24211767	17.7183045063	2247.273638829493	2187.1549547835134	20.3217243425	3.46568836162
675836	672	80825.758934	2001.66492755	1993.75799995	17.8493555433	2033.8357019146013	1980.1626852474487	20.2685242434	3.46568881531
673683	668	80837.566082	4045.23807446	4048.44096648	43.8707084663	4123.432936872113	3982.574555314636	20.4514471777	3.46569000062
674170	670	80851.3241901	2445.90332308	2446.80703846	34.4941190137	2490.8738987800853	2387.592249643084	20.7207582202	3.46569084667
679485	674	80956.095885	2160.16413705	2162.88370498	17.5776321531	2187.8270634512196	2130.085611270722	20.6701690432	3.46568791595
676818	673	80959.8926432	2177.83811947	2176.92365523	9.70517737849	2192.042644210092	2159.5221591211275	20.0486941576	3.46568733144
679748	676	80991.0606601	2121.0049677	2121.40116284	20.5537321066	2152.5507867016145	2093.7651789398437	20.3918400713	3.46568058334
680628	678	81019.5968041	2743.97464207	2745.987332	45.4070321453	2812.54921080995	2686.4854099652835	19.9580771815	3.46568805241
680179	677	81026.1780982	2619.11024061	2619.83466456	34.4560953811	2668.276367719266	2574.9939495546396	20.5950706794	3.46568449374
681134	679	81078.7165642	2048.62897541	2039.94509632	37.7304599384	2110.5868261936907	1994.7741747113578	20.4501565176	3.46568798743
679537	675	81103.4336882	3143.7723113	3157.75082931	104.427639248	3267.0738602052884	2940.782435335134	20.2093039792	3.4656913138
681704	680	81143.3354061	2155.21352417	2161.36010682	23.7303970236	2188.925295965609	2119.5754129763673	20.320535213	3.46568559069
682799	681	81218.9270811	1981.34971726	1984.56780182	21.8184563941	2011.3811975276533	1936.259823988519	20.5477512497	3.46569469844
682843	682	81231.872601	2375.69241172	2376.3683275	21.5311967573	2409.4234981051227	2340.794904146947	20.463308639	3.46569302586
683470	683	81412.60133	1842.18512873	1840.02105927	10.5767154147	1859.6426784352245	1829.648220857134	20.8053274278	3.46569600839
684121	684	81586.1990781	2160.79401252	2164.22541699	14.5422617746	2182.449766628312	2134.073396519625	20.628228932	3.46569673366
685061	685	81892.127768	2177.45706224	2183.04207654	49.736087802	2248.44586452173	2108.4585726496407	21.3008283252	3.46570739349
686000	686	82173.0692432	2566.05896883	2570.24822198	31.1750463997	2627.3999767829673	2513.260661716285	21.2686105326	3.46571209812
687000	687	82847.268008	2321.09059248	2319.55920461	35.7570905763	2385.0286650530534	2268.639417091704	20.4666675986	3.46571153514
688000	688	83352.667201	3077.40808164	3103.77061764	93.4824105437	3213.2366342047735	2900.884097806295	20.0709672186	3.46571604863
689000	689	83709.4202042	2190.12430395	2191.73996373	18.6697295172	2212.4819364079976	2163.6926216588304	21.4668772713	3.46571405763
693821	690	84086.7759252	2257.69065085	2261.81636433	17.3746587062	2276.3207006811817	2223.2961604182005	21.0338968195	3.4657065986
694068	691	84112.6847241	2195.00291641	2194.67487986	23.2934432567	2224.768276760677	2150.3631249423597	20.6981208789	3.46570791132
695095	692	84169.7962461	2724.00849419	2725.10809779	33.6585267292	2766.1101258825097	2654.025902499658	20.4363881434	3.46569648415
695619	693	84220.6332071	2012.84769817	2018.37944386	20.3772977641	2043.3267213305148	1981.4070672145792	20.6788669781	3.46569701082
696185	694	84243.826256	2253.97944856	2261.50692995	41.2484653535	2311.5249355841797	2186.839890427341	20.3278460475	3.46569897445
697237	696	84291.492224	2280.30762107	2264.05655067	44.977311946	2348.866382072677	2235.005352164916	19.7189538512	3.46570078412
697067	695	84300.3674202	2358.24317756	2352.13312087	55.8848250817	2479.3638894179167	2295.4264051189857	20.2980406742	3.46569719517
704953	697	84533.2278862	2180.24464518	2175.43872656	14.4483313046	2204.522496764549	2157.500934869877	20.254283217	3.46569929407
705951	699	84564.6224101	1835.52763073	1830.46175569	12.6652640852	1859.2405264083047	1821.1410917686194	20.2851567711	3.46569698815
707110	702	84588.7865081	1944.69475338	1931.16787242	38.011173212	2019.7182130838569	1907.1130799337366	20.2963781564	3.46568907085
706351	700	84590.650939	2488.62812278	2474.30848045	89.8432998459	2624.655655450313	2396.3122202700692	20.5787471067	3.46569190282
705713	698	84608.5488491	1802.06355336	1797.24387552	13.8861827593	1835.2536805261811	1785.2428420348017	20.5975957183	3.46569502569
707000	701	84622.5629911	2231.58353074	2218.92842168	33.9733980676	2298.980667556481	2189.261820839539	20.26910955	3.46568979387
707882	704	84669.5367911	2379.14591328	2396.03014872	60.3151137065	2446.9541431754437	2266.246584203048	20.6734112892	3.46568972884
707664	703	84678.0248721	4180.3211933	4047.79817349	261.849832637	4636.361583553764	3946.9161116535242	20.4300559087	3.46569066441
710557	705	84716.5086372	2134.77135123	2141.36701314	34.2582746313	2177.6935102185334	2094.242784586859	20.6775495106	3.46568892897
711481	707	84761.2648401	2111.35693309	2117.26198827	18.6115123073	2133.3245113501325	2078.3931397762212	20.4188052084	3.46567824493
711947	708	84789.5716221	2795.64808193	2799.37317298	22.2847528901	2823.1118996077757	2750.933197159951	20.023525821	3.46569029942
710946	706	84799.802834	2203.38028648	2199.37381953	34.4482137831	2252.649297577329	2148.6088921483865	19.9798184037	3.46568803566
712097	709	84799.955925	2549.36291887	2532.72944815	39.2626722383	2616.3574642457197	2503.0461983789883	20.5858452971	3.46568411932
712969	710	84865.790554	1925.49604982	1917.6632964	32.0300505525	1990.5806504701989	1892.249000084367	20.3868541452	3.46568842505
713749	712	84919.9592412	2175.65004173	2168.16876253	24.5724116391	2221.4863753785407	2152.657822356259	20.3021664372	3.46569086634
713398	711	84934.0410922	3275.67267389	3263.05411034	72.7400207789	3393.124136574884	3162.0584318503397	20.2463455728	3.46569359194
714417	713	84999.8873	1996.2618054	1996.1566644	11.4647511018	2014.8403774000567	1978.9549951517427	20.4546635444	3.46569796214
714473	714	85009.2303421	2457.70728396	2450.49972881	69.1298154635	2604.9605449779738	2382.458687578179	20.4507194661	3.46569597999
715511	715	85196.8838532	1843.1436801	1841.68138779	5.40398305968	1851.9850683069649	1836.4221268046465	20.7871430459	3.46570396336
716140	716	85399.296185	2178.39296994	2183.04031931	27.8479798473	2223.8126409545835	2143.07462016018	20.5038875254	3.46570306587
717201	717	85679.0995691	2227.2071617	2229.37638105	16.4035535616	2249.621916799455	2199.030057233973	21.4009214117	3.46571156971
718000	718	85971.61253	2442.6274468	2424.84497841	58.3163827445	2532.713441298902	2353.874816703517	21.2385092518	3.46571246068
