steps	episodes	elapsed	mean	median	stdev	max	min	average_value	average_entropy
31511	8	3273.93637896	1995.03494126	1995.4393222	3.9012135353	1999.3803859990435	1987.8403283499883	nan	nan
31517	9	3278.03393698	1994.89225043	1996.35847665	4.46473864075	1999.5225560487456	1985.2243018878075	nan	nan
31254	3	3279.3812108	1995.08685881	1996.27557157	4.07247347029	2000.1160353340774	1986.9149401112602	nan	nan
31463	5	3279.39913988	1995.67753738	1996.61507447	3.97384841719	2000.0878785694786	1988.3948175308303	nan	nan
31489	6	3283.73196387	1994.6744599	1995.90885859	3.80375269378	1999.601878579038	1987.406788142101	nan	nan
30931	1	3285.44277883	1994.90012418	1996.60238727	3.96035771054	1999.1977667621773	1988.1470535993487	nan	nan
31243	2	3285.62183595	1995.29047752	1996.045913	3.68979628787	1999.2509813189868	1988.5960771133573	nan	nan
31555	10	3287.95122099	1995.07849933	1996.17240897	4.47309767939	1999.6618989640394	1986.2350936991245	nan	nan
31499	7	3302.68674684	1995.21612618	1996.43279436	3.77059483084	2000.1473282302384	1988.4553727736086	nan	nan
31582	11	3302.80339885	1994.77599944	1996.85745506	4.42360868452	1998.546862720081	1985.999728886893	nan	nan
31855	19	3308.14846182	1995.05073217	1995.65951336	4.03073715343	1999.223090052972	1986.9221582097325	nan	nan
31784	14	3310.78811383	1994.82855326	1995.70874253	3.73379719869	1998.6405342134653	1987.3185580337274	nan	nan
31946	25	3317.49667096	1995.06607936	1995.66171713	3.93662535648	2000.1843184483535	1987.666410942412	nan	nan
31448	4	3325.15419698	1994.97996694	1995.52511316	3.99680687765	1999.343289999356	1987.869077857754	nan	nan
31877	21	3328.46548796	1995.5018297	1995.98234418	4.85338943439	2000.8543123785905	1986.8614487907817	nan	nan
31666	12	3330.97135687	1995.17425886	1995.96079666	4.01496891497	1999.5267405592735	1987.3350790855864	nan	nan
31985	29	3333.42917085	1995.85506302	1995.73152806	4.0303407787	2001.8719169861934	1988.8310775604434	nan	nan
31733	13	3338.19447899	1995.22388147	1996.14452882	4.43441301994	1999.7214239234202	1986.3157316162271	nan	nan
31972	27	3339.06105781	1994.83337253	1995.85249492	3.80384524425	1998.4073275636422	1986.9258914324773	nan	nan
31805	16	3344.70735478	1995.1835478	1995.93225674	3.81239156464	1999.8814775790208	1987.302741730955	nan	nan
31804	15	3345.25116181	1995.32892945	1995.58008371	3.98096967807	1999.7109099032493	1987.9143018535528	nan	nan
31853	18	3348.14180779	1994.95983922	1995.86756825	4.05533282546	1999.028082501112	1986.3432251840595	nan	nan
31885	22	3348.7522428	1995.13949255	1996.30423459	4.59331591844	1999.563769168077	1986.5201197297877	nan	nan
31833	17	3350.971766	1995.35817354	1995.74309411	4.41339334292	1999.8643968058377	1987.6713247375055	nan	nan
31918	23	3353.77491593	1994.37096039	1995.29210349	3.68853098127	1998.908352620974	1987.7887710630646	nan	nan
31856	20	3356.42272091	1994.99322506	1996.00097897	4.04115377531	2000.407807275449	1988.28535480636	nan	nan
31928	24	3363.63686395	1995.12530905	1995.59814656	4.20409401802	2000.2880987790554	1987.804444123144	nan	nan
31998	31	3369.45832992	1995.00359519	1995.92289724	4.614881846	2001.2748177558033	1986.3910428854922	nan	nan
31997	30	3370.45316386	1994.62724805	1994.8814316	3.91768966662	1999.57666714792	1987.6063501021792	nan	nan
31952	26	3371.69271994	1994.97710208	1996.81943031	4.43542097698	1999.3739001025283	1985.326502387569	nan	nan
32000	32	3375.9947269	1995.82003527	1996.47967209	4.18901307215	2000.5763449723822	1988.1318889277725	nan	nan
31980	28	3378.49009895	1995.12526329	1995.915104	4.5311626804	1999.6585113375936	1984.8758255781663	nan	nan
58774	37	6575.668993	2002.49488799	2002.49214769	1.45697232674	2005.3382668637726	2000.603726964898	nan	nan
58785	38	6584.35974288	2002.1779645	2002.41204262	1.81075236401	2005.8313745910539	1999.2317875391186	nan	nan
58070	34	6585.29357791	2002.72502233	2003.11496555	2.05309998895	2005.7325522453652	2000.0054002934912	nan	nan
59217	40	6595.00031185	2002.14138836	2002.26429288	1.99961644129	2004.6754880528952	1999.513247351513	nan	nan
57843	33	6595.36651683	2002.16084069	2002.00373778	2.21207648795	2006.0884266837593	1999.3368058868848	nan	nan
58329	35	6606.12972784	2002.76464493	2003.42806386	2.29373933294	2006.03742265475	1998.7457051804993	nan	nan
59001	39	6608.34560299	2002.57046753	2002.14518197	1.83818821214	2006.7425998436536	2000.4922015310842	nan	nan
58394	36	6610.08415198	2002.12439588	2002.26213222	1.46474956948	2003.7618914111777	1999.1539439469707	nan	nan
60602	42	6615.4846518	2002.21833394	2002.82129947	2.22098549892	2004.601710630736	1998.6411249814112	nan	nan
60528	41	6620.28226995	2002.70818098	2002.45713369	1.71974796656	2005.3038866176928	2000.1995360245653	nan	nan
60795	43	6623.41121197	2002.91763011	2002.82522608	1.1052203695	2004.7726355332613	2001.3414252855273	nan	nan
61127	44	6629.77397799	2002.68325888	2002.12620237	2.23203453701	2005.7919253626571	1999.1773229087287	nan	nan
61802	45	6652.6359539	2002.12036537	2001.37708374	1.70032703475	2004.9696448000554	1999.4933023312142	nan	nan
61844	46	6667.18463492	2001.99276997	2002.28682889	1.9373884352	2004.2920443009214	1998.870552354118	nan	nan
62444	48	6683.56210685	2002.26642666	2002.20826797	1.75613117295	2004.9602797232887	1998.759009257359	nan	nan
62837	50	6699.987885	2002.69803037	2002.39544499	1.70717740743	2005.3832735680298	1999.8969332032345	nan	nan
62793	49	6716.01833987	2002.28233521	2002.65699767	1.65340193217	2004.3153664831386	1999.0284078627203	nan	nan
63035	51	6726.89120889	2002.10780856	2001.87616408	1.48597967978	2004.4145732643779	2000.3749879952968	nan	nan
63408	53	6731.99096394	2002.35914037	2002.3134532	2.09625128894	2005.5215187117528	1999.6329930362601	nan	nan
62420	47	6735.218436	2001.73895418	2001.5552643	2.05121323108	2005.0201881117027	1998.2653899014208	nan	nan
63425	54	6738.6628418	2002.21398507	2002.86831353	1.79414370698	2004.1052023273385	1999.3441286292473	nan	nan
63612	57	6745.19169092	2002.14608332	2002.87787603	1.83352842151	2004.15067802539	1999.1603333266617	nan	nan
63318	52	6746.22761297	2001.90146278	2002.31429983	1.66832759615	2004.6071965678377	1999.0682720703453	nan	nan
63460	55	6751.37837481	2001.97937103	2001.77127973	1.26661135764	2004.4599614101523	2000.4483321038992	nan	nan
63515	56	6755.47426081	2002.29930401	2002.57859228	1.66202031345	2004.4944377091294	1999.425908718523	nan	nan
63632	58	6756.61480689	2001.82252885	2001.57143983	1.48675315323	2003.4828317858528	1999.541323251704	nan	nan
63797	59	6777.15639591	2002.31006585	2001.94760868	1.95575821783	2005.2798444166579	1999.003665451677	nan	nan
63924	60	6786.90782881	2002.20387599	2002.12731528	1.37602635377	2004.6781970588431	2000.1319250025433	nan	nan
64000	64	6792.2806468	2002.38240201	2002.11494785	1.2846792692	2003.9006228613966	2000.292383429106	nan	nan
63969	62	6810.60839987	2002.45831058	2003.00486253	1.81899858265	2004.238836951174	1998.4707617070237	nan	nan
63990	63	6811.5357039	2002.0967195	2002.25530839	2.26926510207	2006.2223805199485	1998.752727309732	nan	nan
63930	61	6812.41734791	2002.4205516	2002.51440126	1.56942655372	2005.5609799328117	2000.0792929292297	nan	nan
83667	65	9893.27223301	2005.80949171	2005.87213773	1.1191135984	2007.3332202582267	2003.2880997986035	nan	nan
85224	68	9894.6656189	2005.54977819	2005.96623552	1.60877967063	2007.4498763851836	2002.790559968872	nan	nan
84021	66	9902.12395883	2006.33414904	2006.3505213	1.40205070179	2007.9971864101383	2003.9356507070688	nan	nan
84275	67	9913.05486488	2005.80036373	2005.96150022	1.08480515026	2007.4254701228206	2003.4874919374793	nan	nan
85446	69	9919.17720795	2006.49546717	2006.80200059	1.42593778186	2008.6572275983954	2004.18670853544	nan	nan
86730	72	9925.83155394	2005.54624936	2005.74490673	1.341237957	2006.89643698523	2002.531465191869	nan	nan
86479	71	9930.10848594	2006.73365785	2006.90792001	1.13896027029	2008.1682418937671	2004.7340213699456	nan	nan
86246	70	9930.58717299	2006.16114432	2006.06497704	1.48160297798	2008.5793633695025	2004.158973337132	nan	nan
87413	73	9945.01317883	2005.87619027	2005.77409409	1.21358305357	2007.686303177393	2004.214788962593	nan	nan
87448	74	9958.70486283	2005.75842341	2005.91876584	1.43741668897	2007.6271541688723	2003.673565048209	nan	nan
87783	75	9959.23128796	2005.69527295	2005.3675136	0.964019207251	2007.5423658176212	2004.6737617450526	nan	nan
88373	76	9987.45041585	2006.31431204	2006.33060947	1.14640087102	2008.0187689845982	2004.553572573996	nan	nan
89805	77	9999.29351091	2006.38992106	2005.82971376	1.63542075419	2009.1544639241845	2004.722570023777	nan	nan
90558	78	10000.918304	2005.8876908	2006.27006943	1.32435047021	2007.2488607093794	2003.7046971951193	nan	nan
91562	79	10053.9162788	2005.2709359	2005.59909573	0.974437126503	2006.226945869348	2003.1447136996208	nan	nan
92279	80	10054.6490819	2006.14559051	2006.03303327	1.16452975503	2008.2382728292735	2004.6189228434719	nan	nan
93538	81	10126.318244	2006.20388852	2006.37454322	1.17165053876	2007.892527055766	2004.2075766796895	nan	nan
94144	82	10127.2688119	2005.8866959	2005.92170248	1.12115319877	2007.6701351525194	2004.2769347268927	nan	nan
94311	83	10144.5767238	2006.09621023	2006.02075292	1.4162822928	2009.0690444593113	2004.2432228832715	nan	nan
94534	85	10148.148052	2006.45441575	2006.18605144	1.16020356716	2008.7048020969298	2005.1799121126264	nan	nan
94467	84	10149.279567	2006.00862676	2006.19229971	1.79762015101	2008.3533737361658	2002.8766733551108	nan	nan
94914	87	10155.1095319	2005.78020796	2005.52499195	1.74525222058	2008.967294747578	2003.4724173939946	nan	nan
95094	88	10159.7414079	2006.70041247	2006.87370097	1.39251805891	2008.6063336440511	2003.4301620423873	nan	nan
94858	86	10162.952956	2006.04677518	2006.02999771	1.40675848774	2008.2555759814138	2003.4279945842027	nan	nan
95196	89	10176.3435049	2006.15320716	2006.38361819	1.50972543364	2007.7688462325273	2003.109208743689	nan	nan
95209	90	10177.34022	2006.10760124	2006.25077842	1.18525564989	2008.0054183044524	2004.2312958793304	nan	nan
95588	91	10191.9728549	2006.71407875	2006.36842277	1.69957723506	2009.8602794198305	2004.1772648785225	nan	nan
95793	93	10218.34831	2005.79847683	2006.16052439	1.63967828163	2008.664595290743	2003.2622441595822	nan	nan
95740	92	10218.4205599	2006.0712952	2006.3295137	1.10128703546	2007.029891137392	2003.4254496800338	nan	nan
96000	96	10236.9453709	2005.98418048	2005.69073659	1.40037772651	2008.8609553831764	2004.0290363527572	nan	nan
95992	95	10239.6990108	2006.19999161	2006.6947168	1.26557736993	2007.421307331585	2003.7867558963776	nan	nan
95987	94	10249.3685608	2005.76706422	2005.34223068	1.73888217005	2008.3117677590278	2003.3243519413106	nan	nan
111995	100	13251.8324318	2008.6875461	2008.61314088	0.877944008363	2010.1163067836223	2007.3148226217538	nan	nan
110713	98	13267.9341559	2008.73680873	2008.66487248	1.39316527988	2010.5831433029625	2006.401443386144	nan	nan
110573	97	13268.2997298	2007.88451242	2008.2279593	1.48806371167	2009.9242094838014	2005.6531107397427	nan	nan
111316	99	13275.8225908	2008.30291112	2008.69792627	1.28052205176	2010.0107671787375	2005.4962836610773	nan	nan
112737	101	13279.868933	2008.60221295	2008.55982705	0.715908088849	2009.813205772993	2007.2087761351138	nan	nan
113041	102	13300.1484728	2008.28719208	2008.4117902	1.12982249807	2010.4061686718549	2006.8847744130803	nan	nan
113642	103	13304.3526289	2008.10454772	2007.97173183	0.998571191315	2009.6909305740066	2006.9508883439746	nan	nan
113826	104	13316.4159608	2008.41644355	2008.3241494	1.42262865882	2011.3000813041733	2006.2763547617255	nan	nan
115517	106	13337.5596528	2008.39072077	2008.62975163	1.48408188591	2010.1982173969282	2006.0482836629053	nan	nan
114520	105	13339.9185569	2008.16589358	2008.27611832	1.02674663569	2009.4035378172462	2006.5575621442567	nan	nan
115831	107	13343.146472	2008.15681016	2008.34116076	1.21946240737	2009.8257473351507	2006.0446503761607	nan	nan
117593	108	13372.8399298	2008.57219742	2008.81281945	1.0037061024	2010.195359323412	2006.833939548941	nan	nan
118386	110	13390.3477399	2007.88207072	2008.22315486	1.16174827037	2009.2859681609339	2005.5769674071087	nan	nan
118199	109	13402.5069449	2008.54259346	2008.08552879	1.265885353	2011.7882093462686	2007.5084154001452	nan	nan
121345	112	13454.7774408	2008.30304754	2008.36311612	1.3379005703	2010.0807833365843	2005.1066293758392	nan	nan
125123	113	13456.580148	2008.10405609	2008.42317859	1.30526968999	2009.4901989598636	2005.637864252213	nan	nan
125185	114	13465.404285	2008.36675498	2007.87619427	1.99877559695	2011.9999682434163	2005.7008534985225	nan	nan
121243	111	13469.7429428	2008.23597791	2007.89098707	1.05140894044	2010.565997632646	2007.2655963207403	nan	nan
126024	115	13478.3811009	2008.07457956	2008.48236176	1.2162257441	2009.600961782722	2006.2801686200066	nan	nan
126347	118	13489.6071198	2008.59140748	2008.64559536	1.01946160078	2010.180718764809	2006.6243737757557	nan	nan
126201	117	13501.7803349	2008.66652615	2008.50852096	0.70276593875	2009.6951656569931	2007.6388525223872	nan	nan
126623	119	13502.565907	2009.00830364	2008.91159266	1.03832482345	2010.702023790817	2007.6964141952724	nan	nan
127098	122	13511.5609949	2008.59472852	2008.68050195	1.33273941496	2010.520967573142	2006.8487171542856	nan	nan
126721	120	13513.5694699	2007.94485004	2007.6232275	1.20757931668	2010.054896043313	2006.271662653787	nan	nan
127059	121	13528.5677049	2007.95481418	2007.93874794	1.19723078966	2009.5520777001025	2006.2470460818633	nan	nan
126180	116	13537.6499579	2008.66516978	2008.52811719	0.898587477839	2010.0968781690906	2007.239264916508	nan	nan
127349	123	13547.6616738	2008.26313681	2008.12125568	1.25941012127	2010.3110961804925	2006.772992840492	nan	nan
127751	124	13550.5840528	2008.99464109	2009.04022811	1.65133588559	2011.770882385763	2006.610247413415	nan	nan
127794	125	13580.534698	2008.42294444	2008.7792615	1.65358671246	2010.716703290565	2005.999807040726	nan	nan
127975	127	13592.818084	2008.20029768	2008.05092813	0.999691198743	2009.9275059141798	2006.9281400771126	nan	nan
127939	126	13594.9728999	2008.6405075	2008.89208896	1.02066529061	2009.9237105013958	2006.6868044445423	nan	nan
128000	128	13616.816288	2008.32981809	2008.19540457	0.970620649233	2010.0306241317928	2006.8199917166355	nan	nan
141847	129	16591.328234	2010.19116747	2010.37974405	1.17615637552	2011.8472194205658	2008.334573807936	nan	nan
143188	131	16629.1989808	2010.3640529	2010.35530897	1.00248623578	2012.4742235711824	2009.1500280016905	nan	nan
143955	132	16636.2334888	2010.51407745	2010.68129519	0.997913309769	2012.2723706807622	2008.7965987767686	nan	nan
143168	130	16637.8348079	2010.80326808	2010.99467337	1.44939146338	2012.6704354194871	2008.476892594614	nan	nan
145873	134	16661.135196	2010.11233941	2010.23116697	0.950223771578	2011.4123697583796	2008.192236315742	nan	nan
144370	133	16668.3115819	2010.58696188	2010.5150337	0.980111973993	2012.1483120334897	2009.1577303799804	nan	nan
146404	135	16686.105999	2010.35318631	2010.43769209	1.15704324378	2012.1725574203294	2008.5476749985964	nan	nan
147114	136	16694.1910498	2010.37974863	2010.1481971	1.23925675845	2012.5613600956235	2008.9029745131481	nan	nan
149255	139	16718.553196	2010.09157098	2009.71308733	1.43092544639	2013.474397466322	2008.550727717497	nan	nan
149185	138	16723.4963598	2010.04509133	2010.06857042	1.54035640542	2013.0421237546059	2007.5318495168508	nan	nan
149165	137	16740.8778999	2010.07842275	2009.67838237	1.12106244192	2011.9677300057783	2008.2987778592237	nan	nan
151339	140	16766.4023108	2010.72276681	2010.55472411	1.61592552326	2013.2788523055485	2008.6030341421672	nan	nan
152580	141	16767.0958028	2010.47234881	2010.60443271	0.800984545343	2011.3871774941153	2008.9644075935523	nan	nan
155999	143	16787.705436	2010.30801591	2010.40048096	0.790749598181	2011.5144678814504	2008.721120857051	nan	nan
157192	147	16787.722446	2010.26564044	2009.85224048	1.42329331532	2012.6402298390874	2008.0864341310944	nan	nan
156503	144	16800.2631729	2010.58682386	2010.31818613	1.35058918774	2012.8991259711793	2008.9604206201222	nan	nan
153556	142	16814.9622049	2009.51689633	2009.53588094	0.95655914339	2011.0688103537539	2007.774964303645	nan	nan
157713	148	16825.7014029	2009.83274847	2009.78605542	1.02421936775	2011.7048577573782	2008.36692738492	nan	nan
158215	149	16833.1354108	2009.77307842	2010.20843636	1.12996213687	2011.0184212815202	2007.7166763524283	nan	nan
158480	151	16842.503933	2010.63839215	2010.65937667	0.989777027964	2012.3632674216565	2009.4121387967173	nan	nan
158342	150	16851.1606228	2010.67506601	2010.97760151	0.952595862393	2011.8212240770824	2009.11824124452	nan	nan
158538	152	16851.8201518	2010.63117901	2010.77266333	1.28752073357	2012.0321027745115	2008.2034203503588	nan	nan
158888	153	16864.540885	2010.68667826	2010.70907285	1.1173731792	2012.162433845292	2008.754290678665	nan	nan
159385	156	16864.6046169	2010.0023584	2010.28498063	1.49626234894	2012.0545115810337	2007.842590982122	nan	nan
157180	146	16875.634089	2009.92785524	2009.82996568	1.4594722194	2013.1512899514673	2007.8233281553194	nan	nan
156698	145	16889.269455	2010.12680478	2009.92779151	1.05442659296	2011.813998943205	2008.4880473996448	nan	nan
159335	155	16895.4296789	2009.96677131	2010.13530003	1.23644223471	2011.5776072366948	2007.9296159304538	nan	nan
159306	154	16913.9691088	2010.69026987	2010.48178253	0.971263387998	2011.9533078338136	2008.874343482479	nan	nan
159774	157	16934.989156	2010.0214564	2010.15298314	0.730776845474	2011.089530788312	2008.7009922787886	nan	nan
159918	158	16950.9636848	2010.5112522	2010.05562675	1.12146727855	2012.1998607408266	2009.0171523656445	nan	nan
159932	159	16954.6453638	2010.50771106	2010.41411939	1.09698247393	2011.9253294414802	2008.4300669087397	nan	nan
160000	160	16968.8982818	2010.83079763	2010.59153197	1.18910492772	2013.7267085496765	2009.4028040703574	nan	nan
171871	161	19922.200038	2011.69302391	2011.67238495	0.891987135579	2013.1457970730266	2010.37942565246	nan	nan
175620	163	19982.3726149	2011.66342687	2011.55101517	0.954438582707	2013.166775981454	2010.1966783551336	nan	nan
175264	162	20001.555728	2011.67482326	2011.88358627	0.890432542169	2012.7840441289393	2010.077347602951	nan	nan
176051	164	20011.399096	2011.65772977	2011.47838242	1.23427288727	2013.6709587260546	2009.456253918567	nan	nan
178003	165	20014.3783159	2011.51927468	2011.44788634	0.866203727452	2012.716445173827	2010.3606343636436	nan	nan
179940	167	20037.4281449	2011.09673398	2010.94491005	1.15042601637	2012.9508635756101	2009.573476674941	nan	nan
178993	166	20056.154218	2011.8603253	2012.06365109	0.909242212082	2012.9889208634156	2010.1299412798032	nan	nan
180826	168	20067.7854729	2011.58688497	2011.28987975	1.19527342229	2013.1064473298022	2010.1642551551324	nan	nan
182544	169	20074.1188469	2011.75372405	2011.88444253	1.23918901447	2013.3912420368447	2009.8705773895729	nan	nan
182997	170	20095.4975228	2012.38150102	2012.3913545	0.724700296542	2013.723439221672	2011.5014367573224	nan	nan
184474	171	20123.0540318	2012.84467661	2013.04254296	0.6930910909	2013.6553206903172	2011.15859555297	nan	nan
186944	174	20135.3154819	2012.09959846	2011.92083257	1.43596423867	2014.9996088841597	2009.7775218159545	nan	nan
186983	175	20138.5364799	2012.00412395	2011.73250611	1.28409524102	2015.352833359496	2010.9128590409885	nan	nan
185982	172	20141.1026909	2011.71584231	2011.63812794	0.998074623209	2013.3882691656943	2010.3155031744395	nan	nan
186194	173	20144.481777	2011.70236514	2011.71992579	1.07054509979	2013.5848986407066	2009.9624133460416	nan	nan
187671	176	20156.158818	2011.53177449	2011.83819561	1.09789204777	2012.703180915549	2009.110021405008	nan	nan
188865	178	20186.7696118	2011.75003198	2011.93718057	1.23623722327	2013.498372685582	2010.2862647217926	nan	nan
189295	179	20191.6463058	2012.21884901	2011.95413786	0.534119831597	2013.1649742353477	2011.5759945005789	nan	nan
189661	180	20201.2607169	2011.23057247	2011.10047848	1.14225845373	2013.652217032067	2009.3742569003998	nan	nan
190518	184	20202.4845958	2012.51160935	2012.7496148	1.78591062889	2015.2572878409644	2009.4529696009622	nan	nan
188613	177	20212.0693839	2012.0483402	2012.28354572	1.08889882615	2013.563343808011	2010.2633717037972	nan	nan
190031	181	20214.541631	2011.76054454	2011.76372156	1.18392056802	2013.9781326859302	2010.226863784838	nan	nan
190420	183	20218.0492749	2011.5937366	2011.6286102	1.24989235065	2013.690181303219	2009.9068290169334	nan	nan
190114	182	20234.4187968	2012.01385781	2012.32611112	1.07152281561	2013.1968905351312	2009.2789520362012	nan	nan
191229	187	20260.3575249	2011.90297163	2012.38930193	1.08771036562	2013.3333617670066	2010.0252610531911	nan	nan
191464	188	20265.9252689	2011.9524271	2012.26408291	0.980508507	2012.9417895701267	2010.0382106730774	nan	nan
190822	185	20282.858078	2011.51876058	2011.34203346	0.739991853491	2013.166364550893	2010.7952873348252	nan	nan
191098	186	20283.2808619	2011.68674779	2011.85605304	1.20935367277	2014.1038038963254	2009.7629000711784	nan	nan
191782	189	20322.1890068	2011.46579985	2011.15305534	0.809764917207	2013.2545769101278	2010.4790742325583	nan	nan
191913	190	20326.1127658	2011.57106916	2011.96331082	1.34250061625	2013.3563623345688	2009.519135640616	nan	nan
191944	191	20330.7228889	2011.97991387	2011.92222001	0.836245740247	2013.89334414746	2010.5804015989177	nan	nan
192000	192	20375.2562389	2012.17194045	2012.45059207	1.06443169099	2014.007168678793	2010.4859938936977	nan	nan
201199	193	23278.2726049	2012.85797949	2012.88622189	0.836330256648	2014.2749201075826	2011.1032818601923	nan	nan
206225	194	23336.9203	2013.49555361	2013.0568656	0.883491621925	2015.2826093605975	2012.6883015760363	nan	nan
207151	195	23374.3597958	2013.58510827	2013.39553878	1.07281742933	2015.1895143353522	2012.3693440820311	nan	nan
208234	196	23384.1281669	2013.37419718	2013.4345779	1.44561333871	2015.8949860840976	2011.4252653345052	nan	nan
208353	197	23389.4076688	2013.34853648	2013.33598377	0.804429067966	2014.8318721806147	2012.25299804219	nan	nan
210095	198	23404.7027049	2013.3165421	2013.22558812	1.75727747054	2015.630600825854	2010.1552772863522	nan	nan
212724	200	23447.2793658	2013.41140729	2013.54420411	1.20951499985	2014.7719602284358	2011.349789328	nan	nan
211676	199	23450.4340389	2013.08290591	2013.18409562	1.11846770081	2014.5617072977566	2010.84550930653	nan	nan
217605	205	23454.745868	2012.53653275	2012.7200645	0.81722586346	2013.9743642632563	2010.9208681336431	nan	nan
213690	201	23469.3412008	2013.32962085	2013.10480952	0.8057597808	2014.5564325379444	2011.7139720479904	nan	nan
214961	202	23479.5530078	2013.44095583	2013.37394234	0.472472294642	2014.3689638772885	2012.7326642836326	nan	nan
216728	203	23484.6674349	2012.64515057	2012.78951095	1.43208435256	2014.253020410783	2010.0948072420244	nan	nan
217495	204	23484.7132418	2013.20250523	2013.18500858	0.992414086855	2014.4378486603016	2011.6925444462806	nan	nan
218200	206	23511.3686759	2013.41294361	2012.98638779	1.35990049419	2016.7307303076843	2011.8202909125937	nan	nan
218849	208	23516.597662	2013.11284114	2013.24986043	0.867029396453	2014.3461783207545	2011.8067299517525	nan	nan
218364	207	23535.1239419	2012.67355811	2012.49258927	1.18947374179	2014.3044212516195	2011.2703161571578	nan	nan
220232	209	23540.623657	2013.0803154	2013.14137765	0.68618345305	2013.9287308024761	2011.9966803893385	nan	nan
221503	213	23541.2460949	2013.51255561	2013.79297203	1.23616425465	2015.486615891778	2011.0133768187106	nan	nan
220557	210	23546.9016118	2013.19287707	2013.04922798	1.12143755897	2015.2642465681056	2011.541674045463	nan	nan
220980	211	23549.978472	2012.35695485	2012.25561978	1.40947826235	2014.6906743891361	2009.8017259408768	nan	nan
221082	212	23560.9132578	2013.09175368	2013.01133081	1.74556611985	2015.995988638744	2010.5559694742983	nan	nan
221545	214	23582.963625	2012.97803023	2013.12072015	1.34620558431	2014.539978010548	2010.325238501769	nan	nan
221591	215	23602.9034779	2013.00612385	2012.99931493	1.25887247098	2014.9090166496112	2010.6998233003367	nan	nan
222231	216	23613.0002148	2012.78129848	2013.03575284	1.1319009659	2014.147023985361	2010.5721000736746	nan	nan
222818	217	23627.9354749	2013.22827798	2013.03650563	1.16286581336	2015.1273830054056	2011.5215107455817	nan	nan
223012	218	23630.940136	2013.72311598	2013.29173783	1.07135024455	2015.7394986405861	2012.617937955044	nan	nan
223292	220	23672.9777038	2013.20025013	2013.36009358	0.773560276701	2014.078864778302	2011.9816940762732	nan	nan
223285	219	23688.1923809	2013.37762668	2013.43144433	0.842336462654	2014.4040284403065	2011.9245152680728	nan	nan
223823	221	23692.172406	2013.07238794	2012.82465415	0.929639147962	2014.3678058788314	2011.9304381488698	nan	nan
223843	223	23700.3923569	2012.94155748	2012.944771	1.07089041061	2014.5969169808473	2010.9243726523523	nan	nan
223832	222	23740.501174	2013.18119981	2013.05066547	0.86869302858	2014.5735851989884	2011.4080721344167	nan	nan
224000	224	23766.9397209	2013.14673918	2013.41235096	1.2846480338	2015.238807956623	2010.7231101048535	nan	nan
232317	225	26561.2843299	2014.07117922	2013.93009611	0.960807555634	2015.412377018525	2012.9905161155393	nan	nan
236826	226	26638.6635239	2014.23125744	2014.41795306	1.23543550854	2015.7393484040385	2012.3353191155302	nan	nan
239836	227	26668.8954818	2014.43270667	2014.67486107	1.60913765962	2016.5816693622173	2011.6083626929733	nan	nan
240930	228	26684.8313398	2014.4898634	2014.49387545	0.839300905144	2015.5253474155159	2012.7239992138104	nan	nan
241066	229	26685.147475	2014.11087639	2014.20720127	0.89453780179	2015.1639706281608	2012.2605176572056	nan	nan
242305	230	26696.2395508	2014.33532711	2014.34593935	1.24847749563	2016.2749423424057	2011.860550422679	nan	nan
246005	233	26760.6318018	2013.7465799	2013.661416	0.927993423337	2015.1420306008927	2012.4311387287667	nan	nan
245710	231	26762.1282299	2014.19046051	2014.22486064	0.860922111347	2015.2306686121817	2012.5126400972842	nan	nan
248296	237	26774.31881	2014.24948079	2014.4838213	0.656436236872	2014.8620310002855	2013.0143447256332	nan	nan
247487	234	26789.1306238	2014.23041542	2014.06381523	1.17594383673	2016.0851533447246	2011.9517774427416	nan	nan
248179	235	26797.4570949	2014.2892185	2014.08521339	0.811359457142	2015.5546007477697	2013.102990597457	nan	nan
250017	239	26827.3216879	2013.93314786	2014.00457444	0.699730208065	2015.1459000821953	2012.9072042926011	nan	nan
251279	240	26862.7959218	2014.58814746	2014.54916194	0.771939088466	2016.338686955346	2013.6380891263498	nan	nan
245779	232	26877.2688849	2013.68444049	2013.71734981	1.08988046312	2015.2150136021385	2011.4182828477033	nan	nan
248193	236	26898.5793338	2013.82589307	2013.93428701	1.14721200015	2015.7387696037242	2011.8464339456348	nan	nan
253667	247	26924.1484489	2014.6964842	2014.41971823	1.08773673184	2016.2953605784157	2013.5601578777982	nan	nan
254354	249	26935.6951959	2014.24628828	2014.31929391	0.598828740447	2015.4316820219492	2013.2135699627484	nan	nan
249919	238	26950.8000748	2013.99253797	2013.91938621	1.23197433898	2015.8621003135916	2012.4612214270737	nan	nan
251413	242	26961.6407928	2014.34151719	2014.34898233	1.38662422096	2016.6440626630815	2012.5754436424493	nan	nan
251301	241	26963.716537	2014.03397057	2014.23870498	0.667584657895	2015.0868128017182	2012.7705026116748	nan	nan
251672	243	26972.0806019	2014.52791613	2014.38648439	0.609343705068	2015.3805723450857	2013.5451608757064	nan	nan
251793	244	26986.4716558	2014.22001841	2013.90308014	0.79891665547	2015.5849412727105	2013.4974979745734	nan	nan
255235	251	27003.8293588	2014.388737	2014.50548947	1.27862089006	2016.6059001179115	2012.3615482635005	nan	nan
252222	245	27005.809433	2014.33087093	2014.42847573	1.09173788592	2015.7058136715914	2012.7357254874944	nan	nan
253033	246	27030.8281438	2013.99482623	2014.03614855	1.30309062376	2015.7257894096226	2011.3327177713627	nan	nan
254029	248	27061.382159	2014.70765987	2014.80853838	1.01566075515	2016.7641558561816	2012.7782174331164	nan	nan
254485	250	27088.2466209	2014.33449643	2014.16262766	1.05928189874	2016.0122254980001	2012.578687013753	nan	nan
255544	253	27146.2089639	2014.1469165	2013.8399465	1.20678843713	2016.5091590747866	2012.5601706326386	nan	nan
255628	254	27151.255904	2014.34472103	2014.39681334	0.901621528751	2015.5666315303397	2013.0645001372452	nan	nan
255541	252	27187.7030909	2014.38258743	2014.08268807	1.03167574229	2016.6710474334432	2013.4450337866615	nan	nan
255917	255	27202.294498	2014.17000034	2013.99944176	0.919528301311	2015.9753837477053	2012.7746060071458	nan	nan
256000	256	27214.8277369	2014.68152488	2014.41801578	1.31710612639	2017.1209762358699	2012.6823960351296	nan	nan
261667	257	29823.77665	2014.83669134	2014.97424679	0.954985701765	2016.2439682900708	2013.3712305565007	nan	nan
265295	258	29916.4618869	2015.08865224	2014.83469133	0.930384220465	2016.4652495067774	2014.0638144058328	nan	nan
266855	259	29950.0809519	2015.61823006	2015.49834114	1.07718483268	2017.7350156039479	2014.1239909942174	nan	nan
268277	262	29972.7760868	2014.95401808	2014.79994515	1.16954447832	2017.3058415884657	2013.4052410370878	nan	nan
267993	261	29980.2721679	2014.82645502	2015.12965566	0.86698304806	2015.8363550494716	2013.2950589367401	nan	nan
267734	260	29996.005368	2015.29376016	2015.59711919	1.33876066193	2017.2519678069357	2013.1175460446573	nan	nan
272300	263	30060.1668739	2015.26825765	2015.39352343	1.01119694019	2016.662183336049	2013.794482368844	nan	nan
272881	265	30061.75348	2015.11303839	2014.98290196	1.26010655248	2017.2327743655615	2013.3021089489234	nan	nan
272366	264	30067.1227229	2015.13449051	2015.12315585	1.29159637371	2017.071244195063	2013.4230054679467	nan	nan
273679	266	30095.1839528	2015.10616432	2014.99563802	1.20773087064	2017.0402753859391	2013.4628438535608	nan	nan
274229	267	30104.4069729	2015.19035761	2015.16078931	1.11546873736	2016.5756340649148	2013.2983679648103	nan	nan
275722	268	30129.9618499	2015.41719218	2015.43903255	0.776165115786	2016.5225582151802	2014.3144661504118	nan	nan
277520	269	30183.3346078	2015.44448344	2015.18049552	1.06276711542	2017.3264011387937	2014.095290581023	nan	nan
281275	273	30240.8805869	2014.7657049	2014.8903022	1.45994479198	2017.256443224941	2012.3052662041835	nan	nan
280814	272	30251.4015319	2015.35461155	2014.99079788	1.01741149534	2017.5956728780986	2014.4724542251558	nan	nan
278944	270	30317.2630098	2015.63279474	2016.13261681	1.51653107422	2017.424493811176	2013.231999863302	nan	nan
280249	271	30350.5844219	2015.53180246	2015.9365127	0.966074422492	2016.749420963332	2014.0168371211541	nan	nan
284390	279	30351.5461249	2015.11372918	2015.33491476	1.14929807753	2016.7662644500626	2012.6437555290659	nan	nan
283182	275	30383.4579749	2014.94189824	2014.84614976	0.830725887127	2016.3346927371906	2013.1895256462176	nan	nan
282712	274	30386.3085129	2015.43591322	2015.3990466	1.01613763722	2016.6927347963958	2013.3882939047623	nan	nan
283779	277	30400.6635439	2015.3444753	2015.64791289	1.32988666141	2016.7753199084455	2012.8232755477304	nan	nan
283363	276	30402.4272819	2015.52275373	2015.81427454	1.57154483957	2018.2915433792446	2012.737767124979	nan	nan
284133	278	30415.8259878	2014.91051111	2014.7335252	0.59528785415	2015.9919768834538	2014.1697911550216	nan	nan
284782	280	30436.2422588	2015.13617366	2014.87679965	1.20012959128	2017.077622271422	2013.7146864584004	nan	nan
285414	281	30480.337611	2015.73887837	2015.97594701	0.806363311861	2016.8680904962196	2014.3705519199598	nan	nan
286098	282	30501.5627658	2014.98860962	2014.89514189	1.28556633326	2016.8250415237433	2012.779024007333	nan	nan
286553	283	30555.4793599	2014.9449269	2015.05246981	0.864700187009	2016.004952440197	2013.0400239469866	nan	nan
287448	284	30596.7011428	2014.92952346	2014.97871342	1.02892170161	2016.7626381843634	2013.27303392648	nan	nan
287502	285	30613.6292489	2015.35658885	2014.64611746	1.41617454435	2017.4485516958982	2013.968118678416	nan	nan
288000	288	30654.5262909	2014.85398579	2014.9978604	1.01468914758	2016.2796504909336	2012.7426157425518	nan	nan
287956	287	30658.227551	2015.31360469	2015.2879253	1.265812288	2017.985063771061	2013.6891985685809	nan	nan
287894	286	30670.2133479	2015.4538747	2015.33734361	1.00742468039	2016.776905096914	2013.9601495719548	nan	nan
292505	289	33107.8154469	2015.89067662	2015.64640226	1.05237404923	2017.2591367734178	2014.0453059474723	nan	nan
296085	290	33210.110091	2015.70151082	2015.85901818	1.16813302892	2017.1662596719002	2012.9492303069617	nan	nan
297462	291	33241.34126	2015.98497859	2015.79291874	0.865024438325	2017.315310982895	2014.9616781418558	nan	nan
298144	292	33271.1230729	2015.69846094	2015.78031496	0.734306962766	2016.7996319378208	2014.3004892354593	nan	nan
298518	293	33280.4342299	2015.98211758	2015.82373951	1.17211302411	2018.014728969909	2014.237584597639	nan	nan
298965	294	33295.588552	2016.267114	2016.35383855	0.870696451624	2017.7435136166387	2014.776578753624	nan	nan
301118	295	33352.4886539	2016.20312026	2016.41223176	0.937744513594	2017.3085323088592	2014.5023296597412	nan	nan
301180	296	33356.663939	2016.2528759	2016.154881	1.06948255186	2017.8400172159597	2014.486108191977	nan	nan
301367	297	33377.8579299	2016.47283087	2016.42109622	1.26993350397	2018.4185756018933	2014.6374480035586	nan	nan
302325	298	33404.8772049	2016.23488181	2015.88126984	1.26806551454	2018.0464802390406	2014.6244315665704	nan	nan
302672	299	33436.1768758	2016.27374524	2016.33059298	1.25794843376	2018.0831702526048	2014.5948623034083	nan	nan
303669	300	33446.8470058	2015.8715177	2015.75924142	1.23741626018	2017.8329139814655	2013.8097948928003	nan	nan
305721	301	33508.9956279	2015.45440194	2015.36253456	0.835285211296	2017.5197356417852	2014.478324662265	nan	nan
308000	302	33533.3892839	2015.75037451	2015.75671224	1.25552148666	2017.8219722090996	2013.0302337279975	nan	nan
308513	303	33591.7845638	2015.69901387	2015.57735871	1.17589434507	2017.5157606209896	2014.1824990731793	nan	nan
312526	305	33679.9242439	2016.41627139	2016.45064866	1.03755694723	2018.0567818819266	2014.4192401227735	nan	nan
311715	304	33740.5018208	2015.87075099	2016.02814268	0.743634050809	2016.79602060198	2014.400437599232	nan	nan
313063	306	33787.4638488	2016.17875766	2015.99046494	1.26549004868	2018.579394025847	2014.6188008592612	nan	nan
314414	307	33804.1802838	2016.09535704	2015.91830825	1.10622110162	2017.8179057126497	2014.4650316463262	nan	nan
314416	308	33818.6427	2015.3718068	2015.35336219	1.10479976995	2017.8064641965527	2013.7994843937227	nan	nan
315204	310	33829.1595328	2015.37259935	2015.42278509	0.596113399105	2016.0472791747466	2013.9753293608787	nan	nan
315483	311	33831.5086379	2016.04602347	2016.00426645	0.630603426625	2017.1186807480194	2015.0864109884117	nan	nan
315020	309	33833.5062249	2016.7894522	2016.71434334	0.697187339821	2017.729106602155	2015.6751912682134	nan	nan
316102	312	33867.3683619	2015.81604174	2015.77698094	0.590592234014	2016.8435124495243	2014.676018456621	nan	nan
317220	313	33922.1550789	2016.41249823	2016.42059615	0.774051248744	2017.8815752345274	2014.9624097351107	nan	nan
317666	314	33939.566232	2015.82419692	2015.87806539	0.83684998498	2016.9749381496147	2014.5723412874943	nan	nan
318679	315	33998.2006538	2015.7407043	2015.92194309	0.870184772036	2017.3660400403212	2014.8130496263668	nan	nan
319329	316	34023.2584748	2016.25398634	2016.32478696	0.931109170377	2017.8772332429653	2015.1267731781236	nan	nan
319534	317	34048.6513379	2016.23596017	2016.04018323	0.632351905794	2017.3364951065732	2015.3530870351192	nan	nan
319923	318	34091.9735429	2015.50516951	2015.86920495	0.700875500679	2016.267027767091	2014.1920736707038	nan	nan
319951	319	34104.609622	2016.22118861	2016.17680767	0.769004502884	2017.572919002573	2014.8201501881863	nan	nan
320000	320	34132.557318	2016.16502481	2015.9713557	0.87260156211	2017.2671513236032	2014.5990319073055	nan	nan
323973	321	36447.154747	2016.88222006	2017.08966887	0.860139415503	2017.9002039599868	2014.8502987252814	nan	nan
327586	322	36568.2863858	2017.3541201	2017.13171278	1.1336438089	2019.9416718372895	2016.200469226677	nan	nan
328671	323	36595.0974369	2016.76151764	2016.50897897	0.895993671196	2018.1477213187777	2015.2428646307483	nan	nan
329855	324	36638.457927	2016.96555049	2017.16247264	1.51314758254	2019.0137453854306	2013.9783035291769	nan	nan
330514	326	36664.2304399	2016.7696376	2016.74028474	0.894747513016	2018.2601738580704	2015.4123924544538	nan	nan
330196	325	36672.0384748	2017.26368467	2016.97947868	1.33097809012	2019.8443421661484	2015.4517159814413	nan	nan
332327	327	36714.8601508	2016.89491944	2016.89197459	0.899845046659	2018.6309344368121	2015.919861603691	nan	nan
332342	328	36725.2627928	2016.82260076	2017.10371537	0.96675655623	2018.3649525255375	2015.4810632295214	nan	nan
332956	329	36767.8496039	2016.64092338	2016.39092415	0.906191036089	2018.8241691968556	2015.738823856526	nan	nan
333559	330	36784.5202909	2016.71539124	2016.66791426	0.781911044751	2018.031051500872	2015.5512683636273	nan	nan
334448	332	36824.6714878	2017.61539646	2017.37338899	0.749337702519	2018.7657869419113	2016.6863901593335	nan	nan
334185	331	36829.7636509	2016.58425065	2016.68204267	1.56234180168	2019.4280298551453	2013.895913460912	nan	nan
335552	333	36893.936868	2016.85377269	2016.82380419	0.6569338642	2018.265018511497	2016.0806479258058	nan	nan
336142	334	36900.1892509	2017.29946416	2017.31074381	0.793978039534	2018.1897203769033	2016.3981154660187	nan	nan
337998	335	36981.433507	2016.27965989	2015.78578758	1.10871519623	2018.818164075779	2015.2704802725839	nan	nan
341179	336	37075.2351069	2016.67886501	2016.73096343	0.702642033165	2017.9507692589752	2015.4396565826505	nan	nan
343180	337	37111.0496149	2016.73593667	2016.53901564	0.921241127247	2018.5518606199223	2015.3755359817226	nan	nan
344948	338	37136.6930268	2016.81597695	2016.42612369	1.17342757222	2019.438355009661	2015.5129657581479	nan	nan
345557	339	37148.3186469	2016.84592814	2016.72937594	1.42765059023	2019.6830718651222	2014.5363859408408	nan	nan
346640	342	37161.5343869	2017.18087057	2017.05605705	1.16601218545	2018.8300698272465	2015.0411094383542	nan	nan
346629	341	37172.35653	2017.12880329	2017.13563222	0.700690377496	2018.0187731588883	2016.0728215315082	nan	nan
346709	343	37179.220042	2017.24436819	2017.3108166	1.09140759041	2018.8390848155084	2015.034383065803	nan	nan
346468	340	37195.475343	2016.67786875	2016.68269979	0.892022505089	2017.886852792733	2014.5875309570092	nan	nan
347755	344	37202.3072128	2017.20400631	2017.07287584	1.30900067401	2019.12934281277	2015.1284445777144	nan	nan
349177	345	37289.5024509	2016.81689059	2016.82066145	1.10370782872	2018.4736273942679	2014.3501342178583	nan	nan
349592	346	37304.7002509	2016.58439965	2016.43151212	0.513084131669	2017.6617149324545	2015.8689014084257	nan	nan
350660	347	37353.7906699	2017.46137738	2017.85138154	1.29585091409	2019.2236112688508	2015.159201310348	nan	nan
351101	348	37382.029655	2017.09415497	2017.02791726	0.867582213986	2018.5166598623914	2015.9097653769772	nan	nan
351409	349	37418.5451188	2017.20545294	2017.07984285	1.02802627143	2019.5657559368763	2016.2269935296993	nan	nan
351799	350	37438.2402799	2016.8416413	2016.89130351	1.12093503546	2018.2545534566957	2014.80806983285	nan	nan
351913	351	37460.8674798	2016.97019672	2016.80882203	1.30464129055	2019.0153887924428	2015.0056469818503	nan	nan
352000	352	37515.6136229	2017.38555206	2017.12079524	0.932048197262	2019.1035077186978	2016.155839814336	nan	nan
355257	353	39743.248271	2017.25972278	2017.19926741	0.778732259493	2018.24532689387	2016.266068460033	nan	nan
359155	354	39896.9883449	2017.73605316	2017.67501484	1.29216527969	2019.34288168416	2015.382580484985	nan	nan
359974	355	39930.3062379	2017.82932234	2017.87774222	1.21423901421	2020.005608825598	2016.091018357958	nan	nan
361380	356	39954.9027309	2017.99363672	2018.08796426	0.639868137634	2018.9260805789008	2016.531110670553	nan	nan
362307	357	39998.6746309	2017.10510202	2016.79289408	1.12124012652	2018.7174623700337	2015.7595118065074	nan	nan
362553	358	40004.2249198	2018.21995967	2018.092683	1.05424292994	2020.1134999215724	2016.68583153502	nan	nan
363691	359	40027.679148	2017.64328539	2017.89567034	0.961724547976	2018.850323727875	2016.274434014849	nan	nan
364026	360	40067.1671808	2018.21370274	2018.36942305	1.47455011249	2020.7350950803097	2015.016425302457	nan	nan
365003	361	40114.5823498	2017.31312375	2017.33559979	0.902594290028	2018.5409042705387	2015.8138133664734	nan	nan
365448	362	40133.8571789	2017.58624708	2017.211826	1.20221384617	2019.2810611756934	2015.9900889042694	nan	nan
366431	364	40166.7818038	2017.13630861	2017.06444537	1.30988949941	2020.0798308172143	2015.2595845089097	nan	nan
366224	363	40173.235534	2017.13284435	2017.55444076	1.14181740657	2018.3221827088491	2015.114590894451	nan	nan
368248	365	40234.645885	2017.96928184	2018.05641027	1.02551985256	2019.4457910942522	2016.220061154378	nan	nan
368476	366	40239.5004389	2017.52706799	2017.54869453	0.782660673621	2019.1254771338708	2016.4031124248959	nan	nan
371226	367	40334.9008558	2017.60290454	2017.7094558	1.01172521089	2019.1594735079047	2015.565954603127	nan	nan
374635	368	40433.5207689	2016.48764429	2016.53958224	1.30245068383	2018.7096954462406	2014.317949057972	nan	nan
375804	369	40514.8295879	2017.25863691	2017.70264011	0.979339495357	2018.11506684138	2015.0579797544428	nan	nan
377220	371	40534.74612	2017.3517115	2017.10125686	1.29003515983	2018.9723124207171	2015.4192821646784	nan	nan
376847	370	40540.0931618	2017.59999702	2017.32703981	1.04035026163	2019.4400430796127	2016.105974926991	nan	nan
377738	372	40550.808959	2017.64420736	2017.29519526	1.57122637687	2019.988422668153	2015.2059188189592	nan	nan
378342	374	40568.6828239	2017.72098228	2017.89862367	0.661107707382	2018.491958455557	2016.2697730252664	nan	nan
378144	373	40577.953095	2017.56885877	2017.87975036	1.39620311414	2018.9628730474751	2014.2657189585502	nan	nan
378884	375	40596.4277968	2017.53363629	2017.44402563	1.53886750643	2020.7032064350326	2015.1903760870434	nan	nan
378973	376	40600.1725469	2017.60287211	2017.76152764	0.723178111638	2018.467395002927	2016.2599250328506	nan	nan
381331	377	40699.0449388	2017.23540055	2017.15031936	1.34870321374	2019.2738163943134	2015.167624260007	nan	nan
381619	378	40723.0705149	2017.95517235	2018.08590158	1.2179384368	2020.3186026010978	2016.0982806809272	nan	nan
382572	379	40763.9878139	2016.89951696	2016.82832373	0.65595757949	2017.9576273833054	2016.088298515359	nan	nan
383009	380	40786.5729258	2017.6984592	2017.69314442	0.717284095398	2018.6844837338667	2016.2286510993213	nan	nan
383664	382	40836.3951209	2017.2732522	2016.96635734	1.49036603236	2019.5671291451379	2015.2284080248357	nan	nan
383491	381	40841.3098278	2017.87432733	2017.73811697	1.27346887938	2019.9248850190384	2015.6793284901316	nan	nan
383827	383	40881.3677459	2017.89437459	2018.16424731	0.747743186722	2018.6630116412375	2016.5785732617817	nan	nan
384000	384	40954.2201428	2017.47016762	2017.43457465	1.44986169039	2020.7593374320916	2015.057774665976	nan	nan
386626	385	43091.491575	2018.27939809	2018.39502767	1.25801743877	2020.3068640855586	2015.7859299367096	nan	nan
390775	386	43255.9230049	2018.11935412	2018.39810528	1.08456587167	2019.9438936682773	2016.4640298685244	nan	nan
391785	387	43293.9813159	2018.30918661	2018.24205999	0.944787873316	2020.172203168326	2016.7004643892542	nan	nan
392855	388	43322.8331468	2017.35272335	2017.37345379	1.34366636731	2019.8433861325698	2015.158806797357	nan	nan
394208	389	43353.8565898	2017.74781578	2017.83226867	0.806686813419	2019.495231954622	2016.4549148836218	nan	nan
394358	390	43378.7711408	2018.10319282	2018.32740044	1.00903224661	2019.4102599306334	2016.515227059324	nan	nan
394880	391	43383.567508	2017.88260532	2018.26620978	1.31847293175	2019.2611013683522	2015.4663371239662	nan	nan
395956	392	43431.9586689	2017.67765098	2017.526246	1.34982236971	2019.244008409238	2015.0627309497797	nan	nan
396975	393	43503.3322859	2017.90111926	2017.83846072	1.10193962522	2019.4198211273344	2016.2462226929933	nan	nan
398157	396	43524.710238	2018.12912396	2018.00643574	0.782552603324	2019.6385361577738	2017.0900316398368	nan	nan
397387	394	43524.8290868	2018.05558875	2017.88943612	1.01513393334	2020.0021929824504	2016.2232664945109	nan	nan
398049	395	43544.1776919	2018.10885412	2017.94281556	1.16991560361	2019.9285500140002	2016.774392950998	nan	nan
399461	398	43633.8058429	2018.22988192	2018.13760817	0.941474836214	2019.6486481867453	2016.9996097311746	nan	nan
399233	397	43636.732198	2017.81367999	2017.70564896	1.85487216408	2021.168450740829	2015.2539807889614	nan	nan
402000	399	43735.05616	2017.84392127	2017.77071554	0.730507981992	2019.2257869218422	2016.7946899666097	nan	nan
405003	400	43828.350971	2017.84214243	2017.59032838	1.198954588	2019.808829515782	2016.0226175727264	nan	nan
407901	401	43858.2183089	2017.91694302	2017.8607185	0.967526634776	2019.2805189084397	2016.0670196117255	nan	nan
408521	402	43868.856432	2018.2002558	2018.26859422	0.781743760858	2019.2029705255277	2017.0115647001762	nan	nan
409228	404	43883.5882289	2017.9302207	2017.66617858	1.03070862051	2019.240854792365	2016.5859217306722	nan	nan
408847	403	43894.8086548	2018.35318068	2018.72718659	1.24302077937	2020.1599988931346	2016.0208591898759	nan	nan
410078	406	43924.9306109	2017.68350975	2017.8932612	0.651936222605	2018.6459443493445	2016.723297950169	nan	nan
410570	407	43930.8890998	2018.53353838	2018.37657427	1.14186726559	2020.2570570506418	2016.9974947766298	nan	nan
409851	405	43935.8920109	2018.40998209	2018.04595674	0.914584463872	2020.594172681089	2017.4665159885974	nan	nan
410694	408	43959.3101158	2018.16259536	2018.2756742	1.10010466815	2020.331336587778	2016.3504467247428	nan	nan
413118	409	44066.265872	2018.51963837	2018.24264513	1.07365748284	2019.9422704382148	2016.4973200719198	nan	nan
413597	410	44084.6143799	2018.81476174	2018.60619636	0.838025227821	2020.1418130005566	2017.3523113195224	nan	nan
414453	411	44129.960743	2017.88862237	2018.21135292	1.26149638743	2019.9275494355886	2016.095799619529	nan	nan
414847	412	44153.614043	2017.98055065	2017.97431725	0.845863576568	2019.1796760473019	2016.8638723695599	nan	nan
415453	413	44181.4418998	2018.20952299	2018.33116315	0.877346777128	2019.2879245581532	2016.9756591703153	nan	nan
415519	414	44211.9533219	2017.98209797	2018.01107482	0.926780832877	2019.420043889306	2016.0656448825687	nan	nan
415774	415	44261.072938	2018.39899235	2018.47242411	0.952820284695	2020.2911105648084	2017.072905364693	nan	nan
416000	416	44347.6175029	2018.03354418	2017.76743712	0.712074464122	2019.2200274893078	2017.1898546896196	nan	nan
418315	417	46401.0193229	2018.84179392	2019.06485271	0.763981466429	2020.0684773853545	2017.5497493258997	nan	nan
422600	418	46586.0887458	2018.9593864	2019.59035671	1.46315329127	2020.4762079754687	2016.3281019285312	nan	nan
423724	419	46599.688061	2019.05071176	2019.18793867	1.34794671596	2020.8030300567389	2017.0658004757374	nan	nan
424580	420	46653.728343	2019.08324584	2019.12510515	1.19490283384	2020.865561106809	2017.2294453012921	nan	nan
425593	421	46695.4080808	2019.02366099	2019.272805	1.36735372322	2020.9894692577045	2016.6378053074848	nan	nan
426332	422	46721.0842178	2019.13082639	2019.35508432	1.181436423	2020.5906497513533	2016.5519866969744	nan	nan
426446	423	46721.871392	2018.72497562	2018.87606607	1.43216742559	2020.8166155753127	2015.7803358904187	nan	nan
427556	424	46790.4257469	2018.80690245	2018.57131306	0.83707695081	2020.667952924698	2017.769696695567	nan	nan
429200	425	46858.7347138	2018.79381727	2018.2591427	1.48656009368	2021.922978685824	2017.1536795821805	nan	nan
429614	427	46865.0710049	2019.0362646	2018.88817285	1.1350892369	2020.8646184131287	2017.3005012585975	nan	nan
429569	426	46873.7136159	2019.11150612	2018.90025578	0.63690585873	2020.2964571068799	2018.362604391056	nan	nan
429891	428	46888.8812418	2018.63441377	2018.7038228	0.844828053824	2020.4319309368007	2017.2313214361084	nan	nan
432064	429	46969.6166718	2018.57920608	2018.76472792	0.945731631916	2019.8549599690834	2016.3963430608665	nan	nan
432296	430	46993.4038548	2018.79426854	2018.65982246	1.18584993163	2021.1831078080083	2017.1505349357133	nan	nan
435336	431	47106.9666789	2019.20563518	2019.22892205	1.29377931891	2021.2450818470902	2017.1351663154703	nan	nan
438380	432	47208.6880939	2018.76247466	2018.68755967	1.0810013647	2021.4343070339412	2017.4167681148256	nan	nan
439887	434	47258.6841838	2018.75980864	2019.01106581	1.22386722374	2021.0865696163592	2016.645205796369	nan	nan
439461	433	47271.3231528	2018.71547399	2018.66246268	1.3799746673	2021.6614734562238	2016.9438432827453	nan	nan
440377	435	47282.6746278	2018.58393159	2018.54543167	1.50798626263	2020.4569760914746	2016.4438402403994	nan	nan
440762	436	47310.5167279	2018.40058359	2018.50314024	0.949355959936	2019.9001124200424	2016.9245813507237	nan	nan
441670	437	47315.5858099	2018.86003673	2018.91798698	1.80731356633	2022.1869397118912	2016.5002247927796	nan	nan
442038	439	47327.7026229	2018.90481705	2019.1728934	1.14906745901	2019.8322519618923	2015.8869843203931	nan	nan
441950	438	47335.0675979	2018.90793911	2019.08897376	0.991909468911	2020.3270992029234	2017.3903537329086	nan	nan
442616	440	47364.6801069	2018.14758854	2018.37786453	0.870581733923	2019.557524464972	2016.297338181279	nan	nan
445083	441	47482.484478	2019.66742501	2019.68790717	1.06954052455	2021.6973704496847	2017.8243278352502	nan	nan
445549	442	47510.3434498	2018.62089909	2018.67743775	1.40406639077	2021.6091212137333	2016.4946668008117	nan	nan
446345	443	47555.2282259	2018.7343203	2018.74234077	0.957802465354	2021.0333621623138	2017.4754449017498	nan	nan
446789	444	47578.6011388	2018.41007055	2018.61832942	1.249383761	2019.8488829465878	2015.6992059180234	nan	nan
447100	445	47596.6144948	2019.06253358	2019.17206113	0.949264793796	2020.699488048344	2017.725537463185	nan	nan
447437	446	47647.2913439	2019.04394631	2019.42712952	1.07173947498	2019.8259197120951	2016.3121301357812	nan	nan
447730	447	47691.2724559	2018.39404171	2018.26000079	0.921443996743	2020.6008949222846	2017.293602151755	nan	nan
448000	448	47783.0906389	2018.48833393	2018.36120185	0.900642541493	2020.449380318175	2017.3361799235297	nan	nan
450014	449	49719.3410618	2019.27702357	2019.30282755	0.89785642186	2020.7603109884337	2017.5925691886423	nan	nan
454058	450	49903.2566259	2019.3736441	2019.93444767	1.25100925762	2020.7446126844256	2016.5588273397748	nan	nan
454574	451	49917.596931	2019.47112675	2019.25856877	0.853525887275	2021.083252153658	2018.4815162819536	nan	nan
456145	452	49983.490309	2019.30264606	2019.09159253	1.13190533853	2021.189941098632	2017.9785986214333	nan	nan
457364	453	50023.4085779	2019.40578441	2019.14611956	0.86145545089	2020.747967522231	2018.0416001778876	nan	nan
458002	454	50029.4238319	2019.12933676	2019.30720314	0.905773992835	2020.276845893749	2017.6680486832518	nan	nan
458009	455	50046.6825378	2019.06137651	2018.93166832	1.14854824423	2021.1406854871748	2017.3897230314476	nan	nan
459639	456	50115.9381709	2019.62489093	2019.80087357	1.12934918413	2021.1382369982214	2017.6975446995973	nan	nan
461201	457	50199.974695	2019.02685429	2018.75677321	1.31079243973	2021.4669829133534	2016.7476316910945	nan	nan
461378	458	50213.181273	2019.83038008	2019.31410383	1.39259577816	2022.4594521724546	2018.4157278204825	nan	nan
461508	459	50221.4845409	2019.02221288	2019.22058116	1.06441299341	2020.7190104325946	2017.3375119490656	nan	nan
461704	460	50223.4124019	2019.65083519	2019.58379796	0.777696100839	2020.7295651920667	2018.182801421189	nan	nan
462702	461	50271.58478	2019.24495307	2019.40295335	0.962028446812	2020.5681336384723	2018.0047062272117	nan	nan
463253	462	50335.0368659	2020.0588066	2019.80376673	1.22077669087	2021.9187618584576	2018.458942172318	nan	nan
466655	463	50467.8390038	2019.32463152	2019.18963877	1.06157395441	2021.424408113105	2017.4486410520026	nan	nan
469594	464	50554.2787459	2019.17346163	2019.14651089	1.1318315217	2021.168196792776	2017.5010037853922	nan	nan
471259	465	50662.2935178	2019.24393472	2018.92715058	0.69952062522	2020.6792185860388	2018.6936729362717	nan	nan
472059	467	50678.657398	2019.58002182	2019.80368002	0.868877174038	2020.7013538176313	2018.2510517524936	nan	nan
471662	466	50687.5060868	2018.88840133	2019.1150862	1.2953085065	2020.4943942178306	2016.9185858167011	nan	nan
472831	468	50712.0230939	2018.8868291	2018.97894049	0.910693535644	2020.106324678313	2017.3690345687264	nan	nan
473031	469	50730.6694429	2019.28720271	2019.27977597	0.985227787973	2020.7493708887391	2017.8073694602788	nan	nan
473355	470	50747.6245639	2019.4603841	2019.44525559	1.00662918026	2020.9986196141601	2017.671244599808	nan	nan
473563	471	50754.343292	2019.4833022	2019.34803198	1.27231860693	2021.4829901354453	2016.4993328574947	nan	nan
474238	472	50793.9085078	2019.24304103	2018.88004309	1.48253722747	2021.6929005877066	2017.3817218237157	nan	nan
476906	473	50920.472538	2018.7988646	2018.9291002	0.793884394306	2019.939566974904	2017.2485036973528	nan	nan
477546	474	50957.537354	2018.82769161	2019.15618993	1.18642361184	2020.0192231694023	2016.298324029843	nan	nan
478322	475	50981.3151309	2019.11676891	2018.69492286	1.48942486358	2022.0163535296565	2017.3164124869188	nan	nan
478920	477	51008.9806478	2019.20791255	2018.82742954	1.1856370383	2021.3708433544816	2017.6259382842416	nan	nan
478740	476	51023.1455648	2019.38967114	2019.61910801	0.789157338392	2020.378712649553	2018.1827489539924	nan	nan
479414	478	51098.294894	2019.46458837	2019.62803345	1.54085225008	2021.9350989510563	2016.662894440032	nan	nan
479705	479	51137.7710419	2019.69523199	2019.17590325	1.58970524212	2022.3333000595978	2017.9501269752093	nan	nan
480000	480	51252.2355149	2018.91133736	2019.29862761	1.48093122249	2020.8736078032834	2016.1473484480262	nan	nan
481861	481	53039.5705869	2019.61229497	2020.49577808	1.73203042727	2021.1364846580382	2015.8760068533747	nan	nan
485681	482	53192.2624209	2019.7936864	2019.68420622	1.37430460439	2022.4396845842023	2017.7183923103319	nan	nan
486074	483	53221.1210978	2020.1945001	2020.3683363	0.992447427523	2021.5231651487065	2018.2084934508046	nan	nan
488100	484	53293.7410328	2019.71056068	2019.65977354	0.767716224874	2021.1877312769434	2018.8166247117622	nan	nan
489176	485	53325.1978128	2019.37871484	2019.30144569	1.35925517437	2021.6980559596436	2017.099823435651	nan	nan
489368	486	53338.2302489	2019.91855647	2020.18901981	1.32346359692	2021.6667967458425	2017.76581568799	nan	nan
489843	487	53364.333602	2019.35639665	2019.09397417	1.25859719237	2021.7870215317434	2017.4650648339411	nan	nan
491445	488	53426.5964088	2019.77734806	2019.34111981	1.54891499255	2023.02663828927	2018.1366803264937	nan	nan
493452	490	53511.6014669	2019.46320839	2019.09721602	1.36444550525	2022.2109877711152	2017.6830212131301	nan	nan
493227	489	53526.1936188	2019.46151052	2019.46271228	0.620574680091	2020.8397048547452	2018.656682502245	nan	nan
493701	492	53545.655659	2019.99661763	2019.63296353	1.574487088	2022.3478470379425	2017.7825094237687	nan	nan
493661	491	53547.6670098	2019.94609919	2019.95065854	1.11868875642	2021.2960943362998	2018.0088568415404	nan	nan
494235	493	53582.2342219	2020.03869916	2019.92321999	0.941133002661	2021.3105541141479	2018.6446029660694	nan	nan
494850	494	53658.130538	2019.90986142	2019.7851109	1.14510542883	2022.060296750995	2018.381089877105	nan	nan
497283	495	53824.9006488	2019.73954812	2019.39991673	1.10053827968	2021.4817821213492	2018.5695422103843	nan	nan
499678	496	53916.2581508	2019.4759705	2019.4925379	0.96572940581	2021.1140320121594	2017.8985451055619	nan	nan
502739	497	54065.5664339	2019.6109377	2019.68718361	0.873792990552	2021.404284260711	2018.0621763213699	nan	nan
503277	498	54078.548162	2019.56489554	2019.00388968	1.35622775647	2022.0467278168965	2018.3000513656543	nan	nan
503498	499	54116.0315058	2020.0039026	2019.68662157	0.889560845344	2021.4042084838195	2019.1076043799048	nan	nan
506184	504	54119.864048	2019.54120115	2019.82631364	0.835821046579	2020.2596889621354	2017.54114422222	nan	nan
504244	500	54138.1422129	2019.33920344	2019.52820391	0.862623555096	2020.658367087097	2018.184176285114	nan	nan
504731	501	54145.356313	2020.12723604	2020.00260886	1.35980607164	2022.538485655533	2017.5367757429399	nan	nan
505276	502	54163.6530828	2019.96304875	2020.23544955	0.880044928396	2020.9665490021596	2018.522868888964	nan	nan
505388	503	54179.9613409	2020.00028393	2019.81320739	0.926824129887	2021.6675071281154	2018.9254741310199	nan	nan
508810	505	54337.378134	2019.64691376	2019.45195888	1.00461215729	2021.3636006971951	2018.3306757638034	nan	nan
509666	506	54400.6830859	2019.62519228	2019.52986971	1.58839354397	2022.4613428663235	2016.4686514863427	nan	nan
510057	507	54417.436121	2019.98683331	2020.15541968	0.812105205044	2021.2048929265775	2018.8441590121563	nan	nan
510456	508	54427.1175258	2020.06114948	2020.45427978	0.815452538548	2021.0226343658373	2019.0096675135233	nan	nan
510667	509	54469.6562598	2020.02173439	2020.05208862	1.46390322618	2022.2945820022637	2017.5624601628517	nan	nan
511372	510	54539.1303248	2019.76114811	2020.18560893	1.5773631411	2021.6061900834086	2017.4369341209135	nan	nan
511628	511	54586.8340039	2019.49909634	2019.54733115	1.03253508064	2021.3787267010562	2017.4388861681598	nan	nan
512000	512	54718.08635	2020.94696918	2021.63772962	1.28328565144	2022.3428025698577	2018.9399444968356	nan	nan
514330	513	56443.7712238	2020.12787149	2020.15268723	0.943455537323	2021.342047009807	2018.5292743757288	nan	nan
517291	514	56483.1571088	2020.79039219	2020.60799469	1.05987529807	2022.208742177986	2018.9014475758806	nan	nan
517981	515	56527.5646749	2020.30472642	2020.18518901	1.6206262357	2023.4678110872474	2017.7528382605472	nan	nan
519962	516	56599.9452329	2020.7255729	2020.66852764	0.792849794086	2022.1094073663394	2019.7260948835958	nan	nan
520793	517	56633.897985	2020.34118337	2020.414087	0.951741836919	2021.6573168087687	2018.3689213731648	nan	nan
521266	518	56647.0759318	2020.17980299	2019.97686489	1.14209365766	2022.5256398091003	2018.4856210023643	nan	nan
521895	519	56667.0070848	2020.22352769	2020.13468208	0.815252754582	2021.5925591075354	2018.8939742226016	nan	nan
523343	520	56749.4539258	2020.14532255	2019.77955248	1.19408188294	2022.574775405171	2018.841065327473	nan	nan
524956	521	56831.9826028	2020.61683026	2020.48715359	1.24923610316	2022.5906095719772	2018.162800695144	nan	nan
525565	523	56861.107281	2020.73122105	2021.0026977	0.892740070139	2022.0643261870848	2019.1603621150118	nan	nan
525281	522	56865.0090768	2020.60966581	2020.88347462	0.947963111396	2021.5159921220577	2019.3102503968514	nan	nan
525631	524	56874.8326519	2020.50078838	2020.6812361	0.692883329473	2021.6236253183204	2019.418096065864	nan	nan
525943	525	56889.097502	2020.22601174	2020.04279293	0.814677897294	2021.60018638466	2019.268206399424	nan	nan
526631	526	56999.857605	2020.50653507	2020.56132126	0.978867478655	2022.5271029772591	2018.717162776477	nan	nan
528207	527	57173.8153439	2020.23706055	2020.36109867	0.902127054086	2021.5254129186849	2018.4745975784308	nan	nan
530550	528	57265.7206199	2020.54937484	2020.20729619	0.753255912841	2021.7462972525082	2019.42797630361	nan	nan
535682	531	57438.6334548	2019.8188905	2019.85961675	0.8092055832	2020.9660581706667	2018.2796004183378	nan	nan
534589	529	57477.1046999	2020.04903517	2019.88267874	1.05739757332	2022.0233136095337	2018.9742103609692	nan	nan
534934	530	57494.1945899	2020.13257407	2019.93676563	1.64864397803	2022.2218058862077	2017.7011891500817	nan	nan
536001	532	57561.9900699	2020.53062858	2020.44507574	1.43947417663	2023.1614624556253	2018.4097126576235	nan	nan
536700	534	57574.8900399	2020.96846457	2021.10726472	0.838018615939	2022.0655919550484	2019.3652373700354	nan	nan
536536	533	57575.472317	2020.83543059	2020.84255111	0.57553511442	2021.8745504107392	2019.8323382983633	nan	nan
537106	535	57593.2708769	2020.56771646	2020.51322184	0.801555947697	2021.8915357347755	2019.3737059258472	nan	nan
537455	536	57609.7471428	2020.52073668	2020.89212105	1.17708640674	2021.6709529002062	2017.4704655564315	nan	nan
540447	537	57775.2695508	2020.79201222	2020.71358193	0.93741423524	2022.6758680281703	2019.3864804198117	nan	nan
542106	540	57850.3945708	2019.95437151	2020.31917341	1.47671112154	2021.6391803912072	2017.3708060689814	nan	nan
541949	539	57859.50156	2020.24046997	2020.83102401	1.26525846674	2021.705817387288	2018.2765070258708	nan	nan
541631	538	57865.1076639	2020.06153123	2020.00999398	1.18355645334	2021.6079050185801	2018.453791082659	nan	nan
542655	541	57924.1987619	2020.08760415	2020.28178723	1.04740954697	2021.20622665438	2017.8426431482449	nan	nan
543301	542	57991.2423558	2020.58073716	2020.9895684	1.44993410868	2022.3239600174225	2018.4265579309697	nan	nan
543590	543	58046.2926488	2020.43666689	2020.27328205	0.71027731498	2021.6194564436194	2019.5331906667807	nan	nan
544000	544	58186.570375	2020.25383693	2020.23918358	0.627635123318	2021.2052027112798	2019.3931495712504	nan	nan
549006	546	59783.3119538	2021.116233	2021.05846219	1.17742697919	2022.8044264428404	2019.079859410213	nan	nan
549871	547	59810.8215919	2021.13126694	2021.18149069	0.853589369131	2022.7582111508436	2019.8224480546965	nan	nan
548345	545	59848.4572108	2021.33763612	2021.22916256	0.77699243446	2022.818013427101	2020.2122207412415	nan	nan
551651	548	59880.8516719	2020.71192678	2020.206121	1.13806536525	2022.6666814491696	2019.3051032218839	nan	nan
552573	549	59924.0672169	2020.83848514	2020.65941838	1.04391095922	2022.4562074923597	2019.433885182041	nan	nan
553067	550	59940.344363	2020.69855133	2020.82719913	0.43818495232	2021.206366600648	2019.6990895074184	nan	nan
553440	551	59958.023597	2020.48478228	2020.4791729	0.97138044585	2022.320842870211	2019.1556639094756	nan	nan
555302	552	60058.189276	2020.41398346	2020.68958158	1.22146053322	2021.83873305829	2018.3589367592197	nan	nan
556924	553	60118.4377358	2020.59757848	2019.99637729	1.24452577568	2022.4507884412874	2019.2198130685588	nan	nan
557402	554	60169.2802508	2020.74972352	2020.68868804	0.974011139141	2022.0845896077265	2018.752575263069	nan	nan
557448	555	60189.5294428	2020.37069788	2020.30605036	1.25341190917	2022.1690920832436	2018.3088631389026	nan	nan
557695	557	60190.5160658	2021.16828552	2021.15603494	0.841807249007	2022.416347829156	2019.802554883712	nan	nan
557589	556	60197.4620299	2020.09345642	2020.15983694	1.05214024413	2021.7212795260648	2018.369226118472	nan	nan
558564	558	60322.8276248	2020.99579183	2021.17424525	1.4070698162	2022.8336979467415	2018.400376806475	nan	nan
559867	559	60508.6869178	2020.56461376	2020.60168525	0.542631800395	2021.4408593506432	2019.701050756239	nan	nan
561098	560	60602.1267438	2020.86470026	2020.99932286	1.36091918048	2022.9401706878245	2018.8006705502776	nan	nan
565132	561	60736.894742	2020.25586617	2020.607602	1.07649854925	2021.6561348699706	2017.7992406994545	nan	nan
566333	562	60896.7238479	2021.38601247	2021.22784631	1.33087531429	2023.9408054749144	2018.8478997242935	nan	nan
566691	563	60919.3885219	2021.04868092	2021.42871205	1.17038955701	2022.6574139580407	2018.6470681516967	nan	nan
568287	564	61000.2251558	2021.11480479	2021.34972826	0.871132871984	2022.2092478058812	2018.938061571933	nan	nan
568551	566	61002.4780478	2020.43869094	2020.67798957	0.89835008667	2021.4065916993416	2018.6110336619265	nan	nan
568906	567	61010.1981859	2021.58143679	2021.20172087	0.980899796558	2023.5662482432456	2020.080278172364	nan	nan
568548	565	61013.6334579	2021.02710653	2021.22151459	1.26035486098	2022.3332861858426	2018.2260010138116	nan	nan
569160	568	61039.8606448	2021.30244965	2021.82897069	1.06486547917	2022.37136881776	2019.1502217971267	nan	nan
572265	569	61198.4334528	2021.15930601	2021.15629115	0.93535289593	2023.1553168197315	2019.5307682989667	nan	nan
573620	570	61268.9559028	2020.51205354	2020.71316574	0.714148105048	2021.6287634295347	2019.0554730447511	nan	nan
573847	572	61304.2877319	2020.38983838	2020.48402863	1.31604533653	2022.5444672833387	2017.942034379119	nan	nan
573779	571	61304.7620099	2020.25337811	2020.08216296	0.761961014687	2021.298147461453	2018.849977096458	nan	nan
574565	573	61354.563623	2020.72975697	2021.11929489	0.973994182032	2021.8517913009061	2019.031076889452	nan	nan
575202	574	61429.3549509	2020.56962956	2020.7586187	0.891200607338	2021.799850638805	2019.1228721671653	nan	nan
575565	575	61482.8345749	2020.52557865	2020.60848449	1.38542766978	2022.4810508808102	2017.2501406727968	nan	nan
576000	576	61627.3532169	2020.90554284	2020.79051134	1.13943887409	2023.0200403830336	2019.356334529327	nan	nan
580810	577	63092.6481769	2021.59442234	2021.51716201	1.40497732729	2023.6658217864526	2019.2837175903164	nan	nan
581452	578	63110.854311	2021.2005439	2021.28985113	0.843711465668	2022.3989412125154	2019.9800929320618	nan	nan
583090	580	63185.4522159	2021.31573519	2021.16045499	1.42213568528	2023.9663673066425	2018.7949197831097	nan	nan
584338	581	63223.1924579	2021.93670235	2022.31758471	0.948768768971	2022.9136310742501	2019.895385541806	nan	nan
582753	579	63230.170836	2021.35286356	2021.38716664	0.770539737347	2022.7904746846564	2020.386901048991	nan	nan
584663	582	63232.8850899	2021.59519465	2021.62338865	0.696796152699	2022.6718254158598	2020.505920860949	nan	nan
585091	583	63261.4232559	2021.55494203	2021.49117251	0.752682778376	2022.6405006367233	2020.3067145455962	nan	nan
587247	584	63375.5429659	2021.91680612	2021.55925235	1.11856209703	2023.6654780313534	2020.5964842199658	nan	nan
588412	585	63408.7153978	2021.01485014	2021.36980771	1.09384835694	2022.5379756433053	2019.2805431033805	nan	nan
589248	586	63484.3384948	2020.9670703	2020.9424186	1.13954922003	2022.8405155238327	2019.0988105539939	nan	nan
589534	588	63504.2783618	2021.06951564	2021.37523144	1.03679610339	2022.1436436382492	2019.1532341419513	nan	nan
589527	587	63517.8960118	2021.7033506	2021.60634707	1.28913960006	2023.8231911834075	2019.6728391611143	nan	nan
589586	589	63527.9904289	2021.49254061	2021.55989348	0.867233469921	2022.6454333216016	2020.1777503793628	nan	nan
590497	590	63637.6773858	2021.39850707	2021.17104745	1.04038752711	2022.8712682586022	2019.844648120056	nan	nan
591953	591	63834.157547	2020.94732469	2021.09957177	0.659799359972	2021.8906869778111	2020.0338718159194	nan	nan
592608	592	63941.279449	2020.98220369	2021.40799894	1.08910034669	2022.3142733452307	2019.6382369970524	nan	nan
594421	593	64019.514473	2021.17162932	2021.01668735	0.863448135939	2022.4825558850475	2019.942993523488	nan	nan
598103	594	64300.6630518	2021.54819194	2021.6938377	1.19568365109	2023.7475472079886	2019.4230974369714	nan	nan
598564	595	64323.2071178	2021.21920287	2021.22045663	0.724633501471	2022.1735134972107	2020.045147578227	nan	nan
600356	596	64410.937372	2021.42102844	2021.51452604	1.12761626753	2023.2613555856915	2018.9090342474162	nan	nan
600546	598	64412.3158789	2021.56883759	2021.61117395	1.25689673324	2023.4806443910113	2019.012644947678	nan	nan
600365	597	64415.717772	2021.26276149	2021.20300748	0.826127497133	2022.2769700728372	2020.0182475074246	nan	nan
600629	599	64419.3186848	2021.46400883	2021.37236202	1.11993144361	2023.49933195727	2020.120753928564	nan	nan
601060	600	64455.5029879	2020.83909614	2020.79196804	1.08346076008	2022.6359587144561	2019.4160198293735	nan	nan
603986	601	64628.35425	2021.21502342	2021.24439681	1.20934839696	2022.609674541125	2018.992795408168	nan	nan
605346	602	64679.1246619	2020.76949348	2020.75690763	0.979198422073	2022.290679761866	2019.3041647887874	nan	nan
605891	603	64734.2050459	2021.75303331	2021.80463496	1.21172776217	2023.5781205920032	2019.8470526765057	nan	nan
605893	604	64740.8058519	2021.2966973	2021.02312415	1.26495891842	2023.6379013695218	2019.9952338370963	nan	nan
606513	605	64793.2401149	2021.21484976	2021.04133396	1.16494782897	2023.0561311411575	2019.8630656067396	nan	nan
607206	606	64875.2119169	2021.46346125	2021.64084587	1.04422596545	2023.2257251770475	2019.6151561845875	nan	nan
607546	607	64902.3795888	2021.27770213	2021.39857184	1.48472230924	2023.7009268028437	2018.0856171541582	nan	nan
608000	608	65050.198	2021.74542256	2021.48202507	1.83525404563	2025.1365721582797	2019.7404564549229	nan	nan
612816	609	66419.5403869	2021.68046359	2021.80350233	1.20546383517	2023.5975027595687	2019.2392313659657	nan	nan
613178	610	66439.1331139	2021.3718903	2021.60442846	0.752803840027	2022.545220681716	2020.1603539047626	nan	nan
614910	611	66518.4313149	2022.12737453	2022.25106987	0.890056718373	2023.3517962308085	2020.3095273939427	nan	nan
615889	612	66558.8701148	2022.02562141	2021.92024666	0.858266361537	2023.4392431007166	2020.60209268006	nan	nan
616094	613	66560.2791359	2021.68592347	2021.68226691	1.1464980375	2023.1643823667462	2019.6868385241485	nan	nan
616562	614	66588.4311218	2022.29913555	2022.27826435	0.857120108694	2023.373714752214	2020.7617041950418	nan	nan
616804	615	66599.9215329	2021.25724732	2020.98348801	0.9095005598	2023.2398948003724	2020.3308239927665	nan	nan
619241	616	66730.7281768	2021.74938732	2021.64795637	1.19737373097	2023.461551024077	2020.0224693988112	nan	nan
619891	617	66774.3846588	2021.57457487	2021.30322717	1.13643335094	2023.3331441809212	2020.1902844015904	nan	nan
621200	618	66835.5679049	2021.55860762	2021.45771641	0.889071828841	2023.1116814286154	2020.2950997187845	nan	nan
621465	619	66876.077153	2021.64831389	2021.56392931	1.14888901107	2023.1977683814812	2019.7149272586908	nan	nan
621557	620	66889.2205698	2021.55910516	2021.32049185	0.927418884572	2023.4412505369935	2020.204214392982	nan	nan
621645	621	66891.638613	2021.87390488	2021.90996067	1.30490530027	2024.021979153353	2019.7028385838273	nan	nan
622351	622	67009.0557818	2022.05019949	2022.18365896	0.753515344825	2023.268719315473	2020.7405351352386	nan	nan
624037	623	67222.1556289	2021.42433069	2021.34918864	0.941631217456	2023.1461827137894	2020.1371864058474	nan	nan
624758	624	67334.4475999	2021.83213006	2021.62408086	1.43138055228	2024.6028350421143	2019.881019593365	nan	nan
625086	625	67370.4186878	2022.02049465	2021.82773661	0.907412101093	2023.232718259671	2020.8207930049905	nan	nan
630397	627	67663.0917249	2021.84813517	2021.70714542	1.06681068009	2023.7278802881071	2020.585412997789	nan	nan
629914	626	67672.9095199	2022.2687358	2022.52398136	0.908124469714	2023.841846732659	2021.1535456936315	nan	nan
632293	629	67770.467865	2021.9706613	2022.09175865	0.732723029029	2022.8364931820124	2020.3859401349887	nan	nan
632281	628	67774.795347	2021.55846001	2021.45119905	1.37570124034	2023.561529237542	2019.4936715341223	nan	nan
632345	630	67789.1628518	2022.32250865	2022.47481443	0.894047971906	2023.7023144926486	2020.6088874945788	nan	nan
632398	631	67799.2188518	2021.73005667	2021.34256454	1.06348904432	2023.3336517040043	2020.5549407371282	nan	nan
632991	632	67818.0055618	2022.10049749	2021.85306529	1.10497038139	2023.8733815317116	2020.5683714019035	nan	nan
635920	633	67984.133821	2021.39961293	2021.03430719	1.25832585224	2024.2112683551131	2019.851654218509	nan	nan
636896	634	68027.0969579	2021.48868865	2021.4421875	1.11149162418	2023.2497676025712	2019.9780816179748	nan	nan
637765	635	68100.890919	2021.37550798	2021.33864357	1.31577329028	2023.1738031423686	2018.9056860553217	nan	nan
637879	636	68120.8824499	2021.94686642	2022.30228281	0.742323556276	2022.5689268018677	2020.4014674923174	nan	nan
638545	637	68167.898634	2021.5406036	2021.7343003	1.02225412373	2023.2893787387145	2019.5147492660594	nan	nan
639350	638	68247.8328769	2021.8216469	2021.98101371	1.11668500215	2023.2061522291522	2019.420384848237	nan	nan
639516	639	68281.2155199	2022.09848577	2022.18858107	1.0744083398	2023.7274583705785	2020.1023881036892	nan	nan
640000	640	68428.0225708	2021.54449904	2021.64281256	0.753838159223	2022.6468556193752	2020.4317524903254	nan	nan
644618	641	69786.2292788	2022.16705676	2022.29860429	1.30618010133	2023.8503937050666	2019.6148694709393	nan	nan
645032	642	69805.2837989	2021.63245008	2021.68280463	1.08892269575	2023.3340552409468	2020.1367995694166	nan	nan
646796	643	69899.0277309	2022.07770108	2022.17399764	1.13071799948	2023.8375599444403	2020.1861525968363	nan	nan
647601	644	69922.641645	2022.0831393	2021.97642677	1.1706052336	2023.752369902622	2020.1533102990713	nan	nan
647633	645	69926.9500659	2022.51409443	2022.44741619	0.668480425618	2023.6806286063397	2021.336422757742	nan	nan
648242	646	69946.6767149	2022.37007742	2022.54886115	1.29299738298	2024.5427101283428	2020.257227101295	nan	nan
648516	647	69971.351409	2022.97864548	2022.94748261	1.27661707347	2025.0990864185485	2020.6186042469974	nan	nan
651208	648	70106.7570088	2022.19030583	2021.99186053	1.13604245959	2023.7776143633657	2020.9041927886515	nan	nan
652026	649	70167.0139139	2022.46847822	2022.35768	0.777615993941	2023.7902060672118	2021.59660418654	nan	nan
652986	650	70222.4251499	2022.1251764	2022.27879441	1.1380532519	2023.3525047417245	2020.2504763373408	nan	nan
653493	651	70268.1185918	2022.46649905	2022.05713643	0.940920398572	2024.3021470669876	2021.402019002595	nan	nan
653625	652	70273.9209719	2022.28621675	2022.75691579	1.30450872364	2023.683195489185	2020.2236230459137	nan	nan
653636	653	70278.5350029	2022.17612682	2022.11565897	0.736561838984	2023.3373157136743	2021.3621698343607	nan	nan
654299	654	70397.3194759	2022.22577689	2022.27682477	1.07270955136	2024.276160553239	2020.166911285349	nan	nan
656185	655	70624.3888779	2022.07388635	2022.09489435	1.00665875616	2023.3793528165604	2020.278736661776	nan	nan
656896	656	70724.2528608	2022.95397301	2023.23053446	0.955445366252	2024.1424841730282	2021.225526624179	nan	nan
657068	657	70730.6242108	2022.33222982	2022.11962657	0.852681588704	2023.9025737732406	2021.4096964190535	nan	nan
661889	658	70994.7235229	2022.27742085	2022.40366146	1.19299176165	2024.5585885215003	2019.9106821781365	nan	nan
662223	659	71028.4286749	2022.30265807	2022.04324589	1.47208959516	2024.7824390254564	2020.4013395842626	nan	nan
664181	660	71123.8640358	2022.00433785	2021.97323366	0.989437993133	2023.405999608613	2020.0493774134432	nan	nan
664262	661	71146.293283	2022.10934293	2022.26099835	1.05832507911	2023.7655286012753	2020.122439284686	nan	nan
664436	662	71167.071219	2022.51157145	2022.73539127	0.96626957912	2023.6108376215134	2020.172755813539	nan	nan
664621	663	71184.9442649	2022.13326327	2022.08979739	1.06394558912	2023.7987309026648	2020.6191730566	nan	nan
664929	664	71193.9789088	2021.74204494	2021.57934151	1.05757211702	2023.9245559528508	2019.883677753117	nan	nan
667661	665	71375.6620219	2021.4074508	2021.34048903	0.891638635445	2022.5877266035463	2019.5168206648095	nan	nan
668490	666	71390.902133	2021.31643373	2021.08504848	1.08592453299	2023.1773255827347	2019.6448064372103	nan	nan
669647	667	71503.3320358	2021.93996793	2022.28067146	1.36768203092	2023.4153552473028	2019.358836896434	nan	nan
669948	668	71519.6175709	2021.741693	2022.13456643	0.992287756157	2023.0156009245786	2019.9388179531077	nan	nan
670548	669	71579.4062209	2022.09783045	2022.27553712	0.751375069518	2023.375583299023	2020.9019107178751	nan	nan
671320	670	71648.7303569	2021.74487853	2022.103652	1.53528660226	2024.1532379693876	2019.2093361719133	nan	nan
671528	671	71676.9392319	2022.50824612	2022.27448687	0.910015968419	2024.3476096486254	2021.2404509644437	nan	nan
672000	672	71825.4476819	2021.39535362	2021.43814299	1.31951953361	2023.079069088216	2019.506839601613	nan	nan
676603	673	73156.760273	2023.35664268	2023.42423287	0.904948122857	2024.5342697027445	2021.9523112794984	nan	nan
676998	674	73164.131578	2022.53137385	2022.30362506	1.38583804652	2025.0946846081158	2020.7711265664248	nan	nan
679422	677	73278.192091	2022.40941172	2022.56215281	1.14811155593	2023.9096073288138	2020.5999143925035	nan	nan
678904	675	73288.198581	2022.81508632	2022.94599571	1.32213243457	2024.4529505944333	2020.3521539560224	nan	nan
679848	678	73300.052845	2022.24731257	2022.43500032	1.29719909497	2023.8352506695114	2020.0076043307636	nan	nan
679403	676	73301.789356	2022.82290011	2022.6851798	0.668971489114	2023.872715483581	2021.8894326459492	nan	nan
680192	679	73341.157975	2022.71902762	2022.53022129	0.640934211452	2024.3614173100984	2022.2267235300137	nan	nan
682869	680	73509.7064798	2022.71709056	2022.97524016	0.845657641018	2023.7052504278715	2020.9449003835846	nan	nan
683993	681	73540.4691949	2023.05453057	2022.75915159	1.42850337984	2025.6065704664227	2021.5438168226424	nan	nan
684976	682	73620.4902339	2022.76549273	2022.70885491	1.36008519342	2024.8729142036184	2020.6310179287982	nan	nan
685498	683	73662.972086	2021.8140795	2021.66191769	0.753508224159	2023.3587472703553	2020.9085446239785	nan	nan
685584	684	73673.3215749	2022.78366961	2022.7367168	1.08387649522	2025.4457789102557	2021.564228218816	nan	nan
685628	685	73681.7672548	2022.20540814	2022.18759061	0.779551723084	2023.5196049983897	2020.7972754789607	nan	nan
686290	686	73793.719656	2022.77913459	2022.68038753	1.41511271969	2025.0572583044025	2020.8256193370366	nan	nan
688338	687	74017.0801089	2022.03084467	2022.00442568	1.3071633255	2023.5198307524697	2019.5215256977328	nan	nan
689187	689	74100.698669	2022.69080498	2022.21355844	1.22856768374	2025.3817041027783	2021.3779401437423	nan	nan
689163	688	74134.8199849	2023.24583328	2023.55906531	1.22105022442	2024.5533496046119	2021.3905965272045	nan	nan
693242	690	74328.9467919	2022.49242297	2022.58312503	0.713287226849	2023.456396399943	2021.3750363468148	nan	nan
693752	691	74416.587044	2022.43473597	2022.91938614	0.896194796348	2023.2793836944018	2020.9665999396195	nan	nan
695742	692	74473.863658	2022.49774509	2022.31512545	1.10633103665	2024.8345580059627	2020.9792839787895	nan	nan
696152	693	74502.093853	2022.70246503	2022.7509835	0.849826256046	2024.0580848909726	2021.228864301766	nan	nan
696510	694	74524.155653	2022.91264233	2023.02744336	1.41303914243	2024.7959515852265	2020.4550199620066	nan	nan
696718	695	74538.706152	2022.56493949	2022.92734181	1.34738730987	2024.9696271154226	2019.99674039169	nan	nan
696831	696	74552.685529	2022.17948627	2022.13755088	1.20784259729	2024.5449797109818	2020.4422288868175	nan	nan
699908	698	74737.4025469	2023.09367211	2023.51669412	1.46343033023	2024.5499592028823	2020.383580351708	nan	nan
699673	697	74746.0381198	2022.79451494	2022.76800953	0.805026346559	2024.069998329043	2021.3773282129143	nan	nan
701680	699	74869.1484199	2022.48556507	2022.44592927	0.842652231402	2023.864856388936	2021.2026320199666	nan	nan
701971	700	74887.8326888	2022.91918995	2022.9080652	0.506200647721	2023.8434159517867	2022.263392941187	nan	nan
702664	701	74955.5332429	2022.5471082	2022.33977708	0.986866959316	2023.98085922282	2021.0950838226063	nan	nan
703346	702	75024.4215779	2021.98204337	2022.07205157	1.54628212956	2025.7349777356937	2020.0968647780724	nan	nan
703534	703	75045.4358318	2022.23380878	2021.98043306	0.892832738295	2023.7040768980955	2021.058350237939	nan	nan
704000	704	75196.020088	2022.30690643	2022.5223041	0.835853365554	2023.2935327430118	2021.0135513336425	nan	nan
708686	705	76529.4771919	2022.66402177	2023.11387637	1.11676130353	2023.7071960501391	2020.236048870876	nan	nan
708802	706	76532.5891399	2023.61722595	2023.59217654	1.2435440466	2025.972258247213	2021.3486762012876	nan	nan
711327	709	76635.1099498	2022.19804545	2022.08809838	0.844109740745	2024.1161768550523	2021.0243903571502	nan	nan
711040	707	76645.5509288	2023.42132663	2023.40330905	0.803645851594	2024.5631155888268	2022.1574089561368	nan	nan
711253	708	76659.9354138	2022.9502455	2023.06535859	0.789302904561	2024.139092455277	2021.7150965524884	nan	nan
711412	710	76683.7568238	2023.3378864	2023.17320188	0.756696508459	2024.4141165844612	2022.1224291989786	nan	nan
711968	711	76724.0439048	2022.81989735	2022.62376819	1.04664622883	2024.7256268860394	2021.5226321961836	nan	nan
715185	712	76900.1319828	2022.69113376	2022.87568159	0.980230529189	2023.7974541661295	2020.7232359822542	nan	nan
715699	713	76924.3757939	2022.70807509	2022.51563278	1.06173216454	2024.8959215674988	2021.340869542001	nan	nan
716957	714	77022.316438	2023.07253835	2022.8804337	0.950367458965	2025.0930676572157	2021.9398127199695	nan	nan
717471	715	77058.4282548	2022.93015545	2023.19952461	1.26722165275	2024.8138396164331	2020.6760197467584	nan	nan
717581	716	77081.400116	2022.7047212	2022.59851926	1.56262672923	2024.8752584116169	2020.2174308298138	nan	nan
717639	717	77087.248178	2023.02837131	2023.32120937	1.16840685208	2024.3167284687197	2020.9323394531525	nan	nan
718317	718	77190.1984539	2022.86262378	2022.86140606	1.35263560972	2024.4959611676795	2020.1678318850304	nan	nan
720404	719	77419.6210778	2022.92246851	2023.13978268	1.14401455407	2024.8014940910948	2021.4625848694986	nan	nan
721145	720	77468.7975318	2022.96789701	2023.21038426	1.03822180839	2024.0629575225062	2020.849688981457	nan	nan
721502	721	77527.779284	2022.82682106	2022.64757829	0.87257778631	2024.79591033584	2021.5166695279775	nan	nan
724662	722	77678.9914699	2022.2193049	2022.26987541	0.517063991501	2023.0371289353766	2021.4505139416808	nan	nan
726278	723	77788.024498	2022.48565502	2022.74615884	1.47532740405	2024.2172242741663	2019.4991008463392	nan	nan
727600	724	77825.5759928	2022.6449485	2022.5763585	0.756929648773	2023.7979240564987	2021.1869820437396	nan	nan
728155	725	77866.129355	2022.76978484	2022.50154538	1.44016729784	2025.0783946070876	2020.7463741025592	nan	nan
728474	726	77889.531878	2022.77976689	2022.59826353	0.819375746522	2024.6217502721795	2021.7427297024633	nan	nan
728687	727	77919.528827	2022.98441694	2023.10940712	0.787555802473	2024.046786357844	2021.6774648011356	nan	nan
728788	728	77921.0818329	2022.92064256	2022.71222986	1.17189484687	2025.3495180167622	2021.103711128571	nan	nan
731475	729	78085.9338439	2023.7624316	2023.88863151	0.962572538536	2025.5368389711086	2021.9533053549512	nan	nan
731599	730	78113.6903179	2022.48090316	2022.54063203	1.22126151084	2025.0516371195502	2020.661683924261	nan	nan
733601	731	78261.0690889	2022.83771968	2022.9934389	1.11116012207	2024.5381255910838	2020.5886060645216	nan	nan
733852	732	78265.738457	2022.97513327	2022.69238857	1.22522357184	2025.6729962908876	2021.6926806031415	nan	nan
734692	733	78331.6637769	2022.66824009	2022.49662622	1.11618282768	2024.4098562442764	2021.046461337289	nan	nan
735385	734	78415.5672719	2022.57867972	2022.44237746	0.788436165657	2024.0109450237383	2021.43649198894	nan	nan
735521	735	78436.6587479	2022.76798414	2022.46264596	1.11596370882	2025.133228431463	2021.6141295580508	nan	nan
736000	736	78590.614877	2023.34826227	2023.37710286	1.03656226185	2024.8513069662781	2021.6260736149386	nan	nan
740729	737	79889.054178	2023.54180785	2023.54690879	0.948647720329	2025.1389568927152	2022.0169221182618	nan	nan
740749	738	79907.4669759	2023.65618716	2023.39950277	1.06545729376	2025.070652018601	2022.0354451993614	nan	nan
742622	739	79969.0416169	2022.94466795	2023.0393037	0.842449421318	2024.2413950289986	2021.0715353722617	nan	nan
742887	740	79987.4564199	2023.71558791	2023.50315822	1.17651580927	2025.8265122421299	2022.1115223052038	nan	nan
743081	741	80024.113138	2023.70861539	2023.6170517	1.21870007455	2025.4765539351356	2021.9645412504656	nan	nan
743394	742	80046.704782	2023.75297553	2023.97859544	1.49202750487	2026.738158791472	2021.7107651789001	nan	nan
743870	743	80096.8715339	2024.02091179	2023.88607029	1.0408103017	2025.3178172560138	2022.7458902471747	nan	nan
746939	744	80289.9251859	2023.09662785	2022.24092908	1.74078486382	2026.4025968085034	2021.4976045859237	nan	nan
747415	745	80328.8371248	2023.35275741	2023.46953336	1.11634790649	2024.806106729071	2021.4846023840357	nan	nan
748905	746	80423.2850039	2023.2064349	2023.39710218	0.780764427503	2024.0884847680525	2021.5721931471803	nan	nan
749380	747	80441.4348209	2022.75358072	2022.96490273	0.985153087282	2024.7669678866632	2021.252233211947	nan	nan
749629	748	80465.4338579	2023.48176834	2023.56277887	0.900733172145	2024.619767924508	2021.5328359789128	nan	nan
749654	749	80480.7764969	2023.6918041	2023.56986129	1.05713745656	2025.4207410606095	2022.009301741563	nan	nan
750429	750	80594.1066959	2023.49110304	2023.46253333	0.770750638764	2024.6903465274481	2022.2877176189509	nan	nan
752679	751	80822.2105658	2022.80074481	2022.59029773	0.89575058976	2024.203017210991	2021.6058958638025	nan	nan
753143	752	80843.6319749	2022.95453738	2022.76257412	0.930971412233	2024.256581593417	2021.5904503629374	nan	nan
753733	753	80948.2736089	2023.332824	2022.9110829	1.22709745538	2025.0874168227806	2021.846518493085	nan	nan
756327	754	81025.8240318	2023.22192575	2023.09251375	1.18011860491	2025.2332735638108	2021.5607614382186	nan	nan
758489	755	81161.798111	2023.38352507	2023.09660575	0.900714550975	2025.3383042742805	2022.6309624821004	nan	nan
759321	756	81184.5290089	2023.02749982	2023.1086476	1.36347160259	2025.4445016316681	2020.2459572873947	nan	nan
760089	757	81244.6661258	2023.42937693	2023.2839023	1.02073375769	2025.0070752536128	2021.9535276129047	nan	nan
760438	758	81258.0071599	2023.42169089	2023.4595035	0.94640582864	2024.8208088663746	2021.5714230034596	nan	nan
760818	759	81296.375778	2023.49827196	2023.53389078	0.754419738063	2024.5203378367978	2022.6050419856965	nan	nan
760864	760	81300.1195769	2022.74001766	2022.97250009	1.37053457941	2024.9925186413816	2020.2294307541842	nan	nan
763021	761	81449.41135	2022.89482753	2022.89481902	0.683401518391	2024.0738621766882	2021.4456303324575	nan	nan
763390	762	81482.262789	2022.98740001	2022.89446868	0.965772326823	2025.2591258734858	2022.1232004175204	nan	nan
765716	763	81634.8127089	2023.12959509	2023.3214866	0.986078694752	2024.486747686155	2021.573899301014	nan	nan
765785	764	81648.4716089	2023.25308327	2022.92115345	1.44164596089	2026.218851028947	2021.4414391259795	nan	nan
766566	765	81712.0384989	2023.05349188	2023.01340815	0.7972367331	2024.0662479360446	2021.4762972158533	nan	nan
767377	766	81796.2203908	2022.9960169	2023.02175443	1.0288661588	2024.6014161983894	2021.3614819612837	nan	nan
767515	767	81821.85181	2023.04263378	2023.16294277	1.1380323021	2024.8922739312652	2021.5362629740957	nan	nan
768000	768	81973.8233509	2023.97896677	2024.02415961	1.05084530208	2025.6008952663085	2022.033021640676	nan	nan
772758	769	83242.529259	2023.63540494	2023.5687292	0.715637082422	2024.5768590855755	2022.4249253946234	nan	nan
773070	770	83273.8875518	2023.88745802	2023.80835302	0.862499546372	2025.0178333151994	2022.3763365776051	nan	nan
774332	772	83326.2018359	2023.2260784	2023.08600098	1.00674520659	2024.9723499587099	2021.4666053556832	nan	nan
774089	771	83334.2333009	2023.42866879	2023.77691726	1.06280261738	2025.0174364657503	2021.938777881049	nan	nan
774844	773	83374.765538	2023.59757651	2023.63908184	0.75748970357	2024.7563756828959	2022.2603241443749	nan	nan
775182	774	83409.0418918	2023.64954265	2023.76196746	1.31945308252	2026.2846737620798	2021.8760264818998	nan	nan
775626	775	83456.8641539	2023.23323468	2023.28602764	1.12618963094	2024.9658001793598	2021.587947782801	nan	nan
778810	776	83668.0203509	2023.47463638	2023.72238376	1.34589229025	2024.9568146766762	2020.4905267928295	nan	nan
779504	777	83691.4441319	2023.50328515	2023.4247859	1.19518074483	2025.0898964790945	2021.270302085324	nan	nan
781060	778	83785.8518488	2023.49211734	2023.25900402	1.05646390543	2025.1498137998233	2021.8854639111823	nan	nan
781289	779	83811.4104819	2022.86591907	2022.88587025	0.813203019846	2024.150852934569	2021.4857403583978	nan	nan
781545	780	83850.806715	2023.458447	2023.4547549	1.12999183266	2025.333740779012	2021.504064625157	nan	nan
781641	781	83861.9100759	2023.77408075	2023.61913382	0.961874971374	2025.6068723166916	2022.0865631581669	nan	nan
782471	782	83944.8464458	2023.10563801	2023.4094163	1.18718501889	2024.6787526718279	2020.7285730296423	nan	nan
785089	784	84184.0885758	2023.92667465	2023.26099725	1.33324681493	2026.1263656605615	2022.677883910832	nan	nan
784926	783	84211.5520589	2023.75715904	2023.16903282	1.31192523305	2025.7487525882839	2021.9881867101735	nan	nan
786548	785	84315.8922389	2023.87927642	2024.12359482	1.30289453324	2025.562636270897	2021.1761999322887	nan	nan
787780	786	84390.9445519	2023.85511358	2024.00743644	1.26039869495	2025.8584948376842	2021.2720535334333	nan	nan
790601	787	84508.6229818	2023.10251365	2023.16547587	0.640659601118	2024.016451824132	2022.1716100312715	nan	nan
791038	788	84584.572228	2023.86200375	2023.80533211	0.66218860971	2025.2874145753726	2022.8143814096366	nan	nan
792167	789	84658.9305589	2023.27251615	2023.06668094	0.893657367137	2024.6295824234408	2022.0889773677816	nan	nan
792368	790	84664.046175	2023.33770043	2023.24783483	0.882274606113	2025.0885226326532	2021.4862983814642	nan	nan
792919	791	84713.9255109	2024.0161304	2024.3179455	0.961699550253	2024.9638007040046	2021.8493829782778	nan	nan
792945	792	84716.336422	2023.50956152	2023.56732999	1.03002183048	2024.8155392931496	2021.4648445026874	nan	nan
794766	793	84864.6695869	2023.87002256	2023.63135333	1.2674710957	2025.9728255928885	2021.8902985771174	nan	nan
795235	794	84912.4003839	2023.25050015	2023.26283073	0.526118112188	2024.006373785272	2022.2531983842598	nan	nan
797595	795	85070.7717218	2023.94810797	2023.72212372	0.988116496107	2025.489449654703	2022.73098032211	nan	nan
797778	796	85089.4510188	2023.58642216	2023.91348726	0.934505593418	2024.854252635608	2021.9522727969083	nan	nan
798563	797	85146.0918398	2023.44339085	2023.32627388	1.09876140278	2025.3998366414453	2022.294323676532	nan	nan
799360	798	85220.6760399	2023.53590057	2023.53395356	1.07063575761	2024.8602798929007	2021.520722578257	nan	nan
799522	799	85269.63115	2023.82510825	2023.61513651	1.20561612823	2025.9712653911247	2022.0543561666	nan	nan
800000	800	85426.171212	2023.64858843	2023.71187405	0.705723312672	2024.67296772555	2022.0920844658142	nan	nan
