steps	episodes	elapsed	mean	median	stdev	max	min	average_value	average_entropy
31839	16	6254.047472	1984.03842654	1995.35115602	40.5066228614	2032.35595935015	1933.3232839317318	74617.0445217	2.17632501252
31777	9	6256.28540397	1997.29833946	2004.77366293	32.7413860685	2032.7872867801225	1930.3841917500927	74607.3197456	2.17632467623
31660	5	6258.37860394	1988.45378498	1980.59716017	29.0269524608	2030.3268835580402	1951.8193641885975	73926.6658872	2.17627561286
31916	22	6259.51172495	2010.70845783	2002.98987435	29.7141334107	2054.0044278211967	1966.7448776696933	75886.3867552	2.17625740623
31632	4	6261.00317693	1940.73483791	1931.7444433	48.7928949114	2023.2869137957482	1886.1666963707912	74063.9412697	2.17626201682
31783	10	6261.90805888	1932.12998708	1915.48768014	43.8429495022	2024.5133336087526	1886.9120904496042	74708.0800228	2.17626178067
31928	24	6266.86100101	1978.09965393	1969.07049707	36.8672832453	2039.3485961442818	1935.8376409395657	75332.300545	2.17629575923
31822	13	6267.41286206	1989.33255412	1981.26893115	49.7655041789	2055.8248264020167	1908.4961119805641	74730.2069193	2.17632919254
31867	19	6287.32631898	1998.03592355	1988.57903765	22.1045368025	2038.5186607136998	1974.0872612106293	74957.8072254	2.1763222457
31910	21	6290.40483499	1998.1299201	1994.40112862	16.5190419535	2039.2887294155526	1982.624000337661	75602.6343696	2.17631975478
31935	26	6298.74282598	1961.3386466	1954.75550864	33.8475810492	2029.8593538099651	1909.2820620992425	75909.2177853	2.17636913004
32000	32	6302.47917295	1998.36595459	2013.02312742	33.5066629548	2037.669657598407	1934.912528766068	77863.1878689	2.17629961904
31836	15	6310.19546485	2000.50861249	2016.10086412	39.4220415947	2043.304184185558	1943.5926003181442	75018.8641621	2.17630232517
31967	27	6319.24708104	2029.35551257	2030.01795634	22.4510848227	2056.734541383147	1999.1167633564526	76364.4248107	2.1763122855
31982	28	6322.00800705	1969.10872537	1964.86784656	28.5295462591	2026.5282572233239	1921.2124566518557	76874.1259718	2.17637309019
31396	2	6353.81534505	2033.06287237	2032.18553283	9.51669024896	2048.612779842706	2019.834522653877	73141.8668207	2.17632977761
31356	1	6362.80472684	1957.9503455	1945.64909352	42.0674352899	2022.7508759655375	1916.0673771067059	72880.2364029	2.17627163232
31898	20	6375.25769186	2012.74740005	2016.92537762	16.2565867297	2027.8277467328935	1979.7325521927244	74829.940587	2.1763432237
31666	6	6378.62957287	1965.93660438	1959.0853647	23.541736922	2021.5055355616485	1938.0018426468032	73811.225031	2.17631741465
31631	3	6381.95375204	1982.1364427	1983.93809355	31.9904377289	2031.5561122112717	1933.357265872672	74109.0242098	2.17626210825
31830	14	6396.34468794	1994.97633487	2001.43364487	38.5411102413	2040.3751164684268	1936.3912098673359	74588.2757602	2.17635153071
31843	18	6404.73354197	1952.75132335	1945.52600299	26.0839563453	2006.3109945384936	1925.589835913343	75031.3462709	2.17628385432
31723	7	6414.77966595	1995.52734768	1991.26713278	18.2446393495	2029.2453948272612	1968.9324818166408	74376.5976978	2.17635542821
31809	12	6418.788203	1933.22479993	1912.42707218	35.668643459	1999.0325759896057	1899.9709159912263	74738.6724828	2.17623357938
31985	29	6419.41936207	1982.37777234	1985.53614141	24.6440163792	2016.8487060012933	1944.0366261834479	77502.0675929	2.17627631122
31840	17	6419.69873405	1954.48269487	1944.90451845	32.7057487762	2012.8208263791391	1922.0744618456824	74742.4482871	2.17631397934
31800	11	6428.00542593	1981.31369715	1957.22816773	37.4614160945	2044.5547422379664	1949.848322892521	75503.0837215	2.17628325865
31745	8	6428.70057106	2013.24928522	2005.68328296	28.0666342119	2049.7105502248687	1969.546181272401	74572.7175534	2.17629608308
31920	23	6439.96500087	1971.63034108	1980.49476827	38.8714674962	2025.633563545841	1893.6012703441309	75888.1367138	2.17626065662
31933	25	6446.49022794	1985.60538263	1983.44573033	34.3518798974	2030.130650720901	1946.244631189508	75874.2762863	2.17632650332
31999	31	6452.47168684	1983.91129806	1971.1861372	25.3779050598	2031.2583537944372	1961.8278232308799	77720.8988706	2.17627766763
31994	30	6490.78483295	1986.53569559	1985.07079309	33.0310661372	2028.3783788502824	1932.4661622422168	77712.9333551	2.17627679299
58446	39	12513.837534	1888.53855657	1891.37928677	12.1065068783	1900.4303751941195	1868.496916689567	268651.766345	2.97625134311
57874	33	12516.252238	1938.24376314	1938.54192587	10.5283203312	1956.1850681449025	1924.1724767318585	265531.463655	2.97610948972
57912	34	12525.673399	1911.89152561	1909.9025166	10.6935222839	1928.5398817971802	1896.280544721284	264948.449404	2.9762319646
58332	38	12533.9463708	1895.84781485	1892.80566859	16.6401160884	1920.3925601291508	1875.1299704604926	268477.358757	2.97616391697
58137	36	12538.1780939	1960.05698552	1963.59481125	9.44306215003	1969.2227190707292	1940.3285588982685	267358.084004	2.97608998984
58171	37	12542.1123719	1901.59960626	1898.45000165	11.662405455	1928.6366559665455	1887.657256182882	267064.113241	2.97606767726
60110	44	12565.112586	1906.42049433	1907.32437266	17.3383725914	1936.9639913600633	1883.7355695629794	284057.190946	2.9760769564
59432	42	12565.476104	1939.36468464	1935.69524039	19.0911548703	1976.1651086833488	1915.19842134983	277228.186183	2.97618729807
58033	35	12568.3871019	1911.50086177	1914.22616014	13.4613393004	1927.8400529819367	1885.3465683311226	265348.694911	2.97622660696
59214	41	12569.159801	1978.35129029	1987.53742781	22.8037723148	2005.441250881256	1935.9671304442363	275442.398512	2.97625495857
58597	40	12572.9975429	1936.67235292	1931.19661661	15.3839982583	1959.0900176193368	1917.3088698620484	270398.410165	2.97610759391
59803	43	12603.5002019	1853.83058633	1860.07350235	20.7643446781	1889.6629710850236	1824.2585067243717	281140.951465	2.97619401205
60707	46	12617.505549	1884.61110038	1882.71768956	14.4712236782	1907.353476734972	1862.5738090806683	290332.836904	2.97612876103
60680	45	12630.8565009	1995.70930237	1995.17134185	12.3358139526	2021.4919203220973	1978.1693343293855	290104.300919	2.97606500363
63420	54	12658.353616	1975.50375009	1985.84278834	27.0909669257	2008.8730134640437	1922.1693249324348	328061.870148	2.97573259662
62240	48	12749.335211	1998.36749731	1992.77693913	17.9058904989	2029.9292118618139	1974.3361723658136	305812.277891	2.97597261825
62562	49	12750.6540949	1917.2435944	1917.56061143	6.85675814175	1929.8677434713118	1905.6805131932654	309744.701692	2.97589970952
63012	52	12758.7895288	1939.00431456	1939.10658606	16.5504918126	1968.3054418334632	1917.4367497323178	316562.139861	2.97578329054
62951	51	12784.6250451	1964.66761482	1961.87126767	13.6395883663	1986.2618231215058	1947.4779672625348	315597.477256	2.9758445892
63307	53	12796.908879	1882.39873223	1882.90551828	12.8554751474	1911.0709874769175	1865.3935093514997	321865.35441	2.97581737343
62870	50	12800.3017969	1931.57646361	1918.98503842	22.609055552	1980.4536582205753	1915.1775267458975	314351.21674	2.97594978747
63703	58	12808.5335999	1899.18909216	1893.77065154	21.5915104664	1927.7296170326872	1874.3534859671033	330127.769846	2.97573389366
61231	47	12832.3431311	1918.58672411	1923.2649069	18.6883540617	1944.9382455238215	1889.1255818361835	292890.628157	2.97606031789
63485	55	12836.0918949	1886.67617169	1879.76888207	18.6888398438	1917.88356556468	1867.2538076590365	324679.123379	2.97579687919
63734	60	12851.8319321	1900.33082006	1896.73224984	10.2757779354	1912.5856268119385	1884.1691926406143	331359.709941	2.97562738556
63722	59	12859.4868979	1967.84895607	1974.09091815	18.3590108402	1989.07380941295	1939.0700065260826	331319.159244	2.97575125371
63601	56	12859.534235	2011.25221942	2016.56404979	16.2502709213	2037.3997488000234	1986.729946768256	326438.562282	2.97584340573
63702	57	12862.2888639	1898.32786128	1897.3765691	19.8239410999	1927.4774693306294	1869.7510109750372	331521.582841	2.97569402801
63854	61	12882.1847749	1893.27968427	1892.7010202	5.87014481304	1905.9968490860729	1885.193007384682	336479.949423	2.97567158409
63901	62	12912.0952339	1937.75223125	1928.49351043	16.9697522005	1965.5643878191547	1919.356217261891	338281.303875	2.97569916332
63930	63	12938.25758	1948.89652388	1947.74767166	12.4875173356	1971.6856896676709	1933.0646924633977	342182.501026	2.97557463272
64000	64	13006.4062591	1937.74691926	1937.27786583	10.6668132157	1952.3333024069543	1921.657122245007	353738.420326	2.97543427641
84957	66	18804.397608	1919.7694693	1915.7250964	21.5114583939	1955.0296810233128	1894.8196214698967	584646.48602	3.26602290732
85636	67	18829.2213449	1927.9318938	1923.46738711	25.2738819833	1966.4710881097267	1900.746055188885	586975.365145	3.26594727227
86081	69	18834.538238	1964.15743159	1960.42368292	15.4611028203	1990.577943362164	1945.3392385870911	595474.769609	3.26553756948
84947	65	18835.5714769	1999.27393922	2003.89904644	25.4327706436	2037.0631384173091	1960.1030252707853	584486.656446	3.26579732666
85804	68	18838.011687	1960.44630459	1966.1991619	15.793634347	1976.7450983440594	1930.9956309671754	592769.008396	3.2657794522
86218	70	18867.981729	1920.05667941	1920.71654265	9.93180638079	1939.1218876695336	1905.6216479404586	596117.159857	3.26552511763
87563	73	18875.6318679	2003.88827247	2025.27664873	36.3296664297	2034.5368807394987	1943.4344520054112	611096.400065	3.26564282401
87448	71	18878.7846379	1891.68227859	1893.52311629	8.92162864378	1905.510754195323	1878.3960327732902	607147.000379	3.26552950784
87605	74	18895.720259	1951.06215222	1947.82841057	19.2138462999	1976.8245116463788	1924.1015953640583	610003.299115	3.2656355961
87627	75	18898.2888401	1932.38492421	1935.21835775	7.12477489428	1942.1979768994643	1921.133756346698	610939.687473	3.26543662123
87495	72	18903.8681979	1927.22210701	1925.98591419	22.7553496185	1962.0595580394258	1889.4461455021785	613782.997571	3.2654461958
88822	76	18910.660769	1831.19854196	1825.01423713	25.6025999764	1870.1549669966894	1799.997186856719	630255.922672	3.26523889357
90415	79	18938.2109981	1983.20887	1988.13586052	43.6361762968	2039.4934724625286	1924.6940965491517	673974.305072	3.26454633042
89520	77	18974.982878	1880.06755975	1872.33010393	20.325446799	1906.111579638019	1857.9439161641978	644520.744329	3.26494817817
89805	78	18988.9557219	2029.05158227	2023.91000841	15.0510153803	2052.711390584414	2006.3509111790643	649142.086719	3.26484334673
93275	81	19110.8717968	1945.98189729	1945.37903749	37.4184124661	1990.5558576814437	1898.0657007119817	714109.529781	3.26387974171
93523	82	19112.4762158	1996.64722427	1993.09342946	22.4980580726	2030.2638073893359	1959.3022830478876	720067.177382	3.26372258215
93261	80	19124.1988399	1958.01785604	1964.51409519	15.6361295311	1972.5139276867108	1932.1849985692666	710963.494816	3.26394515268
94398	84	19129.5087519	1881.75056673	1878.23255021	12.3292330224	1899.9544844971429	1867.039573350838	746134.228348	3.26353892248
94143	83	19155.9248409	1986.90892383	1989.42058403	16.6497009937	2016.337053804025	1955.7851726645206	733424.847924	3.26354710666
94545	86	19204.87429	1973.545338	1981.29933303	23.3955525921	1997.3618924435757	1927.798256923478	738593.96608	3.26380952296
94535	85	19204.9156101	1909.07471268	1913.56219387	9.76526597125	1921.3140477728523	1892.531476341912	741825.147162	3.26354970735
95106	87	19256.2443469	1925.2943676	1933.36081171	30.590018693	1970.8714810171214	1879.4382605454637	759055.302929	3.26340169964
95401	89	19262.2008829	1971.74709057	1980.52475671	41.073973964	2018.0856518068792	1910.822467991111	772922.127822	3.26302048976
95480	91	19283.852803	2035.71385157	2022.79852294	40.4814940762	2107.184746228987	1993.311153658854	774837.981982	3.26322244591
95506	92	19289.0363419	1958.4936137	1956.02408848	24.8596164899	1998.0491465081923	1924.747413343249	776555.803575	3.2631220131
95641	93	19291.7535429	1885.50813954	1883.15229336	12.9155779466	1903.4449330794337	1870.4456483327224	784510.18469	3.26317702224
95445	90	19305.960628	2019.54975005	2025.71894712	28.2585647577	2055.7723901985664	1973.642857691895	772428.511802	3.26324165219
95165	88	19312.8877749	1955.80224014	1960.69811309	17.3585109115	1979.6529520526435	1931.1716175396132	747491.874857	3.26360604721
95800	94	19339.6393449	1946.12567249	1942.3296839	15.763523819	1973.1983134234688	1922.6651112824763	797411.991745	3.26295976515
95887	95	19375.931695	1933.12300059	1930.26262932	7.0150433468	1946.030705688967	1926.3372431088324	808565.725871	3.26284309995
96000	96	19472.4921191	1959.78504088	1954.37437902	18.4993661485	1988.3837079541136	1930.1354445262643	833685.671598	3.2627876279
113087	97	24923.721199	1983.8430257	1975.27747393	28.6444863922	2039.7644061945261	1950.4486491249647	1096183.9913	3.3686724112
114688	101	24989.6874919	2114.59948569	2108.58208308	44.7921569708	2169.196388724608	2049.8155435936615	1117509.23055	3.36823765108
114480	99	24995.3959761	2027.49575232	2022.18581861	34.2315304418	2082.580142430586	1984.0803645280953	1119242.80573	3.36814294838
114224	98	24995.746798	2025.28452291	2022.9276785	29.2933315927	2063.851458842347	1973.3749394143404	1107909.37895	3.36852317866
114594	100	24999.177928	2008.54543602	2004.47665996	18.3106532407	2034.0463227614914	1979.7249776359956	1119554.38411	3.3683975302
116083	103	25016.8377199	2099.58840021	2106.30056532	30.1455943371	2138.162630105404	2055.3546905415246	1142503.01511	3.36848327552
115890	102	25036.411751	1985.1932394	1983.10901174	33.5202958878	2048.1167030956894	1941.5121485790494	1137946.21662	3.36804645155
116270	104	25050.133878	1943.97893732	1941.27832113	21.6968582741	1981.3080624609024	1917.24287393717	1143651.87127	3.36840230138
116988	105	25057.274426	2015.23883406	2012.39193078	39.3859463719	2064.7269074795768	1966.1839538541878	1152922.87922	3.36848568297
117252	107	25076.613503	2011.15954622	2013.53524415	21.2785402956	2043.13184947383	1977.5600082963826	1163942.74127	3.3682103235
117236	106	25083.404021	1941.09329364	1945.88725196	15.5784273663	1960.7864204052926	1921.526564684303	1161129.80034	3.36821042152
117620	108	25098.0751019	1880.42992218	1880.14947293	24.341578413	1920.247150708123	1844.2623076130812	1172762.19316	3.36832271772
118375	109	25117.144603	2085.50653854	2094.01324878	35.5720385197	2136.2719059110855	2041.3638004954614	1207352.6809	3.36785403523
119766	110	25174.1793671	1900.0934104	1900.15998934	4.67063042904	1907.6093196328504	1892.7203747351186	1225980.03604	3.36778432624
120273	111	25190.326076	2089.19153334	2091.56695276	14.993940632	2119.2374696212805	2065.3397946224013	1235997.84323	3.36771129543
123882	113	25592.15693	2066.25555767	2071.78855672	30.3791078715	2101.7027531274316	2024.5582133937066	1345625.73063	3.36705424018
123816	112	25618.913238	2051.0423939	2054.56284533	37.059698957	2098.1884542989797	1998.1585877954208	1342811.5792	3.36718188464
124275	114	25623.4620929	2009.91008017	2013.50126246	40.2342507198	2070.978351808584	1942.7069696691522	1350683.39602	3.36723103173
124949	116	25659.2093949	2044.2773052	2037.874212	18.4230189996	2075.615580213123	2023.0497670970824	1383565.64081	3.36675462804
124389	115	25681.5001369	1891.70504813	1887.17942729	14.2729270251	1920.0124162421548	1873.3014052839544	1367611.6582	3.36696611225
126009	117	25730.419059	1934.30126722	1943.59555799	20.6079024677	1954.6231745759853	1901.111039300349	1416771.19808	3.36694528532
126041	118	25758.29969	2012.76085813	2011.88963039	15.2323822657	2046.4827593317	1995.6967764350757	1413873.05101	3.3672647669
126877	119	25777.732125	2026.35737172	2022.87322615	28.4812385113	2061.9900232669215	1988.1129879945195	1457689.8214	3.36667572201
127037	120	25799.2457979	2041.67123506	2043.24430052	20.0548285321	2077.0771934925206	2014.2081627632383	1472147.83367	3.36639375142
127407	123	25838.812175	1990.54657068	1989.02646173	47.3018373816	2051.1023518816287	1909.1648692478932	1486926.09665	3.36671649432
127380	122	25843.3998089	2034.86215681	2020.69394791	32.3479453162	2085.106724487434	2002.3946737694903	1489176.59531	3.36642503324
127695	126	25844.825357	1942.55771667	1940.26584103	20.1656760223	1977.1597054009917	1911.2878416920728	1519156.18486	3.36628387177
127305	121	25860.0276799	2135.57605189	2130.58256092	23.3372262426	2181.8821501002835	2107.6683591680467	1483055.70533	3.36655461655
127522	124	25882.9068449	2151.08275986	2169.31578671	43.5624138405	2203.283886110898	2073.668128756194	1495448.85284	3.36645392637
127576	125	25904.454596	2072.0875165	2072.38214326	53.8244823573	2146.388277616473	1998.6463347713875	1486096.31901	3.36682332157
127829	127	25963.4303811	2004.16855737	2016.10381037	36.5779388093	2057.9421825656163	1951.573534355529	1539850.50863	3.36630949806
128000	128	26110.894804	2044.63884597	2034.61321766	44.1720878841	2105.775827133699	1994.1906095096963	1583285.30436	3.36642128963
139548	129	31041.433892	2094.11585271	2090.89940365	17.9374765607	2133.0512112825013	2063.768330575542	1883706.94789	3.40455798857
141317	132	31148.208169	2131.57591961	2136.04649168	40.666620839	2194.0632259990634	2070.566531283561	1925591.47481	3.40450775139
141241	131	31152.3007638	2125.43739871	2124.94618496	48.0829652937	2202.252063471644	2059.735339590574	1938333.43896	3.40410414415
141643	134	31154.0633509	2149.9764677	2143.63124514	20.8706733483	2177.443279912572	2120.1225605763493	1951137.54044	3.40465785088
141206	130	31158.4531159	2198.65589369	2186.18978716	34.765616856	2259.413121246762	2165.2798138115136	1936692.01154	3.40416361556
141419	133	31173.7376931	2099.5298466	2089.44337088	50.7824952756	2184.7988145540116	2041.9785848756349	1944101.98273	3.40427431034
141976	135	31180.2857199	2130.9361133	2110.57852916	50.2441941657	2232.682633118884	2077.8223533403475	1971814.66572	3.40396094554
142212	136	31209.611536	2050.12410828	2040.71117895	45.0985916861	2114.8177035128406	1998.8995330863888	1976443.98284	3.40443301083
142382	137	31238.9684811	2118.50862462	2120.61543477	37.563941769	2173.9787102748255	2071.631774618363	1980419.76904	3.40458116787
142643	138	31243.2099719	2101.03256373	2104.20332994	48.4802507051	2167.3536683253255	2038.0966491180016	1998941.08331	3.40437075782
143127	141	31249.3299289	2247.72027901	2252.43483691	68.8016528761	2342.8710006055408	2144.838732724256	2040231.91032	3.40420293183
142901	140	31268.512682	1948.24293597	1947.1702403	19.0025215818	1984.9533961307307	1923.0524008502373	2011628.41314	3.40452109778
142752	139	31273.5958779	2004.79561096	1996.67492316	29.9935465878	2045.063656665376	1957.7325076893007	2003658.72078	3.40427296382
143895	142	31370.7621789	1944.74651629	1948.3930671	30.5704636053	1983.4660953768862	1904.8849042618633	2088795.4507	3.40390044332
144112	143	31405.2501559	2175.97182533	2188.14786895	23.7517101746	2197.3794918745207	2126.801382587128	2098079.63077	3.4039393167
154330	144	32080.1139939	2219.3468868	2221.04010604	65.5855064104	2310.5004554997113	2118.8987936500153	2376300.91044	3.40326450295
155077	146	32084.883533	2155.77229388	2158.78882069	41.7293696303	2208.958361833639	2082.313163529321	2398323.8503	3.40348787146
154937	145	32099.5477021	2184.28031761	2176.24569523	61.3538655169	2271.143104446303	2112.003345169926	2394711.3679	3.40335879225
155989	147	32148.8239601	2157.88374094	2152.56687299	40.2516451557	2223.275664777241	2097.476307019073	2443585.06234	3.40296945537
156356	148	32206.9540479	1974.3032805	1962.83154075	31.3826685637	2028.122831811403	1931.6568259356554	2445994.69239	3.4032978661
157397	149	32223.3978899	2019.97970289	2020.40451723	52.7148486072	2094.168432416245	1960.2504010889322	2500796.26474	3.40323258817
158198	151	32262.2143459	2103.25843825	2097.0281958	46.067349842	2173.6445292232343	2053.3588608372283	2554813.54641	3.40283006303
157882	150	32272.906698	2121.16876354	2118.83310257	40.7648199995	2180.072718562929	2065.391221463356	2516773.31304	3.4036054871
158568	152	32306.858707	2187.4740978	2200.95851735	53.0460809028	2265.6505130091527	2101.114933537277	2580291.12218	3.40274428595
159064	153	32344.8701949	2045.07570142	2036.4514525	42.2806946371	2101.4624913066227	1989.4279831907763	2624042.11741	3.40255931391
159096	154	32379.8357379	2128.78021221	2132.23054979	36.2436291027	2186.2255176167782	2070.8522690208715	2601752.69211	3.40330851887
159128	155	32389.3110349	2171.11875119	2178.4521419	31.4790118187	2215.4319038043645	2106.233895395458	2623988.85126	3.40256140438
159259	156	32401.191658	2295.94833651	2278.23943947	87.3140822704	2435.588432953919	2202.73907362874	2620104.98207	3.40305463967
159408	157	32432.826201	2266.35418888	2265.66542522	21.2047969436	2303.291902518337	2227.828493816351	2644920.24455	3.4028523589
159557	158	32490.2442029	2208.80296559	2207.14094873	23.4511452027	2241.3824231806593	2162.0184307297523	2649682.61919	3.4032218511
159762	159	32561.7253239	2115.5216837	2128.01203781	27.6337674216	2143.7534905075217	2063.8890157444207	2702764.1019	3.40269617142
160000	160	32709.6565669	2168.24451719	2166.53458482	28.7579312264	2215.7509603560807	2119.2979454730716	2780603.1372	3.40288762371
170171	161	37185.209245	2226.97883938	2221.92240304	54.1503145152	2317.8189641839126	2148.3855461106746	3110839.82153	3.41639224255
173019	164	37363.8506079	2332.19439337	2321.08187931	69.0542832775	2434.7183915455275	2229.702799469056	3241792.92202	3.41583265004
173424	166	37376.26366	2253.14511859	2256.74621599	49.1493463418	2336.8829630625014	2185.9431689379294	3264214.95297	3.41602924273
173446	167	37389.875011	2331.6907127	2350.66025169	50.5080621855	2396.6894547054185	2259.946753374554	3271124.10979	3.41579252543
173944	168	37419.8345759	2210.55057273	2203.05870478	59.0972264914	2292.467766239504	2129.3354314676862	3297545.24284	3.41606501812
174410	170	37448.627872	2257.8262118	2259.29226386	47.161345054	2323.1649682106427	2186.777698853366	3334382.55163	3.41613491388
174336	169	37449.0570989	2237.55199484	2244.86061852	46.1921978227	2307.840248223699	2168.320640147902	3316684.42003	3.41641134047
174943	174	37581.4796579	2054.66776032	2049.72958171	51.7393261654	2133.1759438418703	1987.4024717170457	3476547.4951	3.41572179069
185714	178	38363.8199959	2355.31568165	2351.82758591	66.4386423655	2445.0241572011632	2260.2630599107615	3902169.40063	3.41542196592
186858	179	38438.3414469	2279.20680042	2269.37677856	30.5208099849	2352.247029264827	2245.561268702225	3968686.40329	3.4148920791
189307	182	38542.996666	2206.79525749	2199.94373113	19.8461024988	2240.0288202070333	2180.838738009741	4105515.41009	3.41480917879
189363	183	38545.316906	2263.03781432	2268.73524745	49.3727831788	2320.8727733164974	2183.614266286662	4095828.28384	3.41543890132
190356	185	38580.3566089	2200.60783523	2211.34843774	53.3148335246	2271.800228711207	2105.202026579508	4199815.11974	3.41455118524
190887	187	38644.9726489	2249.6460719	2253.63710518	13.0490778155	2264.5741102822667	2227.6121093253855	4255188.91512	3.41452273881
190816	186	38645.8428779	2260.20053494	2272.12863384	29.9784005748	2298.1458689244473	2210.296158151541	4206818.09418	3.41552245298
190985	188	38674.38065	2562.94710808	2570.68559953	77.0652927205	2660.413617980651	2452.462691979979	4237549.73416	3.41521002161
191755	191	38843.5170529	2215.0291629	2221.18612402	37.7186689893	2266.7760085946584	2149.089088731099	4374399.41599	3.41481482976
192000	192	38972.623899	2266.43299355	2255.1400755	43.4194676779	2341.184038467562	2219.0004884422297	4465869.95024	3.41504339502
