steps	episodes	elapsed	mean	median	stdev	max	min	average_value	average_entropy
31801	14	6490.23630786	1974.69762548	1986.99944803	43.4464176411	2032.2533346778473	1919.698169004188	75106.001538	2.17881546769
31698	3	6491.10246205	1974.54703994	1970.70309815	34.5891476544	2031.2250098182308	1926.1731914743082	74292.6720286	2.17876600332
31925	22	6492.0694139	2020.4721224	2023.84870007	12.5179769198	2036.689474247156	2004.50082742092	75567.4066035	2.17881703272
31746	10	6493.25170088	1985.14093108	1979.30709268	28.7927831088	2026.4772539302164	1943.966302665085	74397.4344472	2.17875149304
31724	6	6499.32757306	1932.89097733	1924.52988678	48.1242881837	2018.6385367430453	1878.1758470182358	74505.6351514	2.17876861344
31769	12	6499.44720197	1988.11484795	2001.43432897	37.9415468523	2028.394220899194	1914.0896194314682	74518.7418717	2.1788109531
31919	21	6505.16771793	1986.54312993	1972.67743842	25.3476288015	2034.3001427823879	1965.3734783342318	75929.8327445	2.17882970581
31828	15	6511.12465596	1948.21407521	1939.65287971	40.5337502015	2015.777993439406	1905.835920025744	75309.1727902	2.17882801101
31984	29	6516.098562	1967.47391664	1968.68584695	31.4859139923	2014.5005249841333	1921.7149948869856	77617.1643723	2.17879740068
31965	27	6519.96191502	2012.60586352	2006.06647398	29.5125287398	2049.8861629653043	1960.9773533303842	76826.9338029	2.17882039468
31745	9	6525.53000188	1924.63869006	1906.05046258	49.2707665511	2025.264627441574	1875.8528620472919	74688.9123057	2.17878026162
31902	18	6528.27611303	1951.39528117	1957.65652488	45.9212814579	2022.3767746214123	1865.25074038071	76144.0332475	2.17877606497
31771	13	6528.67973685	1965.6449236	1961.93746538	24.034105789	2021.5070855412114	1940.0279137457826	75883.077479	2.17883101684
31915	19	6534.52892685	1977.49088258	1976.10974573	37.3429718629	2026.8672478278468	1937.469323575164	75748.4115731	2.17880391057
31857	16	6539.35724401	1972.10722959	1963.8892069	59.6299844278	2049.656831333168	1878.720797897427	77414.3124101	2.17884848529
31708	4	6540.24160099	1965.08264527	1937.41520224	45.3297548243	2039.8651590763845	1925.115892346817	76497.3512411	2.17878863574
31731	8	6542.01579785	1991.53030312	1996.11752024	39.1074792172	2040.2910301327863	1927.5331661237326	76318.848683	2.17883174642
31940	23	6544.23255086	1951.48939711	1933.04052577	43.8621335444	2023.8443855144394	1912.023726023547	76812.2656875	2.17879410342
31756	11	6547.36749506	2012.46429865	2014.72295165	15.9200573123	2031.1178936543806	1979.7192345846925	76437.569177	2.17881854276
31626	2	6548.06838894	1946.8760032	1935.53828286	31.5459529265	2008.3917924328061	1910.0071599880766	75908.8500869	2.17880304896
31955	25	6556.10242105	1981.07641598	1966.2231709	27.5372837775	2031.936309675919	1957.6717163563846	76524.4156776	2.17876982825
31730	7	6556.75523591	1977.62003216	1976.91589985	25.3558140024	2024.2828082917895	1942.5604352959103	76717.3873339	2.17884692626
31625	1	6558.44030595	1927.39468775	1907.43384757	41.3371004231	2000.9767811008592	1882.2607878228534	74155.360965	2.17877206765
31996	31	6564.93034506	1949.11243371	1940.76703122	42.1194802013	2029.080385584429	1885.9863654787941	77470.300674	2.17886844948
31951	24	6585.39338303	2011.03456574	2019.69038415	33.5333211306	2047.5341230830184	1968.2420678191866	78347.0552338	2.17881218864
31917	20	6587.12214899	1974.59206845	1964.43822581	41.0828592758	2040.664742193601	1926.8380424789023	77828.8372715	2.17882104973
31716	5	6599.63117099	1993.17823059	1983.84348291	38.2156693012	2042.3313279519323	1936.6320341998144	76494.375374	2.17877498919
31957	26	6601.31002593	1981.89035174	1998.87267125	51.6229061103	2041.9746354980098	1902.8873867582447	78255.6953506	2.17882714693
31989	30	6628.25297403	1966.53165656	1963.98579606	29.1111180906	2023.7593302784105	1913.8400053829569	79259.8438918	2.17886656481
31878	17	6631.35076594	1976.03325351	1968.3279352	24.531207367	2035.970551205563	1954.1895974263339	77581.6977535	2.17883432295
32000	32	6631.51671195	1983.71062282	1994.68977421	35.1746855215	2034.4557842920103	1919.0009718054646	80092.9942363	2.17881291932
31979	28	6636.31539798	1979.97406428	1977.83658986	33.4097965854	2021.8619291920393	1926.1798404358449	78965.0812948	2.17881352826
62628	47	12991.5737278	1952.55383601	1952.19165972	11.5572808547	1969.5482332503966	1938.6564788718204	306877.563129	2.97934451237
62465	46	13000.032789	1944.00604352	1949.78438699	34.1465259341	1989.9431434928877	1879.5263320089118	305112.042644	2.97936472151
62987	51	13006.9277539	1904.75194691	1904.4047615	9.1422926822	1918.4498176963493	1892.1708082779382	312675.72182	2.9793117372
62896	50	13011.533061	1860.83570193	1855.02249888	15.2345827777	1898.480897869299	1843.0945730412059	311129.219846	2.97930362168
63066	53	13018.7813919	1860.84515017	1856.87441923	22.9256876994	1897.3227305774635	1834.0998910744156	313207.387067	2.97929841427
62860	49	13019.081634	1921.24189348	1920.63283419	9.67876069448	1937.3890567470444	1905.2232163500948	309962.438701	2.97931071652
63088	54	13021.1883941	1921.40134781	1906.36624943	28.1505657793	1977.9687574474892	1899.070942617921	313996.443819	2.97927347723
63205	56	13034.3593769	1966.61346894	1967.09522781	6.72339183657	1973.9081375475594	1957.3674937386706	317017.215099	2.9792873717
60126	33	13044.7120309	1906.76156056	1907.03560706	7.63781934499	1922.0699259537264	1896.6774160193313	284839.576534	2.97945548876
63188	55	13047.650763	1866.08892979	1858.49471157	16.9496653853	1890.17266930643	1849.8767459732649	316986.237837	2.97922201332
60440	36	13051.443598	1918.70318741	1921.0212403	8.29352122782	1929.9879361305366	1904.7289468208594	287225.396222	2.97941111517
60375	35	13067.332164	1878.88716187	1878.84195439	16.6979955251	1899.6009762962967	1854.4162098440002	286347.744237	2.9794973395
60299	34	13069.01864	1963.46203633	1960.44931483	24.8324630107	2004.638027131364	1933.885535851037	286045.00921	2.97952076067
60650	37	13072.7486598	1874.82961082	1872.66312119	9.82058252203	1894.1670788826102	1863.17704143109	289072.458475	2.97939368033
63571	57	13080.0679619	1912.07559177	1910.34434843	6.54480188615	1921.8924553291129	1903.8997099274932	328588.701419	2.97911316259
63724	59	13097.144737	1920.32087271	1922.86386392	13.2291292463	1936.5033169874123	1897.1973481689956	333085.168529	2.97900592069
60739	38	13100.7085989	1878.08901068	1883.67541109	22.3571616236	1909.3089217806876	1841.524435988549	288821.481189	2.97950010318
61427	41	13101.310492	1863.22497499	1860.54302118	18.3872163305	1899.7076140165461	1839.4324647607184	296551.886803	2.97941995378
61348	40	13114.1026568	1862.60417532	1857.37260688	28.4395829038	1903.7068022351075	1827.3895070994645	294152.677173	2.97947102459
61897	42	13117.064045	1873.52249004	1869.41392123	9.91201577958	1890.6801728465587	1862.3517076378187	300707.965017	2.97940667523
62275	45	13117.309433	1850.50809168	1849.30797367	11.6846104562	1866.8446055000186	1832.948521310899	305529.29337	2.97945438722
61156	39	13118.6196139	1946.9971192	1955.49001659	27.2694646541	1985.4973714027021	1899.7057540924493	292164.59101	2.97959389707
63752	60	13121.6582959	1849.82173193	1853.25901442	19.2921560272	1879.6969364366453	1823.6204044478218	333110.161234	2.97908726152
63638	58	13129.2324569	1931.52474232	1928.81786323	23.5709684467	1981.399922133994	1906.7526430806001	329555.813904	2.97911553851
61996	43	13135.3108349	1847.96737713	1851.58079632	12.8894747011	1864.7047843335754	1827.7413266892497	301174.821431	2.97944719864
62274	44	13150.6640348	1909.37757654	1895.84916331	28.608975494	1951.5134767798138	1874.0539536049441	303929.755689	2.97940547965
63968	61	13169.460506	1854.26685004	1851.24954482	23.7393643021	1888.2429512348217	1821.1908632539892	343552.321091	2.97903573917
63972	62	13174.1849499	1899.23377097	1893.17992083	20.4856857699	1940.8383557830678	1877.4191006991753	343363.516809	2.97901321538
63998	63	13200.267236	1894.70282748	1889.55303343	20.607944629	1923.8259736161322	1867.8630959036614	347120.375273	2.9789200409
62807	48	13201.798846	1916.44586352	1918.45642486	24.3070063944	1959.4046713948758	1887.1446564135633	312288.254906	2.97925123029
63065	52	13226.562429	1820.54321146	1827.0890367	25.7993748669	1864.5967948467685	1783.1625029988209	315994.558826	2.979385712
64000	64	13364.0262039	1898.92388544	1906.01965479	16.4168905564	1915.2187779379262	1873.7647094952188	346749.562389	2.9789189047
89353	65	19425.759203	1915.709307	1913.73041855	12.2086907148	1932.055180973122	1899.0069052469582	661065.588374	3.26508369037
90290	67	19446.486763	1883.63445066	1881.12505932	13.6519493592	1904.7816042612144	1865.1020936009747	674225.232478	3.26496351796
90568	68	19457.049248	1839.44066666	1836.08997518	22.1222575431	1869.1576110295764	1799.9512845845793	676690.413897	3.26483102237
89919	66	19491.91225	1876.33946646	1876.57475932	7.57545075678	1885.5940876403108	1864.2567952519184	667256.398052	3.26506041342
90917	69	19492.551229	1860.17659839	1861.63026319	9.09105257798	1873.2832411446616	1845.07021515438	681639.801453	3.26482274459
91051	71	19499.3483109	1909.9140994	1909.12966404	8.37739980687	1921.9300888237062	1895.6994162054953	684119.630704	3.26480578989
91673	72	19501.004554	1918.82498281	1910.55493172	26.5896727383	1963.9286317757685	1890.7645819897657	696292.780862	3.26442283303
92092	73	19505.2030458	1873.54738954	1873.84292733	14.8250259601	1895.3359095425428	1854.9438176974907	704110.810596	3.26419441115
91011	70	19507.165359	1913.41066704	1911.36073354	9.03756789841	1931.1562833701296	1900.7325290371366	682215.393002	3.26470172836
93312	76	19567.430042	1854.21332381	1849.37018558	19.1146460221	1892.7037407921766	1830.1134431051444	728939.27362	3.26400584967
93852	79	19588.6786959	1877.13490516	1873.01333291	16.7242543716	1902.2431732967189	1859.8219507229237	744561.822592	3.26347361981
94489	81	19602.2294729	1819.921053	1819.50476558	3.92772543432	1825.4676444732977	1811.6237761258292	758569.212596	3.26349726552
92994	75	19612.970927	1898.84190784	1900.96719431	8.80921726044	1906.7593299683622	1878.535589359238	702272.983697	3.26426372023
92976	74	19622.9326799	1913.43788359	1915.75748723	10.7203380696	1927.7133121027564	1896.9455874173666	704809.731134	3.26416500178
93639	77	19629.2070479	1867.57264351	1874.27468912	35.2008118536	1914.5762298342293	1815.0251323922323	715185.838243	3.26404278517
94837	84	19646.8080449	1907.66149829	1902.63632089	14.7134700258	1929.536166139768	1891.3726266102137	764732.755706	3.26337116376
93657	78	19658.78724	1848.76003372	1848.99598408	3.94901626832	1853.7293927327567	1841.7956082271623	713163.356548	3.26424324735
93867	80	19665.470263	1841.68699818	1838.67031969	23.075333889	1888.716520693081	1816.6456958382698	721388.124206	3.26385133046
94601	83	19692.6558709	1806.17412772	1804.02352044	23.2705565812	1851.1134041210191	1778.4674272396956	738287.5133	3.26382082156
94545	82	19708.7122331	1872.68681944	1871.58475081	5.9705996518	1884.0926239938374	1865.200350253565	742437.534739	3.26359132189
95181	89	19713.0366321	1795.38176253	1792.51144524	10.3833495461	1819.3423679976427	1784.9968732077903	763691.392834	3.26355085552
95360	91	19715.0231469	1802.7737992	1801.90941709	7.84289443566	1819.4021733233042	1792.5805043826151	796705.363604	3.26304635794
95410	92	19717.7723749	1863.1164747	1861.69444733	10.535492184	1877.7436358893215	1850.049903912794	795273.789576	3.26324125594
94853	85	19725.1335399	1798.19689277	1799.72157844	14.8290996168	1821.2928736087683	1770.146010038267	747227.471661	3.26372781062
94948	87	19727.8373399	1907.00720739	1905.03492989	17.4234263721	1931.2053716176842	1882.2395903970441	749101.968723	3.26383695124
94965	88	19730.218266	1848.6452099	1846.57855562	6.32953491264	1862.1079323962194	1841.9593708089483	756625.237971	3.2636487718
95326	90	19734.9148428	1846.41934644	1843.73637	19.1852687062	1872.428243505632	1810.7699827548724	774689.882291	3.26326902184
94912	86	19741.2690549	1881.48997483	1886.05167257	13.2274354456	1899.8472362415914	1855.8666878379204	754427.715338	3.26360583868
95595	93	19820.121649	1880.62967494	1879.58078374	5.59709551099	1891.6922541516972	1872.7703248818377	814761.1212	3.2629194933
95697	94	19879.7482429	1851.81365464	1851.72020736	19.5503499859	1883.8278931548261	1826.7969904068705	809358.670258	3.26285524624
95777	95	19889.627697	1764.6592917	1762.79877176	6.85479569691	1775.4513873599553	1756.6396368073085	821721.440899	3.26308644753
96000	96	20066.2052469	1872.83903804	1872.71958025	4.93047743648	1879.780545648237	1865.1044079433952	892266.753978	3.26241723059
115322	97	25887.812067	1889.48370015	1886.03226939	8.98963050141	1903.9016043187949	1877.2057466154847	1243655.9809	3.3664526007
116181	98	25907.7850881	1897.15814575	1901.35832393	9.66447438485	1906.230379693714	1878.194332332752	1261376.37141	3.36660818579
116873	99	25924.487092	1796.19557133	1796.54944656	4.20620101526	1802.4608010839027	1788.803395950743	1271426.34168	3.3664827914
118851	103	25953.0944541	1936.04052249	1935.32024176	11.0118565927	1953.9654297519803	1916.3080039028384	1318145.97335	3.36601292625
118626	100	25957.9591	1870.40623265	1868.54789746	5.97398327034	1882.3408326503938	1864.3683364724	1305295.95547	3.36634398207
118781	101	25977.2290499	1896.96866277	1899.97486982	15.8779696647	1918.7896193220697	1873.4709997987575	1301799.08496	3.3665265627
118803	102	25986.0080149	1878.87492362	1874.02022035	13.8026931425	1906.5768689916185	1866.6818839601624	1308364.31961	3.36653423283
119058	105	25989.2181659	1914.39281888	1915.113801	11.3715903147	1931.5946707132566	1894.8580256411522	1317295.56384	3.36616610071
118904	104	26006.6827679	1873.2988104	1874.84806035	6.04151458064	1880.823934951405	1862.9041451271094	1324829.11151	3.36594173648
122164	107	26074.184927	1856.23758149	1854.26853994	7.61031138412	1873.7611806786551	1848.2209555827008	1413723.27014	3.36532392855
121562	106	26087.658155	1803.06695304	1802.22335853	5.02100443332	1814.2852816685045	1796.7745162378876	1386541.99385	3.36598269674
122849	108	26128.768297	1837.2707217	1838.03090559	4.94211769774	1846.518038599612	1828.8927870375321	1429923.00115	3.3656367667
124219	110	26179.019922	1884.48832234	1883.03506318	13.2502928728	1900.4286325210114	1864.2844235305022	1472643.25382	3.36544035804
124088	109	26181.8992009	1875.78426485	1877.49228085	4.65926666367	1880.2958213788327	1866.5875546616962	1434751.13959	3.36580710692
124360	111	26212.1473489	1909.30988892	1909.70689989	9.88553256843	1923.3226521315537	1897.5068323541398	1448867.77074	3.36555345697
124554	112	26213.323643	1845.50588864	1850.29179606	15.7953438724	1867.8157767804387	1816.8440693239208	1455124.51291	3.36564734249
125375	113	26236.136832	1852.16448108	1853.65676589	4.12816642587	1856.7602101045047	1843.7496147026395	1476865.38564	3.36580627552
125462	114	26255.3739719	1839.75296601	1836.8902582	10.6124348234	1861.4462487879614	1825.6953680521585	1492090.2038	3.3653048829
126061	115	26272.8012679	1835.0978813	1835.85898109	7.76453736633	1846.8372178799182	1825.8810063516198	1540195.51054	3.36553607025
126107	116	26276.909852	1782.06642703	1781.51758713	5.30703876532	1788.9860872833412	1775.3205264396029	1515239.87741	3.36568637269
126185	117	26279.0494571	1764.58480949	1767.5212522	13.2222252537	1781.0497398170899	1743.8735250147909	1550795.50605	3.36515763928
126465	119	26296.6455929	1812.44748062	1812.22240803	13.9550700176	1828.5743139242531	1784.270870324037	1542255.91561	3.36546308278
126755	122	26304.357825	1910.50981618	1912.06148958	7.21878696639	1918.5313254558116	1895.9642997911112	1550852.07051	3.36565208813
126459	118	26315.8837409	1871.70553343	1873.75043459	11.2468716678	1887.1747762319478	1853.8673844724065	1540862.25281	3.36513852888
126731	121	26339.7489018	1863.01294035	1863.72014974	9.38888752874	1879.9104873046078	1848.914130794238	1555955.81021	3.36546523817
126721	120	26344.3128119	1760.9383845	1762.04192578	6.88906292357	1770.6168457864926	1748.628314892884	1551082.91038	3.36540923852
126855	123	26346.5506899	1792.95788283	1798.4203796	12.3625615213	1807.0097855926433	1771.955386592408	1570458.32773	3.36511010115
126881	124	26359.142503	1843.72953204	1848.43306321	15.3385972949	1863.6445317882008	1820.2065382851936	1571403.06888	3.36528194091
127396	125	26479.043834	1924.84533881	1926.64760907	25.4658248217	1962.10158808164	1889.562309528673	1642319.69182	3.36499097136
127721	127	26513.6146591	1760.57029498	1760.21814306	4.78168082187	1766.475285807453	1751.5574477337047	1676357.35374	3.3653096267
127677	126	26553.9487751	1839.46013369	1840.13179437	9.21225808162	1853.4262775803147	1824.4671961854274	1672485.86439	3.36477570499
128000	128	26743.496006	1883.55732311	1880.5067259	16.2366982022	1909.4363621181005	1864.0327890129747	1774529.89173	3.36457661119
143688	129	32368.5088179	1914.91150512	1913.89984253	13.4653757822	1937.7677526763648	1897.885743387081	2145828.018	3.40182684797
144408	130	32405.181396	1941.60903368	1940.77113787	28.4718687412	1979.4225737999382	1907.0831608491233	2167716.94973	3.40210280002
146749	133	32453.816844	1889.38259074	1888.05323865	22.0506729533	1921.0855218008564	1865.387727237932	2234913.74166	3.40177298536
146372	132	32454.2159429	1945.94072134	1945.67081216	7.7278039455	1957.540957812365	1932.0100732191545	2234508.12861	3.40176271058
145342	131	32465.5124199	1815.05287374	1815.36533599	24.5360249507	1847.4371319267161	1786.5621316546712	2187182.79192	3.40198065976
148094	136	32486.4581161	1945.93823087	1939.07182748	30.6942901212	1994.1895234065678	1909.3655673127332	2272869.05798	3.40181472045
148969	137	32503.449147	1904.68844388	1909.02088968	17.3777470134	1932.1964464830678	1880.3888816261388	2305245.49903	3.4015078884
147713	134	32504.804522	1955.46952003	1957.62681183	24.082630834	1989.4184718581937	1919.257485356285	2253978.91234	3.4020585433
148031	135	32510.9148259	1898.35161832	1897.18842174	7.43229268807	1909.687122169969	1886.6424486375765	2262890.17662	3.40210175687
151310	138	32584.177022	1863.41076591	1860.9995717	13.6732309464	1888.3013468776444	1847.778136264962	2414878.23154	3.40106680752
151887	139	32632.1810429	1813.05624623	1810.89813522	11.3799609246	1828.1803927666683	1792.9339316237028	2413315.82721	3.40168322484
153342	140	32662.419946	1856.07498016	1852.883376	20.0676776795	1883.4599223422383	1834.9194863883968	2481179.46584	3.40155923501
154646	141	32732.2999279	1910.0751885	1910.49228461	20.1136114618	1940.8282587711287	1879.7248854577747	2553656.11812	3.40126484076
155266	142	32752.652452	1900.55809692	1905.01796322	9.70234242952	1909.136718811693	1879.3874483495192	2574032.10298	3.40122759295
155646	144	32759.4109631	1902.04544945	1903.8192538	16.8164472804	1924.799554366028	1873.5821864760214	2602619.02655	3.40124856127
155550	143	32761.769798	1920.86523832	1918.48389204	12.0138435438	1940.4741445637014	1904.9845990596516	2601440.20752	3.401017627
156732	146	32784.180861	1888.52434615	1882.92916814	17.5803033791	1928.6005648488442	1875.1949010726178	2678440.89937	3.40082442575
156196	145	32787.399297	1876.40417848	1875.75918522	16.5758162694	1903.235999391445	1857.478659282347	2630488.74716	3.4014468522
157250	147	32842.891171	1808.5477634	1805.38565876	17.3824089609	1830.2478535588766	1787.0503310817696	2704342.2739	3.40137690399
157944	150	32848.7965391	1850.44017852	1851.3748181	12.3615490797	1871.3699145924154	1834.4124740996472	2748292.45727	3.4012837769
158208	152	32864.1967161	1901.78853807	1903.23782474	6.82456626877	1913.861837897081	1892.9577892818916	2762178.43907	3.40145028618
157590	148	32868.9633429	1842.02480637	1841.66115028	11.0481400289	1860.890319263922	1828.015625573013	2713158.19156	3.4014506164
157728	149	32872.1751499	1762.98770104	1766.84010033	15.1904003226	1779.212165829318	1742.5232485758963	2744863.51733	3.40091119425
158017	151	32879.938128	1910.41836963	1914.54092558	11.1557116758	1924.3644267876132	1887.328755318938	2777419.5539	3.40056958876
158318	153	32888.376591	1886.4551526	1885.46904573	6.7554883127	1896.7903837164902	1876.8884558257378	2799893.98648	3.40100583888
158462	155	32912.5568559	1817.24088967	1811.86144321	14.8448662788	1839.271176934138	1801.8657652230695	2819598.00261	3.40064890635
158425	154	32930.9059179	1782.68363159	1780.28212929	8.32273141389	1796.9817400021407	1771.1135524571432	2801906.1763	3.40111900464
158553	156	32956.0104539	1861.25906382	1857.64533813	19.4297333957	1892.2705215147791	1839.4464465940098	2840494.00974	3.40081558704
159365	157	33116.469172	1971.4103141	1971.98877834	7.69595352746	1980.8440723947556	1953.6314355240781	2975920.47908	3.40083868511
159543	158	33119.9302208	1768.99103595	1768.23191687	6.14953282744	1783.2208900120706	1761.1042610909512	3004458.94142	3.40123261197
159677	159	33216.173553	1874.64117485	1873.94554849	9.25389599783	1885.8512792528775	1856.8267648054582	3039712.86665	3.4004956254
160000	160	33395.330215	1907.14746427	1907.54792655	5.27393732902	1917.424621376158	1898.7275383829751	3177157.94295	3.40043105524
172933	161	38797.9631729	1956.27274972	1953.54060716	8.48450661718	1978.8678148594706	1947.3532081519115	3598562.21754	3.41327959874
174419	162	38852.1329179	2007.07051792	2005.17116086	29.0991949517	2044.6335695168325	1967.149104986304	3640242.78554	3.41369861996
176449	163	38919.656707	1988.21677831	1985.81976086	22.4128779534	2026.3852472968588	1958.5313157581181	3727085.66399	3.41342620091
176628	164	38954.354593	1917.78704979	1919.2324661	4.32668051762	1924.3448441897158	1910.6174732642319	3727404.81611	3.41332251043
177040	165	38955.335027	1881.33597716	1879.455386	26.2636401976	1929.7930905146402	1847.5929290492495	3729858.19709	3.41325935312
178540	167	38957.443969	1936.59697325	1938.34960428	6.2926530158	1947.4366005811848	1925.0883243627934	3836131.90099	3.41305312475
177816	166	38968.981993	2043.76461553	2044.18303933	28.9835226895	2081.0020619890215	2002.918210828548	3783660.5207	3.41344567637
178639	168	38977.1881518	2026.80373892	2027.18301336	22.2866731262	2063.4403977396087	1990.8331370561643	3806574.80472	3.41359763372
178890	169	38979.167233	1946.77728882	1951.84474307	21.5636234018	1972.2680522465405	1911.2112569568355	3830087.2728	3.41341461149
181463	170	39082.640223	1944.52747894	1938.16332645	33.0839989196	1995.3240300885827	1897.6976961358355	4004582.46317	3.41275204597
183141	171	39108.298655	1820.37501497	1819.15918876	7.28327460165	1836.2344109610342	1811.4148556859986	4063740.40348	3.41323678028
184128	172	39141.6287439	1913.260823	1914.77270214	18.4355156743	1940.274964583285	1886.1627742375358	4133267.9931	3.41323606998
186954	176	39257.688971	1949.324391	1954.53871092	29.5723300245	1983.5534634376777	1902.64349652791	4329481.979	3.41288287877
185830	173	39336.0111508	1949.9598594	1948.55363497	17.4620631232	1971.8663559569611	1926.6393374500615	4274931.94126	3.4128505373
189405	181	39353.217185	1930.43695613	1938.86962308	21.7269024167	1955.9491968230686	1896.9562611970166	4582694.39804	3.41316265371
186756	175	39355.9767458	1971.4281205	1964.44015531	20.8793047437	2015.1170956848293	1944.9407604104586	4354595.09072	3.41256868664
186707	174	39365.5355489	1941.1937429	1933.49978006	20.9701427472	1977.7139469371439	1919.8144905489464	4342643.69375	3.4128101688
187314	177	39380.6348579	1974.19699107	1983.31549941	17.2254632514	1992.762456241445	1945.4079312931804	4411438.05502	3.4125816873
189525	184	39382.8708999	1810.53002469	1806.84323259	26.0926847673	1850.8840813489767	1778.0761759607333	4614833.48317	3.41259438868
187359	178	39391.84321	1948.32184552	1949.32137527	20.6106910948	1983.5802869189822	1914.191096222549	4382187.99199	3.41312044739
189431	182	39392.432029	1887.01189155	1890.34994936	18.8132643845	1911.0769292928524	1859.2975742623023	4563366.86146	3.41326954434
188757	180	39425.7993948	1905.07998217	1912.26761575	13.486934755	1918.963186649102	1881.0297010776915	4530294.59601	3.41316227621
188704	179	39453.1437809	1864.67514589	1861.55491986	19.7039080125	1891.9943809775011	1835.037701127154	4516472.92479	3.41286439093
189447	183	39490.0097198	1925.3796902	1925.33572666	2.85361595517	1928.6787811863385	1921.1103256464523	4633590.18116	3.41212790654
189587	185	39524.0255361	1935.91712217	1935.14824447	21.4333234847	1973.3070882115703	1904.0284758029752	4633272.67785	3.41274185739
189862	186	39537.486516	1877.3004787	1884.01301332	23.244809038	1908.236797548	1834.8118050984024	4688617.0716	3.4122609418
190106	187	39581.1024411	1844.20301035	1843.00698365	30.8946223897	1881.6523097491147	1799.6327469895325	4704813.32204	3.41285705989
190274	188	39600.287087	1919.60413684	1925.07497493	19.6192798778	1949.030774460982	1889.6594232294517	4778915.95594	3.41245096116
191367	189	39797.632179	1960.84381579	1952.76677997	19.0519192585	2003.1518051330706	1942.066420178734	5007973.49697	3.41254879283
191383	190	39812.35619	1817.56242342	1812.23232454	17.1593101469	1843.1580456248182	1790.070521555451	5004730.29284	3.41293213125
191699	191	39896.8833039	1892.64262555	1895.04773758	14.9900535099	1910.3720282824602	1871.1702853773045	5102820.10514	3.41224672691
192000	192	40117.0831521	1922.37443747	1919.75116012	13.8511072637	1950.0999671181755	1905.629173692821	5247014.87281	3.41226530066
200979	193	45317.0012219	2063.5565743	2070.77794161	33.0113213926	2099.65811860147	1999.2584565267603	5713194.02699	3.41605825338
202504	194	45386.9373739	2064.13759923	2066.07061609	10.6731273766	2076.4691490822047	2045.9622140293575	5754593.93334	3.41674473973
205098	195	45480.135464	2097.35897833	2098.75120757	34.1158027867	2142.8249771129294	2043.33573300017	5869492.2805	3.41648962468
206484	198	45492.447201	1973.32577816	1972.5743713	19.5333718027	1997.183220726582	1943.1065873283726	5968780.82105	3.41613186736
206222	196	45493.5183229	1946.56764313	1940.0555131	23.9893715235	1996.402569476244	1921.5248171642934	5907964.48276	3.41639759251
206439	197	45502.912194	1981.82954448	1988.49478772	27.9079448334	2026.2096755790483	1940.4210836435132	5928774.22435	3.41597099294
206920	199	45527.0761909	2098.99974056	2096.89549969	14.0076904445	2122.6875832898754	2080.8574502505758	5948198.60381	3.41648684075
207034	200	45533.0268791	2109.90882469	2104.9319904	28.1799922329	2157.898844084479	2071.558237241315	5972582.07004	3.41656847579
207250	201	45558.6498759	2006.88340736	2012.3916911	18.84367835	2029.7446756845975	1970.2922229962803	6005737.85491	3.41625956456
210251	202	45630.7813749	2025.95370441	2017.54918582	23.8831815207	2059.5683288040645	1997.0776217934297	6238246.02198	3.4158597653
211145	203	45695.303489	1874.73512894	1870.45018025	20.4091175859	1911.9959799094815	1846.7978041075912	6292322.34681	3.41617512604
212093	204	45709.234858	1993.21261031	1993.07978818	29.5472470078	2037.4926319565736	1943.3881610895974	6359170.92108	3.41632706162
218080	206	45826.4377699	2015.62482703	2018.55756124	26.8160814026	2053.8379630038753	1977.1288508516895	6789902.76475	3.41587862628
218805	209	45861.4786749	2016.92010737	2019.60042684	21.2999405963	2042.7626406285046	1983.3728960370527	6867019.79141	3.41573538975
218668	208	45865.2554719	2037.81451542	2025.47383976	29.5157716737	2097.5469145649413	2012.0801896774128	6873177.31913	3.41552935283
219091	211	45871.6223419	2025.66113418	2028.38842533	12.3820864943	2041.335290540856	2002.950241254886	6901234.67623	3.41584799965
215320	205	45877.268177	2045.47514501	2034.70323001	36.0424296826	2101.5925356672856	1995.4801466048043	6636693.31541	3.41610146055
219410	213	45884.6100569	2019.39071357	2017.77979958	14.8134626317	2048.7361497278785	2001.7342933027205	6919804.15545	3.41589866775
219931	214	45905.3676679	1975.22762803	1971.33815782	27.6220678701	2009.9808288122313	1929.5413836220034	7010025.02338	3.41645023385
220326	215	45935.013098	1919.97139456	1914.17502525	25.4931846238	1963.3199819632207	1889.1266420021325	7070939.27035	3.41589353779
218253	207	45941.4687829	1987.75178428	1986.55123226	18.9325997703	2016.7819883056447	1963.7699501559266	6901530.48323	3.41627850675
220857	216	45999.106796	1983.82625468	1980.591701	34.2919382568	2041.5732627562115	1944.2026800232084	7218067.54076	3.41506506815
218975	210	46010.2022979	1866.53647687	1863.92262467	9.28192330395	1882.4946477237	1856.3843756331785	6999226.36493	3.41573486969
219197	212	46012.1756949	1945.55378493	1946.46778902	25.329683283	1986.37213372861	1912.8727799884248	6949762.13681	3.41642142143
221370	218	46053.1787241	1949.79958194	1949.70146776	22.9815520477	1977.5580628620703	1915.836593485621	7279052.41651	3.41533532089
221209	217	46057.0052929	2004.07439789	1998.31824669	21.5977105089	2036.513606251883	1979.213474899751	7224655.16103	3.41581945462
221970	220	46117.0118439	1995.24270063	1995.12740548	37.5365611872	2051.9979185414604	1951.1251938458422	7430322.21531	3.41534917783
221829	219	46142.986073	1914.04718111	1902.72185532	26.3325358718	1968.8102012202635	1891.3719339211918	7331020.00694	3.41588282614
223292	221	46354.774158	2039.50367509	2028.90321765	31.4846676595	2096.15884501621	2002.26306489048	7690462.57144	3.41566794198
223370	222	46373.8320329	1886.83486696	1882.30896586	28.5604843882	1934.5736677459722	1851.0328926533498	7682033.98802	3.41598894001
223636	223	46463.139518	1961.07302589	1967.24787892	24.8462942645	1992.0719681312166	1917.4621241759066	7791632.32473	3.41524690809
224000	224	46801.5907469	2006.3468161	2012.24351414	22.5713193319	2030.3315713409436	1958.5007195620055	7952197.6673	3.41558224226
232355	225	51865.5488989	2160.2151256	2159.35091909	34.8306652868	2203.345409091925	2107.8759325674205	8557539.56593	3.41579503605
234560	226	51931.527992	2120.49696128	2119.4028786	22.9141140908	2162.428142108409	2086.6956962938393	8630103.85529	3.41655036609
238219	228	52040.150629	2040.31324891	2041.48510328	23.0258600577	2082.593580335549	2006.3053794643063	8884882.04844	3.41612623315
238720	230	52050.1582699	2091.35722329	2086.15848817	33.0845835338	2142.15724623343	2039.2655166130376	8896179.29837	3.41571642189
238014	227	52068.380038	2233.02130787	2236.41937007	49.6818936245	2297.9394072010127	2158.7018168244404	8818953.96429	3.41649940617
238368	229	52068.7841139	2049.24638297	2044.32736513	31.2138561535	2099.8740596038774	2010.043867169994	8849279.48104	3.41634120683
239877	232	52109.288301	2195.48848865	2183.38722671	24.7153036515	2243.1440036835616	2174.0561378328907	8957846.5519	3.41660063059
239643	231	52119.036489	2160.31525284	2162.9552463	19.2650623509	2186.4375927746737	2131.236834652321	8921686.86251	3.41649760746
240674	233	52159.790365	2092.57870264	2099.49060688	29.1998857538	2132.7767516881504	2037.2430697942466	9059672.2275	3.41608131551
243019	234	52194.005311	2139.20133493	2138.0727608	48.1704450637	2212.062822050068	2066.089783210393	9329169.49852	3.41563739147
245221	236	52286.0089369	2088.60369994	2085.68146847	28.0518305539	2130.8287577623846	2050.9868241572417	9495798.8474	3.41636973462
244855	235	52306.1014419	2000.77977727	2003.28096832	45.9220540076	2066.2406978333347	1928.4758965176404	9462236.36838	3.41604258187
248764	237	52373.925149	2079.31472678	2070.97068057	23.1858357461	2124.6811008152135	2058.5175731606355	9995704.33155	3.4158860008
249885	239	52415.950119	2147.34189876	2145.96996763	28.3673051481	2190.8325015369865	2107.470654593834	10160656.2792	3.41554384329
249682	238	52421.9511468	2086.30677539	2085.20511165	37.6605094177	2152.167465254368	2035.6553030406046	10111945.0809	3.41584671318
249942	240	52426.2104158	2127.6440002	2131.02717487	46.610836778	2193.2250103467186	2052.8975613780776	10139962.7819	3.41594304693
250724	243	52437.730891	2067.10824084	2063.23370937	37.7216190412	2129.1488788631664	2019.8416363491942	10262411.6695	3.41644040259
250260	242	52440.0874619	2100.66458658	2094.48743136	34.4362780169	2162.144268822195	2062.3815956381914	10178616.5909	3.41589306412
251299	244	52495.1080709	2012.05065088	2013.79670518	32.4009998717	2059.933132759224	1967.0839054599467	10361115.9225	3.41602262109
250159	241	52509.4433498	2121.6300188	2124.11728441	14.8583236852	2144.3995434225617	2099.4482932122364	10060936.4604	3.41602280649
251302	245	52541.2930579	2079.29185654	2076.98023101	28.9600622521	2127.7687969230547	2028.8730289126163	10285642.7587	3.41642334977
252421	246	52546.4900661	2087.05701524	2088.07490532	22.3020547027	2120.732130018845	2050.3066855592133	10677869.3129	3.41486451086
253074	250	52625.4989169	2092.55856493	2085.99631176	37.4039470794	2144.4941365616837	2042.438599972759	10738670.5157	3.41577986127
253052	249	52627.5849209	2030.46321566	2025.22169917	35.1055566705	2083.102678462429	1985.6309709516565	10757039.4994	3.41549793234
252565	247	52636.4734159	1931.59385812	1937.01634139	26.2891257035	1974.5571814793304	1887.2390451533959	10569261.2161	3.41585256738
252566	248	52643.392935	2043.45850373	2043.37212671	40.4013104959	2100.096450872865	1991.0587452901184	10479936.5808	3.41651614539
253587	251	52696.1632469	2099.02238623	2099.63410656	33.9754306577	2145.2775366426613	2050.43756464958	11000690.0527	3.41518852145
253773	252	52740.578265	2026.99213058	2025.02797194	25.5730053346	2065.3991001608147	1985.9219603436243	10957914.6975	3.41564736936
255067	253	52959.526407	2157.89787127	2150.04760067	39.7830300579	2211.687911846065	2102.2671138358364	11374934.4104	3.41568624539
255149	254	52962.7228251	1988.67534803	1981.71405411	31.082995851	2036.352359170509	1945.3080017751222	11351141.2149	3.41596385206
255443	255	53073.2021489	2053.86399528	2056.81170925	36.3013198848	2111.755471419741	1998.4633273798138	11474025.9984	3.41512365997
256000	256	53495.0460229	2089.79671952	2093.21223119	34.6415158488	2143.185795338874	2038.8090469436613	11650171.5258	3.41575609275
263758	257	58309.933166	2290.97940798	2283.46286973	45.2871641184	2351.6042402282887	2227.7272099285715	12388102.557	3.41462386863
265816	258	58407.9639039	2233.99309085	2233.2380567	39.287195486	2293.558300451665	2178.539996279211	12471920.316	3.41547103296
269706	260	58511.133934	2204.45648311	2206.16192477	36.110479223	2253.557427607913	2158.4897128569446	12861852.9357	3.41442074501
269329	259	58522.89079	2157.58664483	2159.21135738	44.2892194508	2224.0450507916717	2099.1606766233704	12815057.9795	3.41498779695
270430	261	58546.652159	2381.88021674	2373.16061565	43.8550008239	2455.668216927244	2317.0044132037383	12830571.0047	3.41548759827
270505	262	58553.4414399	2159.86923022	2158.1028034	38.34735955	2221.292752028783	2106.714100432531	12854720.0819	3.41514555627
272341	264	58605.196389	2238.86053391	2243.31337818	36.3603630692	2282.5267762877434	2186.786579326423	12986415.4417	3.41541075746
271921	263	58608.468519	2322.1019351	2330.35558715	45.3240583303	2372.2186018646175	2247.7541863331135	12996845.9497	3.41549385959
273678	265	58636.972563	2192.92657208	2187.80723689	36.9228028135	2246.729370258659	2143.968467081778	13211756.759	3.41502541811
274719	266	58688.613553	2283.71919185	2283.65361803	35.3190912684	2339.3668823783805	2227.261797905265	13441710.8284	3.41433923895
277986	268	58794.843302	2130.84331481	2135.64149435	32.0558005223	2177.4154330573906	2079.0351670150276	13757974.2581	3.41485441008
277441	267	58802.1052659	2196.84291376	2188.3625756	43.4714540114	2271.5747299942186	2140.5817901264845	13670739.2479	3.41525092952
279660	269	58979.630594	2199.21139299	2204.17995982	46.0709532554	2264.12471591589	2132.6404288084013	14138813.2359	3.41480852427
283152	276	59025.267956	2231.24634735	2238.67450933	45.0809649083	2294.9460153786617	2157.1683492597635	14587564.2199	3.41481477299
280842	270	59037.705637	2276.11850072	2271.63476227	45.8373414327	2356.6677026481957	2210.2930697903375	14344194.0343	3.41463002565
280939	271	59049.634609	2196.346908	2189.88292645	20.3276126722	2229.397802329412	2165.4897909440247	14341266.2147	3.41468105038
281280	273	59055.4636879	2177.13345534	2177.09462351	33.1073343631	2240.548191007449	2134.821237124141	14388602.7199	3.41540671973
281128	272	59060.4237089	2250.8716857	2251.83670632	31.397934073	2300.8887404424845	2205.8314455379705	14334025.548	3.41496213561
281449	274	59069.6410789	2236.46273737	2230.81055248	49.9172300545	2320.1770435128274	2165.849555941763	14380611.5392	3.41489424873
283627	278	59074.4019439	2225.8675181	2221.00410027	52.0349673632	2308.5115960040544	2146.1771412222115	14678830.1685	3.41549725831
282468	275	59114.145833	2122.78143078	2127.33341781	39.7495894187	2182.1082633776823	2060.4332915721884	14559269.7134	3.41525838956
285090	282	59144.905407	2165.51738134	2166.69926071	37.7068644792	2227.36173862986	2112.2025925616795	15036934.9105	3.41537607584
285022	281	59164.7716069	2042.68171292	2040.62348393	38.6538463349	2102.238838440348	1990.9262675020573	15152890.3527	3.4148818418
283489	277	59180.0633819	2181.75774588	2178.72941123	43.1815926824	2249.264355093161	2128.5062399126177	14988556.0185	3.41376156804
284682	279	59266.1868579	2220.55972612	2213.85721002	44.9737914405	2299.6176320489085	2156.3608483060393	15126337.4172	3.4146786176
284761	280	59276.6896698	2170.16013211	2169.56865631	46.2261501717	2236.106446854098	2099.440145015277	15132107.1785	3.41447877873
285389	283	59382.2733068	2202.64753544	2207.38425702	37.6029012472	2266.6822390852526	2151.721382567693	15488721.1352	3.41393174296
285710	284	59406.2354369	2120.11436	2119.80185804	39.371700446	2179.5372845524003	2062.7140090639195	15500594.9848	3.41444595581
286922	286	59663.35607	2101.55613636	2102.29615592	36.7189410006	2161.4434406096843	2048.5982950960656	15982339.7034	3.41487504333
286902	285	59668.9551411	2312.77242271	2314.71360853	57.9412231267	2396.0312806075267	2224.8801603348393	16029787.6706	3.4146700489
287292	287	59796.1646171	2180.91744716	2175.09259557	40.0065158699	2244.5834683028875	2125.403468544958	16160832.9416	3.41404504085
288000	288	60252.2142489	2231.27341494	2231.95482667	50.7887711929	2307.8374042408473	2155.6169359662276	16433734.0923	3.41469424172
296335	290	64847.7966781	2399.6468697	2392.10488635	52.3821798109	2490.2524904582797	2320.4367795336966	17398794.7013	3.41403453629
299159	292	64941.125823	2309.46658972	2305.58134736	43.462886126	2377.9309784312804	2244.214466486242	17785053.7367	3.41341591913
300048	294	64998.191633	2309.0541771	2314.27048598	46.2132035255	2378.5636187072296	2236.257829053428	17836757.1621	3.41369609927
302311	297	65042.1357698	2305.89973663	2300.6493392	28.2458327799	2348.168522998621	2267.934707480694	18243327.9828	3.41364712064
301462	295	65048.2964098	2371.45899015	2359.87478888	58.5452291963	2461.425017751389	2299.07292201494	17999273.47	3.41391347256
303840	298	65131.6997409	2446.03311121	2452.70487645	57.0738770121	2532.8146696339513	2358.1574095414694	18568678.1977	3.41268281216
306721	299	65211.530798	2248.9365014	2245.48314951	47.4655136223	2324.209133660494	2186.2873168975825	18940078.3603	3.41346618472
306834	300	65225.912127	2354.6255287	2356.17078104	46.3722589645	2420.981926218096	2281.9799182631555	18898218.3936	3.41363250878
311835	301	65529.7865729	2336.13734916	2328.95584771	46.2897320897	2411.5314037910794	2273.1717158385336	19744488.9718	3.41332071135
313070	303	65565.7865789	2441.12943803	2442.36830561	44.9096253174	2505.4737596520413	2371.5451807255095	19995357.8337	3.41347318024
313368	304	65580.268743	2316.1203757	2304.66647326	58.7348852262	2411.0867884542977	2237.991625230194	20083972.7456	3.41312200386
313649	306	65597.0328059	2399.80894746	2400.75497486	55.6117146298	2477.6829217108007	2319.4407663072375	20052447.3532	3.41360055141
313737	308	65598.908756	2403.45198286	2399.20526948	49.4852556167	2472.9454705577323	2336.1108296634384	20057630.3859	3.41369722492
315197	311	65599.97825	2200.95634444	2204.15540964	53.2347315023	2280.8970910604644	2122.3710164274407	20752127.9182	3.4136927514
316472	314	65656.4217238	2340.6883126	2332.73725561	65.4030946621	2451.3173787067285	2255.8560822196323	21039661.0919	3.41293362817
314430	309	65658.4381859	2268.2853645	2267.04528418	53.4401679247	2344.274396709265	2187.3809335645437	20234151.7072	3.41398963865
314908	310	65662.7551379	2329.24316896	2329.61956824	52.4352626938	2405.986184022964	2255.29729666943	20509039.4504	3.41400915162
315410	312	65706.684804	2366.83919672	2363.90595269	62.9619248594	2462.8334720743187	2272.582384180898	20873088.4545	3.41223914154
316356	313	65773.301182	2396.11894908	2398.36955834	48.287705788	2466.115992731403	2324.5747068333385	21011717.2468	3.41320912181
317335	315	65891.4691908	2344.09575766	2342.60501991	39.4346470128	2400.4202389222974	2284.437485912573	21606396.5893	3.41226680658
318818	318	66192.3537169	2478.74052533	2473.81072833	48.3549335033	2555.4874536440684	2406.95150673535	22159543.3235	3.41315055578
319262	319	66294.577364	2320.2147385	2319.28114879	42.5070438786	2380.106484100889	2254.30623262885	22276447.979	3.41250542746
320000	320	66643.223716	2392.50300476	2385.4839323	52.6052219668	2476.2026253310537	2321.6854167094507	22603289.2921	3.41329174811
324978	321	70428.3340189	2572.74250468	2582.10181516	44.256422753	2627.3646254316636	2505.893364081896	23493438.4973	3.41250987798
326601	323	70506.3780229	2466.68559725	2459.4991939	53.0352726883	2548.0991657115587	2387.928775757215	23779666.2387	3.41246956561
327078	324	70537.0696449	2426.39551999	2426.45422739	47.062069294	2506.4344590251003	2359.5041748671115	24131195.9668	3.41227682462
327152	325	70558.984051	2561.28428577	2559.83402299	59.939818392	2656.177659218593	2480.6848832456876	23947209.9723	3.41247558669
330325	328	70754.5285981	2528.9465856	2532.18453833	58.6955263652	2620.724796123178	2441.703914084286	24733014.1514	3.41215801397
338064	330	71080.3090858	2628.988023	2639.34242027	66.7714801203	2730.859045646866	2528.284688116681	26184729.0814	3.41232897651
338544	333	71158.002394	2370.81908282	2368.58564875	50.7523260865	2454.1518576944045	2294.40142366861	26639435.5027	3.41235569991
339230	336	71217.7213058	2517.08502194	2516.42428381	62.513300287	2613.2893612979105	2425.570366382456	26564741.2888	3.41266724292
339931	339	71269.0383	2555.07016346	2548.63412365	54.9740192053	2643.77381257801	2487.267299858944	27221163.037	3.41176959756
341902	341	71719.9056289	2660.80409868	2672.60696334	55.0297482513	2742.7244495239947	2576.2100864026183	28246267.9068	3.41175546381
342315	342	71835.2456579	2494.23510485	2489.52918218	63.7430871598	2599.1861480487223	2397.930800935659	28319773.5856	3.4109719867
343000	343	72265.733768	2596.84968424	2600.70954975	63.9385870592	2692.310833947051	2494.0168793612474	28691048.2687	3.41188783686
347619	347	76021.7460339	2796.34992346	2803.59913846	78.5593118698	2900.705142297504	2678.0453090608953	29844519.2657	3.41126131304
351664	350	76597.28229	2572.53260361	2571.41976844	64.8317461958	2669.3440553865316	2478.683770676328	31692015.4422	3.41106750606
353770	353	77152.6023619	2877.33216704	2884.54497191	73.0854986196	2972.178240844047	2768.1767453757043	32792741.4745	3.41048046826
355000	355	77680.954917	2816.65884631	2813.22906138	72.4911309973	2914.636276345801	2708.000685973517	33234826.0456	3.41044308924
