steps	episodes	elapsed	mean	median	stdev	max	min	average_value	average_entropy
31059	6	1353.86124206	2131.09421511	2112.82675629	73.6982566677	2264.9252486063438	2034.8226742294594	72033.1619016	2.17857612764
31247	10	1356.33662701	2042.76736557	2044.47659507	11.4809913465	2057.7022790188703	2024.9839131652984	72431.0350529	2.17860249064
30747	1	1357.71730804	2042.01513291	2043.51901335	31.3647248216	2088.7729348057387	1999.9366889206447	70405.3625537	2.17858896882
30950	4	1360.47831607	2016.61389688	2021.10884677	21.5010669054	2048.4477428797336	1980.1886119634992	71103.6681135	2.17860575513
30752	2	1361.35472703	2073.08964446	2078.3209825	18.1923100833	2090.534295117355	2031.681118492278	70685.2643361	2.17854847131
30842	3	1363.01352406	2033.57825907	2032.19599249	17.5630887453	2060.1853578983882	2005.5483736864142	70274.4274712	2.17859488687
31058	5	1363.87283087	2037.41583684	2039.43362836	10.2922405659	2051.0914348042293	2020.6936702106098	71893.6135831	2.17861499168
31281	11	1364.01507902	1985.23647195	1980.0918365	24.7562387804	2031.1849206181316	1956.939879155965	72233.2766071	2.17864173687
31462	12	1364.2448411	2044.49610246	2045.40672262	10.576213687	2062.2635093716917	2026.6591106991802	73464.1497214	2.17859157558
31642	18	1364.52518201	2123.37588814	2153.51264963	64.5661638926	2194.286928580015	2031.9516025966925	74529.5335167	2.17859559952
31120	8	1368.22168589	2043.70529172	2034.08638142	27.669001937	2100.1244534566667	2015.9462541989506	71935.333506	2.17862204704
31718	21	1369.54945898	1979.23758964	1974.12604073	23.1796565995	2017.8948249366742	1949.7192179261754	75747.7907884	2.17857470273
31061	7	1370.09293509	2049.29825325	2051.67150805	29.0905810722	2088.6866764960305	2011.5425503026468	71526.4509247	2.17860780608
31156	9	1370.13872409	2081.62727374	2072.90367338	50.9095041142	2155.64365684122	2023.5126907287136	71813.2807645	2.17861525974
31577	15	1370.64207697	2063.07933908	2067.39227349	23.348639947	2092.3166233704405	2020.3325105610836	75565.3973716	2.1786721284
31508	13	1371.05278707	2054.24318034	2046.79291086	22.4275025171	2091.732221018493	2026.4237704822858	73804.3632544	2.17866025664
31523	14	1371.33563995	2008.24215468	2015.03633893	26.2319295203	2049.6368657006656	1967.1027148658823	73626.3007041	2.17866619016
31649	20	1371.49170589	2015.73923996	2014.47824098	22.3488597088	2054.9739985784486	1984.5610534396312	75684.7750275	2.17863979278
31582	16	1374.53565907	2009.17752472	2003.66825524	31.1805413473	2074.7400237741713	1974.7736272795005	74995.1523432	2.17861989981
32000	32	1377.14679408	2002.04439536	2001.42952587	6.60110559391	2013.401959706287	1991.3872476834756	82045.3757267	2.17865221199
31808	25	1379.76792598	2082.22997259	2090.12940109	28.4458427249	2132.2166833980555	2028.6323337589033	77722.3498989	2.17869053016
31962	28	1380.44259191	2067.01041998	2065.7399095	17.5967496938	2094.795019358442	2034.9588418983608	79785.719762	2.17872349341
31734	23	1381.08203506	1998.6890759	2000.44097172	14.144990769	2019.5261571588073	1976.0340646326122	76082.4210211	2.17860292928
31795	24	1381.20706701	2089.71080558	2101.17277614	34.0748733481	2133.8296625805992	2033.0290525888036	77434.1458776	2.17868046549
31644	19	1381.58376789	2031.67786743	2031.53415388	7.84064681849	2047.0128722008146	2020.2136512639004	75322.0397095	2.17864603785
31622	17	1382.662853	2045.9766302	2044.74851808	13.6075225282	2065.9019731146027	2026.1476066923221	74900.4239047	2.17865656348
31721	22	1384.05174494	2082.45213402	2073.80598568	37.0750323718	2132.8414503512768	2016.9062634807603	76283.4336371	2.17864086736
31995	30	1384.44427299	2008.12224985	2009.40910372	10.2243166972	2024.0541206949158	1993.5729010774476	81662.4573479	2.1786246336
31998	31	1386.94896603	2035.14554696	2021.17102748	29.7914478859	2083.796986395196	2006.0106640558088	81947.5257891	2.17869318838
31950	27	1388.22957897	2037.18073096	2034.29104867	10.6480590542	2053.643148962857	2020.8822195344346	79374.0076975	2.17865870136
31988	29	1389.56215596	2037.28234171	2039.45155505	8.00991531803	2049.271664073105	2024.3381634273956	81419.7093524	2.1786978853
31886	26	1395.07530904	2025.50838748	2024.97988515	12.9839397835	2046.524931558141	2001.933227501515	77572.2237225	2.17869947071
58980	33	2708.19668293	2105.36630182	2103.40022812	16.3941227465	2139.941639929034	2085.484413511861	269578.28034	2.97978095278
60632	37	2710.97958994	2042.00590991	2042.43744868	15.111744143	2063.3995263179795	2022.3077214917812	282169.306741	2.97963865848
60644	38	2711.85470009	2081.33868554	2067.87703887	35.0071275322	2146.3081754937143	2039.2594730450098	282779.99569	2.97973070203
59518	34	2721.76369309	2356.96234208	2355.33144371	57.4145652226	2459.243594075048	2259.7440707243086	271717.687747	2.97976377808
61309	40	2721.83396006	2029.24674202	2034.99187287	42.4576619836	2107.625336960118	1972.8603411058334	288713.483882	2.97975361679
60862	39	2722.85226798	2174.69400961	2168.96626461	71.2362375386	2276.602041409217	2068.959698894635	283727.341298	2.97978555545
61688	41	2724.9804461	2143.07481932	2141.00045654	22.022406064	2179.3521442173833	2107.9226008122905	291909.923589	2.97971208439
62193	46	2729.33284092	2220.07776062	2201.64001725	58.3832201122	2321.8153512299696	2144.9131364174555	298517.565017	2.9796875619
62190	45	2729.5928421	2086.42875269	2079.30875772	50.373057949	2166.3053263713286	2028.0773829148645	300547.938899	2.97964954015
59912	35	2729.74255204	2062.32778007	2061.47720723	6.21527806318	2072.5632044501754	2053.659398205502	276260.376959	2.97979416596
60532	36	2731.55396295	1978.09207571	1973.49526447	20.2300068747	2027.590710482909	1957.0087383660036	280377.400873	2.97972075942
61975	43	2734.8582201	2086.77511457	2086.62974328	9.2791238675	2104.198613087889	2073.856522830118	296186.636611	2.97965293475
61771	42	2739.201478	2050.22006219	2052.12686083	33.0404307854	2086.4488265132472	2005.6172666343684	294436.885929	2.97960256428
62368	47	2743.07968307	2121.44510407	2115.36092418	30.8677330684	2164.809936841261	2082.087789520646	303315.069041	2.97973415839
62065	44	2743.89816904	2247.1576602	2247.55006187	23.5725913506	2284.304423978056	2213.9384813592856	297052.149334	2.97954244131
62534	48	2747.697119	2046.94390493	2051.35838787	41.7301358907	2100.01074907207	1988.677144882005	304322.002287	2.97959357398
63673	55	2749.54954505	2045.8607487	2053.79017498	17.1674403847	2067.756027382615	2017.6424992803793	323869.312712	2.97950150912
63784	59	2751.20599604	2095.79180673	2088.11233594	38.4845694002	2152.391643145455	2050.0956255162087	326062.282016	2.9796016869
62821	50	2752.29589391	2110.01948917	2110.01600852	35.3662900455	2178.066748720883	2062.6833966528334	307292.497789	2.9796429534
62651	49	2752.53835392	2053.01508454	2050.20650928	9.28301389672	2065.5875856510384	2042.4836698037902	307227.561171	2.97963925596
63742	57	2753.66815305	2154.77343196	2154.87294092	22.3163332181	2182.08023345418	2112.7282878916462	325061.891267	2.97958673414
63749	58	2753.94196105	2091.19275904	2078.08690156	40.2778882629	2158.3614628440896	2049.1253876446185	324864.964069	2.97963178374
62946	51	2755.191329	2102.58323898	2101.38853298	22.7138890464	2140.617837286612	2070.590553623413	312216.033315	2.97959052454
63276	52	2756.92225695	2130.42763873	2159.6186093	63.8932987891	2214.36688822226	2028.0071502540798	319490.511923	2.97954041085
63946	63	2758.49820805	2102.42773794	2098.42600511	44.8581690198	2177.3967822134164	2050.3660922735	336755.897244	2.9794142079
63616	54	2758.57491398	2145.29418793	2144.58922396	18.6722010175	2181.6153409801345	2120.5206328460463	325884.630138	2.97961807326
63593	53	2761.778723	2162.30334303	2162.75181045	15.5420909098	2187.890588574472	2138.3367116879253	323908.251089	2.97962701849
63681	56	2767.63759708	2068.91705425	2068.69637272	11.7177053999	2087.8926569879727	2051.9711194468814	326533.545292	2.97963957208
63911	61	2770.6729331	2200.57150099	2193.22784958	63.450303256	2335.7031699461113	2118.6423731560194	339474.740834	2.97948124553
63820	60	2772.90236998	2102.53489108	2095.32205903	28.9928149775	2148.8421707319926	2057.3403907654856	335175.624361	2.9793523823
64000	64	2776.43804693	2021.14614032	2016.52803141	26.6495439564	2062.6399183103645	1983.7303681037856	347776.584901	2.97934572061
63939	62	2776.51458693	2072.84183802	2068.77746057	36.2599460832	2126.532893145904	2020.8934826601785	341721.640033	2.9794680805
86986	65	4078.2616179	2213.48350829	2225.08777222	48.6790158051	2283.666603108672	2131.497082418381	606457.616448	3.26994779412
87710	66	4079.39871287	2182.188283	2198.25942773	69.0130098598	2275.89396777184	2067.271464717205	618828.168367	3.2695739172
89729	68	4084.2923131	2598.81547191	2615.07720304	102.031585298	2751.348814237397	2458.765161655192	633213.031314	3.26937440361
91582	72	4087.36237597	2129.64805653	2114.38244228	43.7249184249	2207.7488007367997	2075.835135557375	653158.046584	3.26915540777
88369	67	4090.41349888	2250.05021393	2229.76211113	64.8846740479	2349.579307123328	2153.882995513574	619229.443273	3.26967617839
90075	69	4098.8220551	2345.03078358	2346.95942503	17.998026034	2371.4222718467354	2309.762725347209	638505.37722	3.26948573982
90665	70	4100.13871789	2185.60261716	2173.15976877	37.2762507617	2232.5869228235447	2131.631172370767	645767.198033	3.26932121223
91806	73	4100.23755193	2385.6663686	2375.86952223	49.3848691633	2498.879719874332	2338.8033733782927	662289.928106	3.26925660898
93766	79	4103.64641595	2438.50443538	2485.97755815	87.3585222825	2531.0252320942113	2300.961831548673	693246.766926	3.26841989855
92808	76	4104.51849103	2163.26090491	2158.63759774	76.8926027286	2289.1174217060525	2068.0185052908605	677430.351987	3.26867941014
92305	74	4108.80303502	2202.63427919	2191.06031324	37.9070339044	2267.96090507651	2162.35017112843	665671.48095	3.26896284173
92427	75	4109.87352204	2103.2313949	2103.15186543	54.5964953323	2195.7627145646115	2044.8406061568444	662994.498217	3.26898876901
94133	80	4111.01808405	2161.89199755	2156.35314379	45.7523961938	2233.0266590451406	2083.54938096311	700164.648993	3.26851225286
90860	71	4111.82421994	2303.85601993	2295.7494448	88.3768019274	2443.5640476755502	2182.291897104292	648970.028103	3.26930791769
93136	77	4118.03892708	2111.3747075	2107.15428719	18.5372727241	2143.4834414731863	2087.4162135016722	675415.393189	3.26894074655
93746	78	4119.02957702	2297.25589201	2284.69034526	90.4485451072	2439.1966399540474	2166.1690838454274	690648.15236	3.26881941641
94802	82	4120.18115091	2159.03276418	2170.74824995	34.2542978382	2198.125971981838	2103.470280754671	711698.546833	3.26856074323
94806	83	4124.248667	2147.91948548	2138.70953247	61.1211739469	2256.359627511081	2069.4038054390535	717324.811535	3.2683267355
94759	81	4124.33109188	2216.59570626	2220.02995173	43.1801970431	2274.7471902225775	2161.8634120381753	709513.086925	3.26861705872
95172	87	4126.61556602	2182.68850566	2181.63765605	27.8827052558	2233.2405206856884	2141.6580322282375	721362.614005	3.26842243858
95324	88	4129.392838	2287.499809	2270.44447893	93.8525326431	2457.366611018141	2185.952209156513	734183.716027	3.26838217668
95333	89	4133.11940002	2391.72479592	2387.61165397	109.134939727	2535.066678942922	2242.9901193378837	728416.385776	3.26832054461
95141	86	4133.59697199	2209.58036107	2212.70997504	24.8787239294	2253.8804279071655	2169.5086763405902	720355.890609	3.26866166526
95100	85	4136.85404587	2243.69518893	2214.95106607	56.7257149721	2343.8629081424256	2186.0097892581634	720772.199127	3.26853984599
95537	90	4137.04075003	2293.76309061	2302.66431441	55.145548351	2382.1593357581664	2224.3963107385566	737784.408881	3.26840521016
95003	84	4137.86656594	2132.76869841	2130.99001756	10.8389198822	2154.8768546368424	2119.867896125483	720595.485075	3.26850342839
95831	93	4141.74064398	2423.57094276	2418.57906209	35.7355323167	2472.9215473436852	2360.4201854262965	762106.258831	3.26812133414
95573	91	4146.51520109	2211.75849163	2219.40038855	15.3859511528	2229.8123901763443	2181.778926865705	739842.569452	3.26823933123
95806	92	4149.36701798	2242.3514586	2225.29850999	86.207776879	2351.9283024593046	2108.1895822814	753581.516664	3.26824368046
95987	95	4154.43124795	2223.26637423	2233.54471524	79.9867004938	2334.969551343572	2108.419321070761	774073.669345	3.26790926258
95935	94	4158.8199501	2239.97380883	2250.58547871	55.4605360418	2298.9076394736176	2142.8522442975714	768175.105251	3.26777567876
96000	96	4166.71419096	2144.29142777	2139.61244751	54.6464931206	2250.5710863409527	2068.773882533715	778066.257008	3.26791840142
118846	99	5435.18891597	2372.32298671	2397.25234313	70.7086104644	2438.737978852198	2261.0047227017535	1100100.3739	3.37331565786
118515	98	5439.39032197	2447.17331145	2425.8843435	100.77938219	2593.1472321384713	2311.7172772504937	1089820.67417	3.37378031721
120809	101	5448.70179105	2518.01754564	2528.95468179	81.6787826909	2620.6989328242134	2389.8369212343096	1126971.35522	3.37350467347
118509	97	5456.82535791	2828.66185576	2831.74901792	101.842377153	2986.5945866628604	2700.192087716522	1109596.46155	3.37340781855
122571	103	5457.51373005	2399.17105899	2400.40900115	92.6666748627	2530.4822813126752	2257.6733887019705	1173358.34482	3.37322086037
122495	102	5459.15740299	2558.9031964	2572.52360968	90.4023645818	2696.644150924146	2418.440267360122	1162913.70411	3.37336048986
119733	100	5463.37957501	2377.84662043	2368.08320349	100.864671847	2528.7405142950483	2232.0187821750064	1131795.04002	3.37319097637
122761	104	5464.29893303	2635.3755249	2627.21430907	47.2430903578	2724.0129095955217	2545.069073819133	1179445.36838	3.37350797594
124736	110	5466.57757092	2518.39623375	2517.87162201	56.8165454687	2621.635748040927	2440.1330277208235	1217155.73603	3.37327043283
124380	109	5470.44281006	2273.63383746	2271.12124603	56.1174790056	2375.6084248104653	2206.850037672425	1218758.25754	3.37300435293
124264	107	5474.17838097	2319.78955711	2337.99654141	52.9322274326	2386.188016182122	2232.547369337642	1214776.04217	3.37288436922
125694	113	5477.66892099	2187.86966162	2165.23138946	64.4170534912	2288.8629186074286	2122.462342358191	1250186.73453	3.37302744382
123015	106	5480.36611199	2382.86184865	2379.43236697	45.6286703779	2450.1095425548865	2310.310104224457	1194752.43122	3.37287001822
122821	105	5482.49757195	2637.32448776	2645.72150935	33.9843446327	2677.9224433483955	2561.9429444194757	1198198.74917	3.37268221626
124280	108	5497.71795893	2313.08510626	2305.74557146	48.4603246694	2395.221769576389	2251.7610754463362	1226812.52439	3.37271298745
125446	112	5499.46679187	2343.61105293	2332.14645267	93.0346197314	2491.4192270977146	2224.9025435906665	1259670.483	3.37292437836
125299	111	5502.45886493	2662.65452954	2654.57684432	113.751425411	2810.184526105318	2481.8505752455917	1247614.22915	3.37297679745
126002	114	5506.37224007	2409.29148551	2420.21426837	68.0592004194	2493.317398937369	2288.5135738105464	1270196.25642	3.37302593469
126605	117	5506.92299104	2394.76030085	2376.07522944	81.3992967708	2545.8150869443884	2300.625705200028	1297668.8616	3.37235535026
127312	122	5506.9763999	2478.79361751	2440.7880557	90.395997858	2626.235608572188	2370.226881743762	1326534.72245	3.37270592617
127166	119	5507.36905789	2307.68431694	2296.01008762	47.2288822839	2383.958562361078	2261.1970565668785	1312546.16796	3.37311848261
127304	121	5508.41634798	2287.60323394	2292.09383367	95.3292792425	2430.7704931394	2149.9276342476796	1331672.39931	3.37258699032
126240	115	5508.42139292	2326.77701313	2342.47843888	68.6269467493	2401.591261208473	2231.883727832169	1286206.16628	3.3726930769
127693	125	5516.57850003	2298.03900809	2283.70006619	58.0114110706	2379.0100320232905	2224.570375694776	1362651.63451	3.37241658119
126310	116	5520.56230497	2589.99102926	2619.48614434	89.2221958201	2695.9357935369712	2446.010081448539	1297726.11932	3.37269717672
127172	120	5526.848068	2512.90398104	2513.81963118	89.380197875	2641.4971121121366	2369.0636582295597	1327327.98963	3.37263829644
127457	123	5527.17266893	2629.49995522	2661.7768944	93.0229621406	2746.9952861527927	2480.0998131680644	1349905.98778	3.37255281978
126921	118	5529.05553603	2561.72241167	2562.04347384	15.5098810689	2583.5537469444325	2542.472946776415	1317608.58326	3.37248792179
127879	126	5543.26162696	2436.6820098	2424.68913139	53.4441451376	2519.8308421280954	2363.589453179813	1393149.93145	3.37226227847
127690	124	5543.90170407	2409.61207142	2399.67549024	66.6769943901	2520.411483612175	2326.948730265503	1369079.41101	3.37234761668
128000	128	5545.18169689	2350.20321292	2363.62524668	48.0709970929	2411.9279280043593	2261.1198039095216	1431490.26372	3.37201986942
127924	127	5561.37013698	2446.12692645	2445.21963709	90.767165512	2564.2984994343356	2321.3192353675404	1406670.50115	3.37182463725
144751	129	6785.60592508	2525.4466195	2500.9735663	71.7782963394	2669.4732235587608	2462.3221027882405	1779268.02156	3.40999785253
148509	131	6809.92979503	2785.97930119	2781.26248077	63.9061341018	2880.9996344436595	2677.2247370653763	1828798.97761	3.41026418206
150705	133	6814.23433304	2800.48949492	2798.30727137	163.542888288	3046.7048763345047	2560.2308948870805	1892736.06903	3.41001497829
147074	130	6816.02466106	2689.27970198	2677.33377972	78.0072865488	2813.0635884793123	2586.2709104614482	1799841.03006	3.41053895571
150971	134	6817.07220507	2817.28426789	2834.97227545	68.7046508306	2895.6963850330717	2710.3337225534024	1888163.73014	3.4100794123
150277	132	6820.18186307	3142.9566901	3134.44121135	118.434595165	3349.0321513163112	3004.8268591740434	1866381.51969	3.41014268093
151838	136	6825.19394898	2863.48154805	2831.2882695	86.6323414457	3035.709369167479	2772.6754297252583	1914571.49401	3.41049638168
151540	135	6830.37007594	2645.63988214	2641.9183275	65.5119344866	2761.155773345813	2552.3296640599424	1906924.49259	3.40993620145
153361	139	6830.58445907	2547.67438481	2544.65357697	79.357139985	2660.9932739498577	2422.871870517771	1971606.9848	3.40984386988
152640	138	6832.70205688	2576.5977597	2575.50808255	101.650085242	2722.971175673775	2430.7126131512055	1952342.83246	3.41001914948
152202	137	6833.8379221	2798.20177225	2800.79025831	119.790736528	3020.2321935613736	2657.5766380261107	1929656.52494	3.41035702236
154166	140	6842.85807991	2417.60604477	2408.84704012	83.2816488281	2557.616517442107	2296.9924640002287	2002019.4256	3.40999594235
154238	141	6852.33342695	2625.95406533	2624.17931774	120.806974639	2811.038845243046	2479.0194805932165	1996649.88623	3.40971540652
154583	142	6859.2247169	2715.63701198	2680.09595104	105.224191911	2928.8019799718204	2620.0641840788408	2010844.81825	3.40956059584
156824	144	6872.37984395	2674.98295031	2705.17411623	100.994337207	2819.535267295501	2520.170514683645	2100844.91065	3.40997724484
158284	151	6874.41109991	2665.36298121	2667.21804953	94.554763769	2795.525533880184	2526.659126596586	2178204.15335	3.40909177916
156732	143	6877.19416094	2565.77130185	2568.62452263	82.5872471189	2691.3400189459317	2448.211030921215	2089885.97567	3.40950980915
158054	147	6880.2090199	2761.03568563	2743.65013086	79.465757575	2891.7010927248994	2651.5313770110606	2167042.69453	3.40965212263
158234	150	6880.68671703	2540.44923809	2539.94226431	89.6893862232	2675.74881447373	2405.1655791433304	2158439.47755	3.41028086693
157284	145	6880.88895202	2904.67557259	2865.33409625	81.399211646	3052.037108064327	2820.6274676822595	2112853.96929	3.4098540302
158174	148	6881.46827006	2516.87985613	2516.35180385	77.1016796072	2639.373763835934	2404.6290010827724	2167994.75433	3.40951603462
157657	146	6885.372756	2543.13372545	2552.58412261	44.6725674787	2600.870888150531	2453.7801872255704	2133471.81096	3.41003088812
158199	149	6885.8608501	2580.00375253	2599.66647893	87.1248075876	2685.9673537804156	2446.544659770016	2182260.34774	3.40948281873
158816	152	6887.08618402	2513.86854311	2525.11601608	52.7485285322	2569.128309158502	2407.5861362855994	2232113.51749	3.40936527481
159020	153	6896.84813094	2885.36534197	2898.37813451	84.1581368874	3014.706003451028	2738.7887157220985	2221068.87481	3.40954919426
159309	154	6905.23332906	2952.35641863	2934.38510482	141.614217821	3174.1659646606704	2774.4819326329834	2255056.00075	3.40959200392
159372	156	6907.99114799	2791.8970337	2801.13390152	91.9750022545	2901.937546641552	2641.5095360103282	2252925.83011	3.40948214857
159367	155	6910.58863997	2792.65645047	2820.75643305	141.006923833	2976.6057827174336	2586.2189405820177	2264609.03596	3.40920699995
159829	157	6920.94512296	2694.3097746	2715.25713399	77.3058654152	2788.223661816043	2575.3590581412996	2330099.51476	3.40930954051
159865	158	6922.99906301	2750.41744998	2775.49118626	104.697204348	2880.8530505526674	2568.487737813678	2337399.76863	3.40919272422
159890	159	6929.18193889	2523.08205584	2530.20829225	91.6635092501	2667.771796592897	2380.669576768678	2371424.86045	3.40879407214
160000	160	6948.67737889	2709.00750244	2700.92370702	67.4643730705	2828.573338184072	2591.4921372306244	2401851.99717	3.40868011736
172333	161	8133.30793095	2813.86124663	2796.06356878	104.317429405	2963.3223942331347	2686.189798200323	2817096.63136	3.42214553287
178509	162	8167.38469601	3153.08439288	3175.69654188	112.380288934	3274.613288692621	2946.6771578083303	2942813.69885	3.42253087282
178783	163	8168.41856909	3236.6451162	3253.60698523	119.905722702	3379.6664716400705	3066.531639025919	2996161.45316	3.42223683664
179308	164	8174.52320099	2946.498809	2903.83114674	82.6020066165	3116.9592735763345	2874.3685654250194	2995662.18104	3.42239667839
181154	167	8175.80156589	3233.31262944	3256.34385056	117.188506439	3372.6374317376517	3068.7483494917587	3053042.16352	3.42285523439
182288	169	8184.21001005	2821.26082317	2830.27800416	94.4734391113	2947.948278381236	2687.747824822848	3108167.74288	3.42224375629
182913	171	8185.87426996	3268.96186618	3294.34410256	128.10017008	3434.549658237272	3079.800055641277	3092165.73253	3.42287296919
179469	165	8194.131356	3002.7947143	3041.26488549	107.215982601	3106.1520023173543	2826.395479555518	2968903.70194	3.42267982346
180442	166	8195.73230696	3577.93593544	3540.3933768	120.280674185	3784.385698154039	3440.0869719009543	3018737.24123	3.42236328637
182582	170	8196.33823395	2900.15433393	2950.39597656	124.227321324	3033.135988497975	2714.5601750941432	3115866.29895	3.42230016769
184116	172	8198.49954891	2753.39242019	2768.09658886	98.9179984559	2873.7987261099306	2587.161197918069	3186384.29347	3.42220990592
182266	168	8208.9931581	2922.24209296	2929.28081431	96.3177534029	3043.5444530739487	2789.413112110151	3096004.94596	3.42222785849
185780	173	8231.51888704	2953.65878815	2955.90385033	106.090300076	3136.298942470124	2823.1263103348933	3247983.51777	3.42203865094
189744	181	8240.40444207	2975.20319085	3001.9908348	179.594659582	3228.4490701895324	2692.487879098437	3439322.02118	3.42288505966
186837	174	8240.56771398	3175.3978106	3169.47544314	112.471738584	3399.1700772266186	3021.7397851635105	3290590.95894	3.42199162743
189147	177	8241.46284604	3026.17465591	3019.47104119	150.830366866	3236.2005925093904	2817.7435543236206	3450605.35595	3.42143938254
189652	180	8242.08294201	3022.61964279	2993.88308478	71.91084144	3140.3807533033028	2915.0382811694794	3445366.2796	3.42210676019
189030	176	8250.1206429	2825.33648941	2827.74048037	46.9864523458	2894.206254094272	2721.7094257749336	3414510.11697	3.42182509979
190148	183	8252.90378904	2802.58232578	2824.02302585	67.6224325036	2897.4211771425025	2716.703471459718	3505111.31767	3.42182846767
188495	175	8257.79571891	3094.52362267	3101.5900278	169.572208988	3357.820597316551	2834.664551319314	3388627.38966	3.42228765167
190315	184	8258.18530703	2727.92376799	2720.29893307	96.6166582031	2875.156320534576	2584.375675747115	3526100.23522	3.42176222686
189401	179	8260.01186204	3358.56369496	3385.07190929	192.027937867	3640.6792583973915	3085.164037179284	3436040.53623	3.42219608056
189396	178	8263.94071889	2831.11177506	2831.41174463	137.682080019	3048.0527469640315	2657.530016603718	3468203.06259	3.42180539291
189881	182	8268.16682601	2828.74392633	2811.35475573	183.499052596	3090.285143736382	2568.1791940908474	3461993.06423	3.42248770489
190690	185	8283.48264503	3195.0235502	3207.16470146	66.0878129715	3269.167498339485	3058.048770300946	3570780.73699	3.42193965045
191240	187	8289.23284602	3094.25025251	3097.77896424	102.886618663	3278.5596112169906	2966.9190302785073	3630838.76147	3.42182879314
191094	186	8297.0505271	3278.57639983	3291.54878517	53.7499228922	3353.1183832911224	3195.957898849674	3615892.52038	3.42195202375
191880	191	8302.96302795	2833.4776556	2842.63885336	83.7593815993	2947.6076944648985	2694.8217182243375	3795564.55505	3.42099372246
191383	188	8303.76894689	3204.8378701	3191.7513772	131.447288677	3372.5914463400545	3015.38586818938	3665252.71652	3.42149233576
191692	189	8305.8436861	2921.11290796	2919.52448914	74.6467390879	3063.042823221651	2804.186948503988	3711483.80971	3.42177059149
191709	190	8315.98220801	3041.44565448	3004.7827084	117.205130656	3223.662018861167	2905.736273237313	3735414.43187	3.42147458027
192000	192	8337.81817293	2994.53801347	2964.5419242	89.6160727471	3146.1746281134774	2895.606517698284	3840795.24613	3.42111279018
200224	193	9491.30588198	3135.09237953	3117.27188968	114.551519311	3305.6349102672093	3010.6088389033384	4290582.30409	3.42552871437
206269	194	9529.39435005	3461.22714937	3481.67870836	105.500333166	3585.1580306500177	3289.8222202287416	4486684.45075	3.42587547705
206641	195	9529.81951594	3573.97725347	3571.86984584	93.851562097	3734.9716245698482	3431.8217322748424	4541084.81844	3.42553052856
208163	197	9537.93580294	3519.49330188	3528.23309654	114.309254509	3697.4366452148283	3330.24929220639	4591878.81526	3.42642661762
207882	196	9543.09134507	3429.48839159	3479.47391531	118.913802106	3552.522379872637	3218.5856427539493	4560796.83582	3.4258167654
209753	198	9543.72163391	3077.00746314	3094.73679515	69.9635189844	3150.0400570981406	2942.346302749016	4669299.12466	3.42570036746
209970	199	9554.61315203	3538.5483714	3498.31460906	92.1706189674	3711.720279279141	3453.799593744355	4636680.2152	3.42648068712
212206	202	9559.30694509	3328.32669537	3331.93416471	104.302912126	3526.613431120979	3171.1158220454145	4701765.46437	3.42601234043
211616	200	9560.36179996	3141.84455864	3146.02570115	93.1159924185	3260.06850454139	3009.526371599502	4750682.41446	3.4257675146
212849	203	9562.85278106	3887.27671154	3878.07948081	26.5914749025	3947.1410817939422	3857.5007543365323	4742462.77445	3.42568594064
212160	201	9568.73893189	3068.56628193	3057.83664159	93.2085719818	3202.7629438368895	2920.7037504488017	4792376.78783	3.42544481005
214931	204	9580.90338492	3335.89347993	3326.20847804	160.079964282	3575.343604345874	3113.11616697201	4885786.05775	3.42564151492
218088	205	9603.40346408	3332.54833696	3323.88087232	109.981286574	3512.1538953074396	3193.4395518537085	5087623.32185	3.42550198934
218695	206	9605.90583205	3463.78133597	3423.17685659	144.091472071	3680.0300109567575	3274.2167543926976	5219469.35728	3.42492035073
219240	209	9607.69354892	3706.56092655	3708.79633556	134.131809303	3882.7648315982647	3471.022205101142	5163182.35692	3.42559509389
218699	207	9609.502141	3343.58310866	3358.2813982	44.2283950737	3394.7660652080303	3262.967330716509	5160562.82914	3.42658737837
218996	208	9612.90906906	3318.42618281	3314.1278558	126.090127571	3530.3030354078396	3174.269062724018	5192480.69592	3.4256781821
220188	211	9618.44354606	2964.48289056	2943.96323651	54.4271769588	3070.4845346299862	2907.216199531722	5271895.59061	3.42540476356
220037	210	9629.01291108	3096.51597402	3078.67662133	122.64993746	3272.1515137506685	2935.087647262843	5313941.1868	3.42524791328
221021	213	9629.41356993	3612.27552158	3641.85183747	121.076271156	3800.1736493547787	3422.6322435382754	5312085.13034	3.42581099497
221919	216	9633.43476796	3341.59333527	3318.37149618	132.467802982	3583.655815376668	3155.0221565491843	5400723.07065	3.4260792982
221367	215	9633.44775105	3137.20435933	3137.19110712	77.6412226794	3278.167484349107	3024.3070005262957	5393465.4906	3.42527875728
220718	212	9635.7206049	3111.77881754	3085.18548703	123.494401652	3313.516371121957	2939.2355327524265	5360437.81628	3.4252509736
221144	214	9636.03998899	3938.58276028	3869.51319655	177.202539992	4204.390753193182	3686.468524281286	5342516.5259	3.42572406005
222637	217	9656.00867891	3331.21940634	3346.76626157	43.753100806	3397.8468032335372	3268.1458206518846	5538989.17111	3.42559371415
222953	218	9663.26767993	3565.218863	3532.8463948	148.734202885	3759.9728647000175	3344.3230295999624	5593393.51876	3.42529170459
223398	219	9676.54288387	3571.49584953	3588.32928159	147.159245681	3808.1632719943455	3362.2876187968054	5619452.84778	3.42551428911
223736	222	9684.54710388	3223.2196341	3232.95015818	79.2868791456	3318.912846577506	3117.8855916690186	5701089.18142	3.42535212759
223655	221	9685.43557	3532.51550323	3500.38790805	82.5630512835	3660.75605536189	3426.7542058041204	5712775.2775	3.42485697182
223504	220	9688.7558341	3092.45490265	3108.71118763	79.0374799863	3234.6509520661557	2972.6418900371877	5763649.84022	3.42446532292
223817	223	9696.93710208	3507.54531049	3506.4377907	136.72753941	3668.3429905721177	3268.5042067400577	5777470.61172	3.42479597921
224000	224	9727.2966311	3418.82000685	3404.71468717	156.317336775	3663.172572376388	3192.019215473893	5883639.52035	3.42457633774
231406	225	10827.6548431	3639.91554496	3591.90892444	217.782594402	3978.621410877172	3353.9856637289213	6335190.68743	3.42577292216
238381	228	10858.4670219	4072.15776962	4071.14481371	159.402930115	4303.459366462295	3813.756932509426	6625704.06478	3.42673707318
237229	226	10863.4525039	3834.3401668	3776.1953184	183.022691613	4156.536275308856	3615.256952033382	6562370.33807	3.42588752097
237541	227	10865.2797849	3920.56601824	3919.05455631	124.129367894	4121.58930224988	3740.701596706175	6620327.71818	3.42553697519
239137	229	10874.0888021	3682.52408641	3679.97897896	81.6879076292	3825.905586639968	3570.0955825599854	6659584.45627	3.42598764314
241556	231	10893.1503839	4065.86430916	4082.7779848	192.782897238	4331.610321985409	3766.6934051636313	6737038.7327	3.42670766196
242045	232	10896.3997891	3421.32728655	3456.08533133	93.7200701247	3543.523780443495	3249.677923459469	6856935.0958	3.42616481302
243905	235	10908.159673	3336.03503142	3347.94496803	85.703361125	3451.8458042254283	3196.2171773454597	6965041.78157	3.42559316158
249146	237	10943.1514149	4086.21949151	4112.84099263	217.651425714	4389.206245168359	3767.60584361149	7439201.16477	3.42518287242
240984	230	10944.625381	3461.64579731	3471.48012156	180.121428272	3677.275174293879	3219.2879443623942	6743358.27045	3.42607725468
249604	238	10949.5029809	3696.27319552	3737.79115098	165.130742189	3900.669188407521	3426.9669150230925	7372207.77215	3.42698095796
250214	241	10954.8445079	3815.02813325	3861.13258422	159.810474235	3975.777781980507	3549.406571356819	7435235.25476	3.42604589633
243780	234	10958.8207049	4201.32476863	4213.83965937	158.514155652	4444.954587069811	3978.3758514726283	6907630.79537	3.42588907289
243161	233	10961.9011431	3876.21292797	3823.52732856	188.546031487	4147.008929222448	3637.119486025403	6876997.84015	3.4261716507
251928	243	10973.8257849	3542.27681503	3563.8300592	163.672332154	3800.324474659264	3307.375741345237	7659228.30851	3.42545362437
252652	245	10975.2002549	3537.44537019	3526.28427643	139.318096696	3741.7189905556493	3350.496530061817	7728403.88363	3.4256391797
246384	236	10982.002779	3766.49117442	3740.77978469	167.305058859	4052.4124946665625	3578.9855930169592	7129434.07042	3.42580380368
253992	249	10998.1388071	3488.3428389	3465.51578302	110.514136006	3684.8616910841256	3355.3368530003568	7950755.22327	3.42600703321
250199	240	11008.219835	4071.34071761	4102.39492758	123.635688156	4246.287712596441	3894.0693756417368	7411055.76415	3.42621423626
249999	239	11010.543715	3770.75581689	3766.06534361	184.029573869	4061.522643460119	3534.00174986831	7382370.78935	3.42580417836
251559	242	11021.7131879	3309.11788453	3277.21521485	155.281366045	3590.3628684053847	3122.8046678537917	7570185.15294	3.42575531725
252544	244	11031.968627	4136.95259996	4139.07448925	165.970067974	4335.07193820466	3899.132125497712	7659002.90648	3.42611970042
255567	253	11036.2802079	3476.16072059	3451.34794217	143.308121864	3687.247434073625	3277.718611183253	8322047.73302	3.42456165357
252905	246	11037.5784559	3841.69053213	3819.28789591	116.704511435	4006.5773915340906	3638.368733134005	7697886.67158	3.42665784141
253143	248	11042.519129	4528.91241731	4520.23403816	198.850078758	4803.948062027097	4265.223415681872	7733850.25605	3.42603542421
252971	247	11043.418576	3387.62180408	3346.95964266	97.5866332443	3523.120664652275	3290.6854272891064	7746110.05818	3.42560102266
254614	250	11062.7960031	4161.52680787	4157.94167143	257.356635128	4483.668300189287	3806.377541282388	8055030.67722	3.4255050678
255173	251	11082.339859	4075.0987596	4063.14370738	171.540421622	4360.750917834583	3836.4705867685457	8115625.39034	3.42586708167
255528	252	11087.441103	3469.68788073	3457.0340295	111.299282244	3672.165291003816	3342.6074316697263	8209046.21383	3.42567195315
255580	254	11100.0776329	3735.6082383	3718.96001868	74.3813783556	3892.8109800595716	3657.2325618089785	8274009.35426	3.42514947059
255783	255	11114.458622	3795.36302957	3771.58198882	98.1351638788	3983.047341317335	3679.6249235040095	8358505.17043	3.4249630531
256000	256	11148.4565461	3992.20891247	4032.21446037	186.251974767	4206.390466065798	3689.629571329332	8496893.56771	3.42486525574
261312	257	12162.400645	4185.65015999	4184.32651418	119.81547279	4375.2895522033405	4009.0725410397704	9022174.71386	3.42507052682
264645	258	12191.4360371	4546.2683054	4532.55278971	163.91800794	4788.576600577019	4330.035098121436	9258476.5284	3.42589463035
265107	259	12197.2379339	4429.28256989	4428.29305434	178.166125949	4638.236825322231	4201.071216015379	9287002.25749	3.42487822631
265163	260	12202.4974	4372.13351091	4390.62277537	128.733970479	4562.87888102972	4148.662351760563	9362199.63011	3.42443615153
266246	261	12206.5084929	3998.84395549	4021.69287879	83.0567240743	4110.98036579988	3864.334543599932	9382170.73656	3.42511946898
268791	263	12228.8051629	3832.01851462	3839.42997381	170.623458164	4099.530256921885	3554.7346073174526	9619237.08724	3.42527864195
268289	262	12235.565218	4525.22559744	4568.42126815	93.4461680405	4644.897301763963	4368.04079600011	9474192.9301	3.42583525523
269866	264	12243.2013481	3701.05294386	3705.40479098	150.360391548	3877.606167470865	3487.063039022564	9764597.4408	3.42458888737
274639	265	12277.8439479	4727.10516229	4765.45716178	147.276423246	4911.569844828221	4437.546219230777	10257346.6335	3.4242865379
275460	266	12293.801686	4203.85932787	4235.06026713	136.183038813	4409.673835317715	3980.487869288914	10185923.8855	3.42632333296
276480	268	12302.0897689	4314.88166321	4324.03402738	173.965898897	4521.055878377352	4007.967429313174	10293938.6412	3.4253301325
278982	271	12320.028502	4071.39983391	4036.35005394	165.428146521	4377.614986982692	3862.3835538749595	10642486.6188	3.42463122669
279229	272	12326.4614189	4045.30627811	4058.17943238	139.494427887	4227.735658603432	3856.328207307826	10669589.583	3.42500004336
275799	267	12344.0507219	3868.61969341	3854.14604912	107.915784981	4005.3942190830335	3724.1530232345553	9990853.50904	3.42523092968
281461	274	12347.2884099	3796.81823937	3815.2163426	93.8957469515	3902.2690389637382	3667.6639500051497	10972953.5143	3.42534517168
277431	269	12350.9773059	4674.96418911	4653.88225766	141.58779413	4906.527120778563	4503.021039807569	10206628.4598	3.42509192675
277668	270	12357.3778579	4438.34834651	4462.73966958	125.046908209	4589.378052718882	4227.884908167406	10242439.1141	3.42511671877
279988	273	12375.248867	4245.6198124	4229.51925951	105.161798154	4429.415775547652	4117.513998037969	10573680.8057	3.42470146986
285053	279	12390.799695	3950.40559685	3925.10547382	168.684610772	4192.893803524262	3729.6182923761808	11598715.4699	3.42364969831
282909	275	12406.188179	4463.77810532	4471.7278793	104.745710727	4607.47278175843	4274.676823194197	10862008.9126	3.42568082699
282983	276	12411.6093979	4312.64140103	4328.06077151	151.01460606	4539.331081098796	4127.307987447978	10914887.5409	3.42494577655
283669	277	12419.69419	3816.00091832	3802.2918201	112.860309731	3989.13452981168	3638.9868450574895	11065207.9473	3.42493390526
285060	280	12436.6685989	4249.85336719	4195.8909067	142.802864009	4483.811636120711	4059.4703964636524	11218057.8613	3.42606075948
285243	281	12437.4703839	5233.14777673	5224.94842161	186.093884498	5481.034359965574	4993.904328084112	11304502.6319	3.42524392698
284683	278	12442.497627	4599.61248304	4593.68778115	171.95788615	4842.1813695405735	4369.910657039165	11194527.1851	3.42518182151
285440	282	12443.4933629	3737.65666631	3760.32252377	127.453784026	3926.66262686527	3546.7470635529944	11342189.8877	3.42488093575
286265	283	12467.580961	4726.82213425	4710.68284229	208.272445085	5035.4559692184275	4447.912428635924	11633502.1894	3.4246352641
287056	284	12490.9330471	4662.37265652	4657.05454614	227.299526308	4987.26285009415	4373.2146397492	11740160.5412	3.42508590329
287308	285	12496.1681521	3908.93247345	3914.948127	106.463929215	4079.021844425059	3741.255866470339	11836445.0511	3.42486921725
287510	286	12512.487494	4102.18911957	4055.39493965	143.56429096	4345.591046666854	3916.3832335044895	11985440.1377	3.42432629116
287752	287	12526.9800329	4331.73726188	4366.3238309	221.838639243	4651.470941072458	4022.822755752008	12088176.8237	3.42406683131
288000	288	12560.744967	4466.17288966	4490.59506156	112.883140315	4615.971468198175	4243.127749648978	12216141.8194	3.42406063218
293043	289	13504.8886549	4689.73522677	4703.26627004	171.212048616	4958.086144575806	4435.605888516201	12781627.1491	3.42389171406
295344	290	13542.4520519	5076.21565689	5098.54186121	128.97212565	5255.070373730136	4853.166374830566	12983593.3482	3.42468432799
296097	292	13555.745816	4761.46035745	4786.84315215	113.141236579	4901.044728956085	4580.237796927695	13184037.5372	3.42308956793
295683	291	13558.636744	4879.87325573	4919.28391067	87.5168858361	4972.92668092715	4722.153545847962	13048492.4659	3.4237021431
296518	293	13566.0529039	4400.17493127	4340.96829896	193.302538294	4706.777491072141	4132.7525712523575	13134204.1709	3.42392559045
298145	294	13587.4163771	4334.53819334	4288.74588974	135.414790716	4584.766872527033	4151.67916386972	13393659.2757	3.42404785411
298700	295	13598.500211	4813.03011955	4825.3533181	112.534708488	4985.875609841556	4666.84984034747	13307161.3318	3.42457071016
299271	296	13599.8030639	4202.21984835	4221.58505139	139.778255291	4381.256716322431	3922.480980964034	13605407.8226	3.42317416071
302015	297	13639.403162	5185.78745235	5214.86961109	152.922696984	5359.842996846113	4955.526024604843	14067633.9156	3.42311643701
304147	299	13660.551903	4622.67436998	4619.58342601	47.6957221123	4698.2547445184255	4527.769735904799	14201353.663	3.42406634786
303520	298	13662.9589181	4719.25908899	4749.01504542	140.003989825	4879.291593884579	4496.432336006976	14040372.3613	3.42531241971
306565	301	13691.276504	4476.03712713	4464.55719743	115.055669586	4640.9351095689635	4282.216379453887	14562982.5275	3.42406248794
305953	300	13699.5032129	4554.25893196	4584.17922845	102.3128099	4659.0163957192935	4383.632155679378	14519970.3542	3.42356131356
308455	302	13709.3176949	4171.52124197	4192.95447251	129.300049572	4359.26725090771	3961.143195282977	14867148.2923	3.4242754231
309712	304	13721.2936511	5133.52402467	5143.83665328	122.471960046	5312.356154233886	4954.942013725797	14662155.9198	3.42385569315
308902	303	13728.149936	4297.82856102	4375.27514394	184.065344414	4497.218407974015	3988.253883984847	14471386.0154	3.42399535026
310059	305	13730.8092351	4775.62705324	4786.10476744	121.065660261	4981.692244641578	4609.771574658174	14769792.0139	3.42380356665
311587	306	13747.7014909	4608.08072593	4575.09875672	145.402181442	4839.68061461092	4436.759905952575	15126952.2409	3.4233259474
312601	307	13761.493767	4397.80613012	4406.00521677	77.5164837036	4500.012712115206	4257.002595384381	15685293.4081	3.42239285609
314510	308	13773.5650549	4773.75385435	4738.26187849	122.95183314	4988.046512889155	4617.332183079907	15437780.0829	3.42464291775
315411	310	13794.332824	4231.66087636	4234.91502409	140.328367814	4431.31208841368	4045.17750604695	15691798.5418	3.42375966739
314914	309	13795.7861531	4883.58301935	4948.03753128	149.191942443	5020.161106333838	4607.014360953271	15578739.6023	3.42373652914
316546	311	13803.7531419	4773.4243989	4826.32785856	117.23700883	4902.876809500989	4554.807180271402	15871738.1586	3.42490049631
316725	312	13817.4944589	5551.69088448	5551.76420261	78.9617326278	5645.956502148029	5423.560602828081	15989707.3102	3.42399632206
316977	313	13817.997165	5065.43944873	5081.22607117	193.410932609	5339.624250252646	4809.590131178561	15954364.2512	3.42407114305
316997	314	13826.9631989	4154.74949578	4151.55981354	128.140583839	4347.432653709107	3948.175106594839	16040921.7168	3.42374460216
318105	315	13843.292799	5339.63771504	5333.86171175	153.495559098	5520.764742632923	5077.1210944760705	16400959.8206	3.42345341592
318962	316	13865.0352509	5158.4747735	5158.95205162	75.4428833705	5305.0539515281325	5054.275824572327	16551359.8506	3.42387853764
319202	317	13880.9190419	4369.59242999	4411.44865517	142.350192042	4538.100461178406	4132.332751768684	16645519.4377	3.42382611181
319507	318	13885.8997369	4610.41074182	4641.66997636	158.70307456	4812.11924624182	4392.089253660026	16897165.7404	3.42313744476
319738	319	13914.2889681	4907.52932369	4938.562046	106.856378789	5034.682878214596	4741.601705196933	17038733.0741	3.42271584109
320000	320	13950.2771659	4869.3553475	4876.76597757	153.508608408	5039.205233146234	4638.747996280358	17129792.1171	3.42292625295
324287	321	14873.581418	5317.57400517	5349.64626757	170.969009266	5551.90578791223	5010.338947658218	17801740.3586	3.42260112636
326634	322	14904.90449	5479.81315286	5502.54991268	116.715852254	5622.145663891852	5291.4083214166585	17995682.4054	3.42334587629
327740	323	14919.4889591	5028.69981152	5055.16024223	78.2611123077	5116.975458737921	4888.169982329007	18294698.6687	3.42167910864
327856	324	14920.5934529	5124.89314693	5101.28875628	61.2872134685	5229.11981178347	5058.291004787223	18152998.5874	3.42248145393
328202	325	14929.8452229	4758.72602132	4750.96127493	93.8963091767	4907.288357206523	4654.089268703627	18196741.3382	3.42263793343
329501	326	14944.5843771	4723.46144056	4725.93345065	53.7267542881	4799.310469537348	4612.091143147221	18481162.265	3.42284578541
330442	328	14958.5928619	4592.56467808	4594.79632162	137.719635211	4827.637540827388	4411.824168995539	18757171.6357	3.4216671848
330249	327	14965.7213089	5155.49152881	5170.12473432	58.7166960523	5216.0368233379195	5025.350375119063	18454810.5041	3.42311670133
333307	329	15008.3054991	5381.1727526	5379.96651577	36.0268018273	5447.393029069411	5329.659451651841	19161809.9807	3.42190869286
335301	331	15033.7469249	5051.90350329	5048.45483559	103.807172745	5216.242733494635	4894.39432074393	19191486.205	3.42406261452
335007	330	15038.3804419	5060.26828956	5113.9317832	134.762430603	5182.626778101946	4800.211188596349	19273443.7954	3.42275603062
337736	332	15068.1244941	4868.0744735	4895.95255984	113.740772271	5023.890902703502	4686.087139022613	19702946.7991	3.42300686057
339240	334	15072.3460851	4715.2079085	4739.1484841	151.56561442	4872.79722815839	4449.709023358062	20020101.8886	3.42310115827
341018	335	15077.9112289	5464.22790805	5438.64183912	109.247228589	5661.792194690777	5336.401617035571	20100764.0111	3.42257912899
338774	333	15079.6707461	4930.89910412	4953.09176099	123.167746386	5075.583566651075	4716.442159595141	19820915.4323	3.42233330436
341793	337	15086.283915	5253.88232991	5249.93350533	112.503095835	5386.157869186389	5059.204466698575	20318183.2734	3.42230143431
341765	336	15098.729286	4664.85541769	4629.66365073	121.61500663	4880.419390005844	4532.992448546718	20073783.9468	3.42275639371
343314	338	15106.7027421	5051.67463995	5034.25139648	132.250460921	5271.569467471827	4907.19079836114	20726239.9169	3.42189724926
345524	340	15134.1218369	5200.0467006	5193.72804436	104.058062496	5332.081382303096	5048.78307141854	20957541.8948	3.42331826428
344307	339	15143.0839279	4687.27251768	4696.96726836	88.5438967614	4810.257005530753	4533.709790942434	21131803.2549	3.42102001575
347029	341	15153.8998699	4663.53945715	4658.1247453	92.3267669504	4808.209208098624	4486.482467761219	21335749.2376	3.42245408724
347403	342	15160.4785831	5224.96529653	5233.66711107	90.70545134	5335.2136675255115	5064.8370240069335	21372221.0605	3.42234455892
347775	343	15162.2934611	5182.1251656	5174.95104769	113.943173622	5345.808811582314	5016.385247418085	21485821.6704	3.42355042595
348804	345	15178.486058	5746.31360655	5758.57489811	33.3020031754	5775.883719309629	5664.873046379908	21799374.8946	3.42268222754
348660	344	15185.819001	5507.43494452	5525.51596514	46.8595543427	5551.003637990043	5402.566851929076	21723750.5346	3.42275569581
349140	346	15192.774153	4557.56609117	4565.17460754	83.5128619166	4658.037143806215	4398.144602917215	21871498.1724	3.42235760906
349875	347	15201.7294779	5752.46595666	5745.01797341	127.796738422	5939.125672440973	5567.493660004771	22205440.9391	3.42217938924
350632	348	15235.103986	5415.66485539	5413.91756817	61.4494175925	5542.128735965159	5323.024712050212	22387038.5993	3.42247460376
351176	349	15253.9274621	4756.03708298	4761.20535211	117.20431522	4928.043832868399	4568.350331713248	22572049.2021	3.42255103656
351317	350	15273.0363829	4951.12141379	4961.27968213	68.7041051005	5042.181696713664	4841.769840658922	22822704.0571	3.42188577986
351735	351	15283.9350269	5200.68243182	5230.37393513	111.016041366	5348.767841629238	5009.719427424784	23071085.181	3.42143974902
352000	352	15322.833298	5164.81771342	5164.16288994	69.0771440658	5251.702742918976	5044.884081971643	23170916.164	3.42156874526
356653	353	16232.5465419	5736.25821322	5732.27068972	96.615780745	5885.174694371126	5617.192250065498	24011804.3835	3.42131792315
358584	354	16267.8858371	5809.89466488	5825.18186886	97.7658450287	5946.205221646347	5693.048714967677	24242161.797	3.42206175596
359603	356	16271.8230729	5231.97092215	5219.96583037	62.1968939802	5318.261046226525	5138.650353449334	24683760.6883	3.42022704979
359584	355	16284.948312	5206.22762142	5193.61295514	43.9794607794	5267.500286516783	5149.813601839687	24482775.6236	3.42112882128
360438	357	16305.5173509	5065.40012822	5048.54449365	84.2417794946	5187.505857823724	4942.221311041272	24542854.9986	3.42124554894
360867	358	16310.498301	4842.45083051	4842.4571981	41.0960028633	4906.413483951946	4774.0371558927445	24773075.8254	3.42164087865
361810	359	16317.4574089	5100.61859155	5131.61996956	91.6447368009	5212.715909560969	4922.092673900044	25173053.892	3.42019330594
362281	360	16338.1683691	5299.5067867	5332.64323903	62.8018525338	5363.040053386057	5212.860407937196	24851025.9097	3.42177806117
365596	361	16370.537915	5486.21068533	5485.45879767	38.1286607736	5536.672666031151	5428.2238090585	25640443.142	3.42074547694
367739	362	16404.998194	5308.7636482	5323.99831967	52.3995669056	5363.811272880704	5214.459469311996	25737399.0848	3.42277610228
368119	363	16419.657789	5167.3771179	5148.87756288	35.0867670612	5223.391375180167	5130.6574697817705	25855871.7236	3.42145251133
372117	366	16435.181134	5743.34279265	5741.97509058	44.1333326047	5804.787233115374	5681.155363384233	26655682.8231	3.4214682339
371945	365	16438.479655	4957.35133957	4947.18785013	67.3723738337	5073.136270116644	4852.167016474261	26661870.9495	3.42191343161
372932	368	16445.138257	5519.86958535	5545.0392004	73.2132225572	5588.534246303541	5371.484067261446	27031477.0688	3.42077548871
371551	364	16449.1432729	5197.19084332	5183.91580401	116.577993881	5386.1887975523905	5036.667031644186	26437814.3019	3.42184251715
372551	367	16455.7710459	5055.22817942	5052.24896348	18.1305477456	5082.40873429218	5019.031469009898	26657836.6074	3.42117322224
374707	370	16471.5818739	5431.89392978	5411.4953507	98.3924746126	5561.311130080818	5307.176963223543	27578059.4274	3.42049134529
374162	369	16472.7347739	5012.79928472	5022.84344921	53.1995869613	5092.8794109946175	4915.847738307572	27009667.4708	3.42141720367
376970	371	16506.6076329	5448.29982758	5417.90416608	74.4979587918	5555.241820556908	5352.08069292748	27822597.3614	3.42208017434
378552	373	16516.3662519	5005.08778808	4990.9488341	139.022310872	5235.35383234657	4835.575273424691	28325699.7588	3.42121949037
377802	372	16525.4375811	5028.7204869	5018.22455501	110.6214575	5207.049332898661	4845.914013315758	28324674.9546	3.41976819335
378999	374	16531.6063299	5383.16578646	5377.37553718	31.579368689	5455.342903510874	5347.890918656689	28513761.9711	3.42095962781
380119	376	16544.479923	5869.18837704	5887.1519151	40.1261483661	5904.8149505585925	5788.5789616292395	28892113.6081	3.42146620632
380777	378	16549.076937	4766.8998933	4775.59596866	66.0714888699	4856.387223454244	4680.352596667893	29118487.4803	3.42092973989
380517	377	16558.4037349	5675.13381543	5682.19641456	33.5420749533	5713.4450359719	5592.305021383459	28975598.9081	3.42127659774
381216	379	16564.656743	6067.88858595	6074.66014311	60.0909754112	6163.036314579696	5974.961697161114	29381061.0271	3.42090386271
382522	380	16610.264612	5489.63486685	5486.76829936	59.2961348022	5581.926477202983	5415.934918435689	29709784.4297	3.42111265412
383047	381	16633.5990541	4995.77874232	4956.27284541	75.0235634681	5116.664686922767	4931.968663605167	29989386.5963	3.42119995242
383643	382	16652.174917	5131.14096612	5160.72112723	80.2716348472	5207.544326701265	5004.34062975969	30400564.4311	3.42058981949
383694	383	16659.1299901	5510.52136502	5484.63768924	91.1777398465	5653.158707420524	5387.397222771206	30553367.342	3.42019465655
384000	384	16701.317867	5237.51258187	5234.75972136	24.6091142154	5275.063710164304	5201.439790216952	30742675.5606	3.42012616571
388384	385	17582.1576641	5941.50522598	5940.7785539	19.3350290112	5963.569916962529	5912.815100773861	31655138.4702	3.4200262648
392385	389	17617.480155	5199.64650659	5200.39888754	30.7243806962	5254.504256593914	5143.405767084343	32356182.3734	3.41985255675
390521	386	17623.002779	5974.49702784	5989.43253371	37.1764352032	6010.6716634040695	5904.823582909983	31955745.5805	3.42078088128
391405	388	17639.9172471	5247.79976532	5247.46438674	25.7779293532	5295.453522529777	5211.894148614736	32204452.9836	3.4199545787
392840	390	17659.0545931	5031.12391036	5036.29653823	58.6179381353	5117.332598110419	4929.003219984507	32468692.4804	3.42045924785
393192	391	17670.783865	5217.78044292	5200.59123959	41.8804439838	5297.693209462161	5171.535075042603	32979917.796	3.41883703922
394662	392	17693.2711389	5330.67639037	5331.99066681	16.5060001855	5352.928911847539	5301.871772650451	32660051.3225	3.42055395551
402817	396	17727.984442	5695.97756129	5693.99741527	55.4778020016	5792.716391063445	5622.799740746811	34496644.5406	3.42035529031
397221	393	17732.09952	5564.1002643	5569.22954526	22.4142751399	5596.000894956617	5523.675648431176	33496812.3403	3.41952085235
399463	394	17755.601413	5418.89103802	5429.18523075	55.1144411338	5489.067800809173	5344.126058567678	33688538.9113	3.42148431989
403982	398	17759.701607	5547.46379246	5542.01730764	14.2640598102	5570.304031808789	5529.910025080361	35030361.3295	3.41951703415
405966	401	17769.1629689	5561.60906852	5561.86273184	11.6180982181	5586.077537978997	5544.421859722025	35821819.074	3.41901483163
401124	395	17776.889219	5202.02890522	5212.9005501	33.3829247864	5234.620551714396	5148.816605149856	33981837.4014	3.42018604537
403114	397	17779.4742949	5109.87840883	5114.25394607	14.7423071416	5126.172901475608	5077.77267930048	34634047.1788	3.42074510465
404261	399	17796.499239	5438.15755536	5442.04551178	24.3423744078	5471.221651436819	5392.609212055551	34680636.0743	3.42067698083
408091	403	17803.457128	5591.56795816	5592.77164071	24.6109386014	5632.058423347625	5558.823646700033	35992872.3938	3.42096344955
405022	400	17811.3674879	5033.26644971	5034.80020557	55.3576247875	5099.50943932561	4963.6114719827965	34971864.3413	3.41988391053
406243	402	17818.3241649	5110.61996109	5107.71142315	26.1419353343	5142.4395214861315	5072.097202284605	35306764.6235	3.42002085558
410662	407	17837.892205	5800.37202297	5799.54420781	21.2851999572	5829.6567147913565	5763.959591298634	37099031.1295	3.42041874283
410956	408	17845.9660139	4898.54064889	4900.08153919	26.7681348734	4944.469707741447	4849.434798633265	37286624.5333	3.41968146502
411301	409	17854.7295339	5659.20479145	5641.28073568	53.2112706517	5746.4029508322	5604.434759531784	37426375.7736	3.41976935489
411628	410	17863.6786001	6068.51218648	6074.28396982	25.2704319037	6099.077087945964	6023.429239430346	37687228.7295	3.41952398071
409835	406	17877.624393	5237.65701857	5235.26495785	13.7221321149	5262.4851385022275	5220.677093282954	36948939.2641	3.41854005899
413371	411	17902.9830129	5394.47627013	5381.76859013	39.8482869315	5476.866592139608	5356.536033124442	38117912.6698	3.41982211223
414101	412	17933.6875219	5153.7205335	5159.32519313	26.5590637778	5181.265056135484	5089.672811343616	38442721.1447	3.42004642655
414669	414	17949.2549989	5740.88229181	5750.79045042	32.9295532096	5771.782198926614	5671.248355606938	39081368.8618	3.41900167653
414556	413	17985.753068	5218.24977125	5220.65097547	15.599904087	5240.8825740505945	5192.727363191466	38997295.1774	3.41923718089
415000	415	17996.4994781	5263.01090084	5255.62609212	36.3651015323	5327.123501415247	5214.387307787476	39329786.0368	3.41872513108
420555	417	18819.2828031	5198.64764699	5207.72534485	36.1255748345	5234.066186030426	5137.848208388357	40828754.9836	3.41848497888
421668	419	18842.1911061	5196.75331249	5193.65602829	13.5926157711	5217.279310623615	5175.743845874621	41007388.7492	3.41883771077
420978	418	18851.0892611	6019.0961655	6013.63247873	18.2370775883	6051.860860781976	5993.1375900597295	40739131.1185	3.41957931096
425621	422	18896.96016	5364.89699021	5362.6333152	28.465363406	5420.566879611829	5337.866619708246	41641585.9059	3.41933980954
429338	424	18920.3889101	5546.28985433	5531.83395024	35.0640309064	5600.687639851492	5511.794396923809	42828810.1332	3.41834232635
431472	425	18947.3887429	5443.62829259	5449.66584623	49.8608249288	5508.083700262596	5362.024714423348	43045271.2262	3.42028772942
433788	429	18970.42852	5098.60195742	5095.50220512	16.9493026813	5120.984789271177	5076.859363972093	44068679.5221	3.41947103428
429285	423	18974.6880679	5545.45348451	5536.78123834	57.0103257394	5631.226116551559	5473.445714462335	42827529.4524	3.41930457588
431961	426	18975.9301701	5491.38590295	5492.07258867	31.4022308707	5529.964878345927	5435.272261721638	43900617.293	3.41832986852
433682	428	18987.3141999	5268.95483962	5273.10550621	28.5843878794	5303.2155551473625	5223.6217437510295	43666016.9079	3.41898285636
432937	427	18994.06125	5498.35268715	5512.34070052	35.28946158	5538.888781126164	5436.137802034678	44671318.3786	3.41760243258
435667	431	18998.003974	5441.0829098	5433.77823504	62.0693199157	5529.049279960752	5336.5174491683365	44863342.4619	3.41978026799
436308	432	19007.5898759	4947.01901256	4942.60159566	19.7533026416	4976.351983167215	4925.071651012547	44897240.7053	3.41866514384
438299	435	19035.289819	4878.82934981	4886.1690387	23.8494715452	4910.342786984109	4840.634579068745	46360545.3993	3.41838621959
438769	436	19043.810884	5576.59135108	5576.47516433	42.1385364712	5635.3733993211235	5513.92169178119	46692692.3964	3.41829253855
439146	437	19068.7926149	5902.91204851	5895.79407098	66.1339662359	6019.239478381449	5813.221459006885	46889033.1775	3.41832825098
439698	438	19072.2102139	5129.95818852	5120.59762032	49.7346954387	5218.371211011383	5078.938701457019	46982701.8419	3.41750236109
440766	439	19103.984472	5312.95183581	5310.27147754	19.8281707723	5362.071217642646	5289.213629947595	47409836.9928	3.41853291801
441857	440	19126.1908779	5158.96183766	5163.42053667	30.1603880525	5197.828924400819	5109.595332409613	47818995.3191	3.41897662186
443000	443	19194.757705	5245.10176742	5253.45556993	25.2458273799	5278.1170535632455	5202.057890112627	48840597.5308	3.41746086386
453961	449	20133.802465	5360.91385255	5359.17025545	20.6611015945	5391.622555086463	5323.09548345734	52198768.0956	3.41922968949
456327	451	20150.055198	5387.86801726	5398.80975817	57.3942653769	5476.045589248101	5316.364743428853	52557352.3721	3.4180977076
456418	452	20156.824795	5370.25810442	5380.0099015	46.0591815043	5425.217760909068	5305.819498163886	53312812.574	3.41710352841
457314	453	20175.2677951	5243.81495787	5243.87755277	16.1548001678	5267.289114125459	5213.815501107534	53233799.112	3.41794474095
458452	456	20184.5429809	4819.57699099	4815.5444992	41.1587099066	4887.7181464806445	4769.120506588427	54255791.7016	3.41749481326
459878	457	20215.5387359	4770.1623881	4770.05136699	42.4839306536	4837.93493059217	4718.729058584527	55280517.7664	3.41724729815
461253	460	20258.624831	5032.17754198	5031.97524011	26.385243286	5076.386115429874	4988.537033188687	56267000.9235	3.41657215268
462003	461	20282.7280099	5220.42305623	5225.88148311	57.825425098	5297.077122488849	5124.868629915035	56534066.035	3.41725603238
463000	463	20373.3029361	5109.28231674	5101.79730171	37.0497914353	5182.485514777274	5061.770468292789	57916385.08	3.41618576782
467871	465	21315.8314719	5276.26648315	5279.21245758	21.2088804704	5302.5757964288905	5248.420459022996	59970621.3638	3.41706854736
468859	467	21340.5943861	5154.72714643	5142.29775686	33.1811937477	5203.720980857874	5113.936903584457	60610653.9801	3.4170825432
469184	468	21349.0676961	4771.00147666	4769.39139132	4.93473146752	4778.785472291279	4764.0381958746975	61327910.3498	3.41642313323
470777	470	21412.0778439	4966.18149957	4967.45167984	33.3634756118	5007.2092087872215	4911.797582827574	63002369.884	3.41561271893
471196	471	21435.161479	5111.78191812	5112.24557165	15.7809119909	5146.479304226072	5089.184079302199	63013974.6578	3.41602043009
472000	472	21604.104008	4964.8707896	4969.97748976	49.7266025005	5033.530749018346	4876.0128113039145	64212281.9314	3.41504235832
