steps	episodes	elapsed	mean	median	stdev	max	min	average_value	average_entropy
31013	1	3152.11807895	1954.83593846	1953.64473137	4.42480254811	1966.735802855442	1950.975900117942	nan	nan
31690	14	3158.99338794	1955.39450489	1954.75970489	4.28598885245	1966.363995804818	1950.4606497728873	nan	nan
31663	12	3163.6579268	1954.96545998	1953.69131916	4.57321423958	1967.4181962792663	1951.5471970510628	nan	nan
31205	3	3165.73634887	1955.04852176	1953.84041625	4.76989459704	1968.2136952672186	1951.6423098770645	nan	nan
31459	8	3167.51361084	1955.15457267	1954.78840894	4.45988744776	1966.7222665923607	1950.7644686268866	nan	nan
31315	5	3168.5162518	1954.85564456	1954.41235381	4.56498311298	1966.7117863779642	1950.3344365282105	nan	nan
31365	7	3169.72827291	1955.15410965	1954.15671983	4.6766062769	1968.00744789219	1951.473793124495	nan	nan
31574	10	3171.24579191	1955.59186895	1954.45848603	4.87155034318	1969.0180877907273	1952.0859989469247	nan	nan
31955	26	3181.98480797	1954.80394624	1953.52217749	4.35891597548	1966.5227856578438	1950.475403029643	nan	nan
31511	9	3184.736202	1955.11786909	1954.20400729	4.76347172382	1967.9315006301124	1949.9365716872285	nan	nan
31235	4	3185.19427991	1955.15185844	1954.37939297	3.74929523161	1965.1177272301927	1951.804687468407	nan	nan
31951	25	3186.33441377	1954.998545	1953.95989632	4.47454994768	1967.2166580557973	1951.457108727421	nan	nan
31016	2	3186.60078692	1954.9610426	1953.82586757	4.456553144	1967.3618570842054	1952.2891119281717	nan	nan
31319	6	3191.00400591	1955.18945574	1954.2781841	4.57655421954	1967.3814859315405	1950.0866737320316	nan	nan
31803	17	3201.56502295	1955.74975334	1954.29396616	4.83135326019	1968.8873969207332	1952.6999176022798	nan	nan
31694	15	3226.34478593	1954.89379552	1953.79035713	4.57780074571	1967.3596928804018	1950.7409908474353	nan	nan
31966	30	3238.13878298	1955.37844464	1954.42272442	5.03824748067	1968.7027119343863	1950.816223059751	nan	nan
31687	13	3239.89684677	1954.53582874	1953.52821532	4.41289154259	1966.6615943873283	1951.2533099299383	nan	nan
31904	21	3241.66278481	1954.86361976	1954.38065333	4.82841229334	1967.830894137908	1950.2366305429562	nan	nan
31633	11	3241.89228177	1955.19531025	1954.18804412	5.01976883929	1968.6220521913506	1950.5624062252118	nan	nan
31957	27	3243.36943698	1955.35024659	1954.34935238	4.40318545958	1967.5149723419477	1952.595611927315	nan	nan
31920	22	3244.17607093	1955.06363157	1954.11978169	5.03754109873	1968.5487383395057	1949.8972037793922	nan	nan
31823	18	3245.40565586	1955.08188962	1953.82800571	4.48312873121	1967.3200415737915	1951.0173760143127	nan	nan
31941	24	3247.13352084	1955.67859066	1954.12394957	5.08246175516	1970.005857780775	1953.1308994224557	nan	nan
31962	29	3253.00551796	1954.77246723	1953.55614293	4.68460437074	1967.6140547638047	1950.9783343847826	nan	nan
31840	19	3255.92697883	1954.8454645	1953.82486151	4.53085891033	1967.0968051477316	1951.7906398033897	nan	nan
31934	23	3256.84846997	1954.44576042	1953.52382151	4.75651916648	1967.694102854986	1951.3895543166102	nan	nan
31961	28	3258.09954786	1954.54751318	1953.23580945	4.99405813339	1968.3840174357988	1951.1874795059266	nan	nan
31903	20	3261.39267683	1955.42302195	1953.67655393	4.71699963763	1968.3696827854762	1951.6256972582107	nan	nan
31801	16	3266.32333684	1954.95818091	1953.50413098	4.67755482806	1967.8961495854353	1951.6224705922446	nan	nan
31994	31	3281.977386	1954.81535404	1953.74296468	4.45049752666	1967.2971943263967	1951.838983514167	nan	nan
32000	32	3309.1655488	1954.92100758	1953.54790923	4.57506483906	1967.16491390925	1951.2577393166907	nan	nan
57144	35	6253.120188	1955.77985237	1955.63260812	1.27777141444	1958.485721897286	1954.0232424487854	nan	nan
57362	38	6254.32755184	1955.7471833	1955.81243037	1.28769397797	1957.0883078640136	1952.7245416549058	nan	nan
55830	33	6256.117939	1955.75656251	1955.75571932	0.702648559806	1956.7261661509042	1954.5045537786102	nan	nan
57320	37	6256.62389493	1955.8809279	1955.40110821	1.14805711518	1957.832716016647	1954.632006761846	nan	nan
57594	39	6260.414289	1955.8928009	1955.80606782	0.885099686061	1957.43561522377	1954.9060912232646	nan	nan
56919	34	6263.05934978	1955.77476295	1955.51212592	0.725484484585	1956.9478961353593	1955.0832460142458	nan	nan
57293	36	6264.96212888	1955.70462687	1955.53581173	0.63187400961	1956.7466691600011	1954.6929600457897	nan	nan
57799	40	6277.10057092	1956.08890749	1955.84306284	1.35296926989	1957.8624270572693	1953.6299375326846	nan	nan
58746	42	6286.16814399	1956.19110993	1956.30135438	0.965398346302	1957.442155391895	1954.2841201452711	nan	nan
58783	44	6292.94282794	1956.02702093	1955.91175823	0.808148533786	1957.5881503664	1954.7817586809463	nan	nan
58759	43	6293.24880886	1955.79264977	1955.44097597	1.05829195432	1957.641415274782	1954.338258747634	nan	nan
58705	41	6307.05124283	1956.30992315	1956.21957028	0.740180142298	1957.6024337412077	1955.1566154321977	nan	nan
59121	46	6311.81343699	1956.05071925	1956.27725722	0.776689746352	1956.7499824667145	1954.0666665876618	nan	nan
59067	45	6311.96942496	1956.42037092	1956.22602115	1.28160578851	1959.0221448928155	1954.6157700606439	nan	nan
59984	47	6325.26358199	1955.89794762	1955.93679392	1.12677641081	1958.1481710363676	1954.075981484291	nan	nan
63095	51	6556.90920687	1955.92880205	1955.9917441	1.26689801334	1958.5701685881556	1953.7294038264608	nan	nan
62964	49	6561.33102393	1956.08022737	1956.20462656	1.19115366894	1958.2764123638908	1954.2861846420512	nan	nan
62615	48	6565.77464199	1956.01524782	1955.86351659	1.21510858013	1958.6642066642537	1954.0453718951358	nan	nan
63216	53	6570.01996183	1956.01338885	1956.00805041	1.01315438624	1957.4053082405453	1954.309671041026	nan	nan
63327	54	6574.44422293	1956.16702059	1956.22051366	0.910817928795	1957.785406953486	1954.8735730769677	nan	nan
63543	57	6585.85611081	1955.85967744	1955.92534586	0.98537446715	1957.235385002916	1954.032479418324	nan	nan
63197	52	6586.78542399	1955.95685254	1955.65505987	0.975707529161	1957.6446577785412	1954.7700515646325	nan	nan
63736	61	6588.08206677	1956.00276809	1956.01110957	1.1279819547	1957.8938299942154	1953.9967621108378	nan	nan
63663	59	6592.68173599	1955.75087201	1955.76664454	0.560180290242	1956.555015356483	1954.845019154039	nan	nan
63384	55	6593.11778498	1955.56835921	1955.40344983	0.853760040858	1957.6115105589618	1954.8176950721609	nan	nan
63675	60	6594.55263686	1955.70880461	1955.98201839	0.867982512225	1957.3852593715037	1954.4805186921365	nan	nan
63606	58	6595.48627782	1955.53129445	1955.64643993	0.83854677554	1956.7396903331992	1954.0098583680733	nan	nan
63499	56	6596.87906098	1955.90636399	1955.777801	0.947109598623	1957.1145824852742	1954.2795866218391	nan	nan
63094	50	6599.92688394	1955.42322675	1955.58279363	1.24943959369	1957.1512920993325	1953.3694317856023	nan	nan
63912	63	6655.65681982	1956.22437543	1956.2489092	1.06212336266	1957.6782640482988	1954.3917557981947	nan	nan
63806	62	6662.11777091	1955.87015529	1955.88540285	0.892121536841	1957.0193534919413	1954.3975433775558	nan	nan
64000	64	6686.29754877	1956.04164741	1956.14430773	0.955037547839	1957.8355883004465	1954.9301809717406	nan	nan
77618	68	9445.43941283	1956.44638563	1956.49484665	0.930434957156	1957.9202384464038	1954.703771382503	nan	nan
77565	67	9447.49742579	1956.84530274	1956.71298026	0.87577191485	1958.1485296795777	1955.2459218677056	nan	nan
77991	71	9457.77827883	1957.56376276	1957.58598786	1.29394429372	1959.490094455552	1954.81758339381	nan	nan
77441	65	9459.90526795	1956.39867004	1956.34618444	1.20135470765	1958.4708699308392	1954.8132015591834	nan	nan
77849	69	9461.0551579	1957.0972212	1956.96217792	0.942779255364	1958.447518556929	1955.6682218748397	nan	nan
77946	70	9461.74531484	1956.9611217	1956.9147482	0.756251415363	1958.700102241235	1955.679258383491	nan	nan
77548	66	9467.4371388	1957.65506711	1957.5881189	1.29998484715	1960.2689243325265	1955.8851408388887	nan	nan
78453	72	9479.09902787	1957.13585723	1957.05052936	1.1220749111	1959.5028947133778	1955.8550173902909	nan	nan
78821	73	9487.87972879	1956.75893616	1956.80675962	0.878345772757	1958.211882181907	1955.614478699986	nan	nan
78958	75	9488.51479983	1957.19222088	1957.37214822	0.738967263035	1958.0690941529763	1956.021706137922	nan	nan
78935	74	9506.30286694	1956.87206268	1956.65916938	1.09687102723	1959.3203695818404	1955.3921451318174	nan	nan
79957	76	9510.77181482	1957.03768806	1957.38889891	1.12023796425	1958.4011030865327	1955.1933301529186	nan	nan
79997	77	9523.47433186	1956.80224997	1956.93257648	0.833411675106	1957.905034372165	1954.8240965094385	nan	nan
80148	78	9546.32006884	1957.04092016	1957.06696404	0.974853497683	1958.4719678015904	1955.3223083192272	nan	nan
80901	79	9563.58100796	1956.85998912	1957.13937334	1.13360838922	1958.3155908797114	1955.2317288917513	nan	nan
95192	90	9798.08128381	1957.04928896	1956.94171096	1.07853933703	1958.510339700604	1955.336658862596	nan	nan
93436	80	9808.11991978	1957.25014519	1957.56109343	0.83789126253	1958.2133218796055	1955.8656193445768	nan	nan
94039	82	9815.88072491	1957.58567039	1957.79089758	0.928131306587	1959.1813350574882	1956.2569734106678	nan	nan
93824	81	9822.47036099	1956.89215589	1957.21220477	0.747739175401	1957.6356473193318	1955.5493249339586	nan	nan
94231	83	9827.01515985	1957.21331766	1957.46921516	1.0103184698	1958.542723377676	1955.4751538867295	nan	nan
94528	84	9839.14078093	1956.71393982	1956.57011257	0.711965958317	1958.0374829334664	1955.841347544889	nan	nan
95297	93	9851.33097982	1956.93093666	1957.03961461	1.26600947198	1958.168380704357	1954.0649575861964	nan	nan
95089	87	9851.39316297	1957.34029793	1957.44780852	0.538575707263	1958.239734323007	1956.2859266245066	nan	nan
95082	86	9854.15789199	1956.93277882	1956.74465833	1.00138621767	1958.7159972388517	1955.425901331745	nan	nan
94906	85	9854.48589587	1956.90186192	1956.62206034	0.710445072695	1958.359038618994	1955.9795046071586	nan	nan
95147	88	9860.18719292	1956.70729204	1956.32272649	1.34192061018	1958.944314657416	1954.7677535882026	nan	nan
95249	91	9867.86461997	1957.10201612	1957.31846615	0.979492530985	1958.3586288723739	1955.3884470077714	nan	nan
95180	89	9876.60492992	1957.15264444	1957.21168971	0.858461600677	1958.331004528253	1955.1626377878201	nan	nan
95258	92	9885.72320986	1956.26212163	1956.52181864	0.811594282935	1957.2173521309312	1954.44362543174	nan	nan
95865	94	9957.29795885	1957.10349432	1957.00678174	0.840488111981	1958.1929595536399	1955.3326797636737	nan	nan
95911	95	9963.07375789	1957.01798402	1956.91867473	1.00511861371	1958.7552861476595	1955.2058618503543	nan	nan
96000	96	9984.09196496	1957.04317718	1956.73076455	0.937795988331	1958.7654421718992	1955.9067852908117	nan	nan
108985	98	12640.5660079	1957.58673648	1957.56403482	0.762909904847	1958.7265927062997	1956.4889908436603	nan	nan
108919	97	12641.6152499	1957.39436547	1957.49417303	0.707108745216	1958.531336864642	1956.4266961412266	nan	nan
109513	99	12652.4477358	1957.88979165	1957.88693698	1.0239497758	1959.6509515438804	1956.480127725466	nan	nan
109822	103	12665.633559	1957.57729527	1957.51357833	1.0246420929	1959.255609119549	1955.645057316093	nan	nan
110127	104	12669.3637898	1957.41943816	1957.19995519	0.762059364526	1958.8080891431714	1956.5249616452886	nan	nan
109610	101	12669.373287	1957.46509974	1957.21269729	1.44199906213	1960.0175196308812	1955.2873389649565	nan	nan
109645	102	12672.7580929	1958.07914114	1957.95012202	0.580860658344	1959.26027617063	1957.2998246833185	nan	nan
109565	100	12676.3947718	1957.46113551	1957.68630723	1.02410011113	1958.631340133598	1955.7361445970905	nan	nan
110257	105	12677.7135489	1957.4566105	1957.43004313	0.956731730559	1959.3630528611172	1955.8297587765244	nan	nan
110291	106	12701.3399408	1957.69188508	1957.49240916	1.40006528027	1959.410131249605	1955.6306378192223	nan	nan
110640	108	12707.6167529	1957.28985511	1956.88129307	0.752151024678	1958.5236045836923	1956.6386615396964	nan	nan
110600	107	12713.7421589	1957.63547724	1957.98397038	1.01506213548	1958.7679669197184	1955.9352868485541	nan	nan
110905	109	12726.1818888	1957.38024076	1957.487594	0.61208355673	1958.0977342826964	1955.9371946705676	nan	nan
112007	111	12785.1721768	1957.73394382	1957.61394665	0.785138190977	1959.0723680133867	1956.7125043542194	nan	nan
111547	110	12787.0256438	1957.57859843	1957.94386296	1.07904315127	1958.6754423531745	1955.1157518080058	nan	nan
123778	112	12981.9186249	1958.14943415	1958.45319211	1.1852855719	1959.9296326756505	1955.8984939893191	nan	nan
124870	114	13058.0653999	1957.58668378	1957.42374222	0.972880091718	1959.3638525079798	1955.9941542652057	nan	nan
124653	113	13061.7885468	1957.67211242	1957.90704765	0.761830588277	1958.6157077828252	1956.0220798943362	nan	nan
125246	115	13069.1389599	1957.61580499	1957.40269387	0.709820711519	1959.1790713267912	1956.7612647865808	nan	nan
125586	116	13071.7329068	1957.92073664	1957.86191002	0.453266416542	1958.5974408846018	1957.3642152848577	nan	nan
126431	118	13104.4653089	1957.64097722	1957.50869736	0.635393541345	1958.6176706792671	1956.460418799897	nan	nan
126750	122	13106.8804178	1957.69658163	1957.58350436	0.831633593335	1958.8469052430805	1955.9330166711675	nan	nan
126030	117	13107.4434969	1957.155513	1957.35846758	1.05666416788	1958.59154765105	1955.219006008644	nan	nan
126525	119	13118.859684	1957.35821275	1957.33880952	0.823448300482	1958.7703906799786	1955.8490989047593	nan	nan
126847	123	13119.114131	1957.14793184	1956.90050931	0.71187443193	1958.2879300819743	1956.025966941352	nan	nan
126587	120	13121.051549	1957.35225453	1957.73457455	1.12373582656	1958.7568883051235	1955.3381437579862	nan	nan
126647	121	13129.7187438	1957.94976754	1957.96621657	0.39129059674	1958.700538370818	1957.2847293552365	nan	nan
127040	124	13154.8659308	1957.21987357	1957.07887465	0.964787842379	1959.0549149371193	1955.8252475889733	nan	nan
127164	125	13175.733351	1957.57244549	1957.49642091	0.779999379127	1959.1426911986932	1956.5215018003785	nan	nan
127904	126	13256.9398048	1957.71506273	1957.8533942	0.708084999447	1958.8472879846531	1956.6814891082793	nan	nan
127926	127	13265.2419698	1957.63119998	1957.29663531	1.26447695442	1960.3948585167946	1956.3008189771765	nan	nan
128000	128	13280.4890079	1957.82892726	1957.93093316	0.761034683531	1958.8476180599946	1956.2169615137752	nan	nan
140375	129	15768.6387129	1958.06704097	1958.40429812	1.34340148876	1960.1236300396677	1955.3283804219132	nan	nan
140474	130	15777.5382459	1957.90908196	1958.16012721	0.722423117604	1958.7991291846615	1956.5397549985787	nan	nan
141010	131	15801.8634298	1957.95416291	1958.0714839	0.925651476247	1959.312150442915	1956.5869691526384	nan	nan
141421	132	15811.2752299	1957.61067042	1957.7570809	0.847319897808	1959.1676046132602	1956.4966746563073	nan	nan
141652	135	15813.125695	1958.69095379	1959.05448002	0.918159122222	1959.7210754260514	1957.326870594825	nan	nan
141736	136	15814.2077198	1958.22240329	1958.32514196	0.554527066676	1958.9310971160542	1957.3346048885892	nan	nan
141614	134	15817.9672849	1958.43404694	1958.26629956	1.10675678393	1960.7725757234402	1957.2263983535602	nan	nan
141577	133	15820.826396	1958.06590314	1958.02710159	1.00501545596	1959.775943296104	1956.4112312189495	nan	nan
141756	137	15842.0323009	1958.28530103	1958.30039188	0.471327648336	1958.8431038502868	1957.3803625748224	nan	nan
142413	139	15849.4919689	1958.09918935	1957.99330739	0.963669516741	1960.1275245522565	1956.7163100853952	nan	nan
142546	140	15857.7503719	1957.91043671	1957.92429739	0.558032557655	1958.6859215226152	1956.990097237531	nan	nan
142367	138	15865.0750058	1957.81539658	1957.67749794	0.518317677359	1958.764965332489	1957.1887158637242	nan	nan
142765	141	15878.3214309	1957.91049212	1957.81080087	1.12446885832	1960.0840562000913	1956.2154174320806	nan	nan
143631	143	15950.7270739	1957.99989606	1958.19940684	0.725955556603	1959.046401756805	1956.8121554032296	nan	nan
143564	142	16092.6716599	1958.63703684	1958.6723481	0.961170283092	1960.8049071592757	1957.108033448466	nan	nan
151605	144	16095.9867158	1958.12870037	1958.28312738	0.906570125975	1959.6326794183578	1956.4978475338798	nan	nan
155730	145	16354.0761449	1958.197903	1957.94305686	1.04560409456	1959.978385330432	1956.3213296171616	nan	nan
156039	146	16371.9655218	1958.27054989	1958.27699701	0.855748840294	1959.3059001452625	1956.6747570695363	nan	nan
156310	148	16372.1104009	1958.22376772	1958.14450158	0.806848252534	1959.3639995310975	1956.7884181630448	nan	nan
156139	147	16372.8725128	1957.84803515	1958.05346591	0.892814620466	1959.2353054666921	1956.5744721746757	nan	nan
157686	149	16415.349232	1957.77720151	1957.83400116	0.807783729558	1959.028343038775	1956.4690099494933	nan	nan
157775	150	16422.1916099	1958.40342604	1958.53645732	0.962810275236	1960.018757937846	1956.6907474424015	nan	nan
158157	152	16426.4370258	1958.44807758	1958.57007492	0.755440185795	1959.418531557867	1957.3658446363277	nan	nan
157791	151	16429.6362219	1957.76867666	1958.0035238	0.883875859217	1959.0501399506913	1956.3112094697274	nan	nan
158183	153	16435.690625	1958.24668672	1957.94739468	1.09921234794	1960.1750674349917	1956.9474929998503	nan	nan
158203	154	16437.8791089	1958.28788846	1958.34081204	1.03032816556	1960.0697792424176	1956.4841155485942	nan	nan
158326	155	16450.337065	1958.34345765	1958.15036521	0.682841259867	1959.4978718559512	1957.5289098923076	nan	nan
158798	156	16492.3393948	1958.32763882	1958.40940556	0.779221605406	1959.1661759112817	1956.6183114155228	nan	nan
159062	157	16522.12482	1957.5521053	1957.24928218	1.40704548967	1960.3055582377665	1955.0883240306787	nan	nan
159920	158	16605.2841358	1958.39377125	1958.5843824	1.34923691226	1960.3299327368297	1956.465198886056	nan	nan
159952	159	16611.016542	1957.32793468	1957.31910098	0.963191591861	1958.840338728744	1955.8309216620682	nan	nan
160000	160	16622.8909829	1958.76917626	1959.10922999	0.913259246175	1960.0770618030904	1957.226545276152	nan	nan
170898	161	18938.178232	1959.01735932	1959.10991863	0.526274079313	1959.7029272044606	1957.8234549974213	nan	nan
171170	162	18947.6669769	1958.41015963	1958.33924717	0.444680253199	1959.2022726877542	1957.8783909854353	nan	nan
172280	163	18965.3584659	1958.25998816	1958.56038511	0.904964508561	1959.118097653315	1956.5066750779665	nan	nan
172773	166	18972.9422209	1958.41851177	1958.48633863	0.812895393821	1959.8368071005507	1957.2627989726077	nan	nan
172744	165	18996.0481458	1958.5860506	1958.71775733	0.969138905899	1959.6338558001003	1956.3257829375584	nan	nan
172660	164	19003.839432	1958.69594908	1958.9435925	0.990000731051	1959.7912319236355	1957.059106802588	nan	nan
172949	167	19004.855891	1958.21811826	1958.18092494	0.881219402913	1960.0051173974011	1957.245101530997	nan	nan
173546	169	19014.3458259	1958.64076234	1958.47478329	0.947350024902	1960.8078870487834	1957.2734852863032	nan	nan
172977	168	19020.9338899	1958.31577583	1958.32911232	0.801685019234	1959.7966398146696	1957.0206722356522	nan	nan
173894	171	19031.0845129	1958.05271992	1957.89832606	0.758537234882	1959.2040021141497	1957.0996794486455	nan	nan
173787	170	19032.5872049	1958.45646971	1958.61322661	1.08068215958	1959.8988628547224	1956.987102885176	nan	nan
174056	172	19049.0461478	1959.14940023	1959.21699311	0.831124378607	1960.2363130810043	1957.6739307418354	nan	nan
174227	173	19065.2572908	1958.52647045	1958.52700576	0.632532078373	1959.3506881872595	1957.4559713019503	nan	nan
174990	174	19154.604605	1958.41236057	1958.44872136	1.09834506067	1961.0951577892654	1957.2101621368379	nan	nan
176145	175	19258.9993279	1958.49389811	1958.5739076	1.13482334612	1959.9621341484758	1956.6991108686227	nan	nan
176456	176	19305.70364	1958.79206949	1959.09315752	0.951041119092	1959.9642068917428	1956.7805948998541	nan	nan
186456	177	19615.9607868	1958.20394462	1957.92187305	0.842604468543	1960.1956096702884	1957.3697167779353	nan	nan
187350	179	19638.424073	1958.26751549	1958.24701722	0.659090295551	1959.4416568486422	1957.1110789167958	nan	nan
187377	180	19638.9804099	1958.8146025	1958.74573218	0.635835419272	1959.8359322124288	1957.8611324933267	nan	nan
187318	178	19645.6136808	1958.69328168	1958.60542429	0.864546723309	1960.0285971017433	1957.1986942457586	nan	nan
189420	183	19681.0809679	1958.21283973	1958.34531687	1.1268140425	1959.98676415009	1956.40523528498	nan	nan
189294	182	19689.9719198	1958.72300415	1958.65762791	0.99301015628	1960.3648476976994	1956.9006094671088	nan	nan
189035	181	19694.4937508	1958.49250781	1958.73608099	1.14279341218	1960.4879000605433	1956.1756060819068	nan	nan
189545	184	19699.5641539	1958.88948316	1958.9030871	0.517060401103	1959.4615933680702	1957.9291395914797	nan	nan
189943	187	19717.0460038	1958.44012933	1958.25207915	0.83280645548	1959.8754416845816	1957.3204476253193	nan	nan
189679	185	19718.9461198	1958.84217197	1958.75738532	1.11580510878	1960.7100786522337	1956.427500711985	nan	nan
189686	186	19718.991164	1958.73344004	1958.67913537	0.650457811652	1959.7674364091781	1957.7074882525094	nan	nan
190684	188	19761.3513548	1959.00432736	1959.08254059	1.18488833829	1960.546362636603	1956.5943434320195	nan	nan
191110	189	19803.7799089	1958.44600532	1958.34306766	0.660579266418	1959.3888502891994	1957.5416497383867	nan	nan
191967	191	19918.7626429	1958.662936	1958.6791364	0.929893186632	1960.672475195341	1957.4010320582595	nan	nan
191905	190	19919.107523	1958.52167346	1958.16676702	0.846087915473	1960.2938231307312	1957.7975602522183	nan	nan
192000	192	19945.6870708	1958.69615376	1958.53848237	0.927321820526	1960.8681415924166	1957.3965590176056	nan	nan
202231	193	22107.5126898	1958.86776891	1958.96439056	0.589717630103	1959.8514425372045	1957.6044258542545	nan	nan
202561	194	22111.1534898	1959.08217097	1958.76777433	1.06766361052	1960.7717953022398	1957.891474410471	nan	nan
203480	195	22155.625809	1959.3883983	1959.78393555	0.779698440092	1960.1750300887013	1958.1168981632384	nan	nan
203622	196	22156.80211	1959.1952851	1959.16878527	0.939912822983	1961.1512393979324	1957.935197019598	nan	nan
204599	197	22176.9073918	1958.98461862	1958.90518851	0.80425744317	1959.9908737386284	1957.5025454810132	nan	nan
204942	199	22184.4979148	1959.18211578	1959.5279816	1.66002624341	1961.4466214271886	1956.5100032919247	nan	nan
204866	198	22192.4466429	1959.12108829	1958.95861518	0.925577312297	1960.8682345481263	1957.8652858373441	nan	nan
205181	200	22195.2382579	1958.53267045	1958.90344907	0.736792652875	1959.353781707542	1957.1571705494366	nan	nan
205925	204	22219.9022188	1958.68038287	1958.82179052	0.980957524927	1959.9358567821282	1956.854680963172	nan	nan
205582	201	22221.5173008	1959.11120674	1959.27701292	0.698205572034	1959.9949111872693	1957.7118323001537	nan	nan
205827	203	22230.336221	1959.04034282	1958.89346929	0.753838025667	1960.2436779101079	1957.8601045268788	nan	nan
205623	202	22231.6614408	1958.97541384	1959.01761934	0.625813515522	1960.0001922571053	1957.926691728876	nan	nan
206209	205	22285.2063179	1959.14806243	1959.14482115	0.677718422592	1960.1947755568528	1957.8529698928126	nan	nan
207114	206	22376.781683	1959.17425083	1959.23489004	0.576093375194	1959.9244554004852	1958.0909644846529	nan	nan
207815	207	22433.8325188	1959.25932205	1959.35576647	0.941105756114	1960.4531351564904	1957.457307241283	nan	nan
208000	208	22519.777823	1958.98499328	1959.18518264	1.13466121654	1960.8286802659677	1956.8734580951395	nan	nan
217558	209	22868.3446398	1959.62742046	1959.55097172	1.11525383273	1961.2798844605366	1958.1906630122844	nan	nan
218643	211	22889.3158398	1958.71487141	1958.89826391	0.676031130277	1959.5494286712812	1957.2511519991222	nan	nan
218935	212	22905.3380759	1958.82512427	1958.86539869	0.966198172569	1960.5146132912416	1956.8510901422896	nan	nan
218635	210	22907.4129219	1959.06914367	1958.8697282	0.801253149509	1960.5262648716262	1958.1401585587337	nan	nan
220353	213	22938.876045	1958.83619376	1958.62831461	1.30953482844	1961.0987679545844	1957.2729603730884	nan	nan
220928	215	22944.3642349	1959.04160855	1959.11932208	0.609178046289	1960.015494211678	1958.2466867515072	nan	nan
220969	216	22944.581599	1959.14350638	1959.19405422	0.825184011221	1960.760427324471	1957.969716349592	nan	nan
220678	214	22954.7064328	1958.90576517	1958.94474281	1.04149452298	1960.5843412435095	1957.2969956825873	nan	nan
221552	219	22966.3982308	1959.03866824	1958.83531644	0.899358447326	1960.138473900284	1957.865927252522	nan	nan
221494	218	22978.7711978	1959.41578616	1959.36186124	0.7411324143	1960.7431707342844	1958.5694310616345	nan	nan
221464	217	22991.4726279	1958.86436457	1959.41952157	1.18602129266	1959.9542502842326	1956.4545300945333	nan	nan
222211	220	23036.6157889	1958.39723287	1958.72349522	1.19102000249	1959.6220123342214	1955.751204985949	nan	nan
222811	221	23089.496784	1959.13981821	1959.19461842	0.919848072322	1960.546101326167	1957.7955832765235	nan	nan
223909	223	23215.8190739	1958.62714886	1958.50082752	1.17181056851	1960.5387419273945	1956.1823428965215	nan	nan
223900	222	23220.9177618	1958.56357283	1958.76557128	0.932155089222	1959.6458090855326	1956.874315774415	nan	nan
224000	224	23247.0124199	1958.78011202	1958.68146846	0.873969856487	1960.7130190907883	1957.7269998331965	nan	nan
233524	225	25302.0796218	1959.13531022	1959.14377249	0.555638164866	1959.9187868614938	1958.248879796761	nan	nan
233569	226	25305.4751699	1959.11089242	1959.35261428	0.934452245939	1960.0918399674151	1957.19836497411	nan	nan
235456	227	25365.6986108	1959.02936252	1959.07553679	0.478670050561	1959.882422881789	1958.130096441895	nan	nan
235549	228	25366.1600578	1959.23677877	1959.58872607	1.06982590319	1960.694458344495	1956.8746085373202	nan	nan
236485	230	25381.6145298	1959.2968655	1959.17565525	0.941252261644	1960.4002089437365	1957.3666940015846	nan	nan
236327	229	25387.731015	1959.8432741	1959.76870529	0.969554280186	1961.8271542532734	1958.4635527145008	nan	nan
236845	231	25401.5390928	1959.33712118	1959.43821185	0.667204628565	1960.1676416477	1958.436256583402	nan	nan
236846	232	25414.03227	1958.8707767	1958.85028183	0.889359798476	1960.7575819765818	1957.453052331992	nan	nan
237414	233	25418.6914058	1959.19200092	1958.98845039	0.543325230018	1959.9142175821582	1958.5121840025006	nan	nan
237636	235	25441.9512749	1958.98531733	1958.93270776	1.30012888013	1960.8983670041675	1957.163953582422	nan	nan
237434	234	25442.789001	1959.14242325	1958.77402296	0.962685392174	1960.98299790584	1958.300952898176	nan	nan
237728	236	25452.650538	1959.51330652	1959.57236889	0.978779243535	1961.5606129532305	1958.0610249228691	nan	nan
238394	237	25504.7878199	1959.02074298	1959.18901036	1.06329624033	1960.8220921741413	1957.333145183252	nan	nan
239710	239	25614.3370688	1959.26744246	1959.17225076	1.08239999698	1960.8402881859017	1957.1230862823218	nan	nan
239375	238	25614.8494668	1959.23808239	1959.09833863	1.05272010286	1961.0111700737548	1957.2837869077166	nan	nan
240000	240	25703.2375369	1959.67252119	1959.50601078	1.04077266676	1961.5024457692305	1958.1536389325133	nan	nan
249271	241	26132.9608328	1959.05575609	1959.05092011	0.636391680002	1960.0069646469137	1957.8422375525606	nan	nan
250095	242	26142.8567619	1959.09749039	1958.85093575	0.611068375668	1960.42310254336	1958.3651429151473	nan	nan
250652	243	26155.1408129	1958.56887142	1958.59122074	0.800414026093	1960.2593150948603	1957.413935928353	nan	nan
250806	244	26162.6106818	1959.04031682	1959.07695879	0.929671444644	1960.5245832945259	1957.4087274908302	nan	nan
251906	245	26187.4807978	1959.42079898	1959.44327986	0.7476899872	1960.5373244204172	1958.173257069146	nan	nan
252054	247	26200.6611528	1958.97659524	1958.96907625	0.464848222546	1959.788780350053	1958.4087772589926	nan	nan
251980	246	26206.8184578	1959.60710166	1959.55590888	0.647983964696	1960.5934361993782	1958.528115649821	nan	nan
252310	248	26208.1197	1959.49266838	1959.49350803	0.788508969804	1960.4182323056377	1958.2423059205223	nan	nan
252590	249	26228.4013908	1958.93151233	1958.96079213	1.05392449351	1960.3164530871802	1956.9846829625405	nan	nan
252872	250	26229.8383539	1959.33790044	1959.31471442	0.666932119758	1960.6903561101926	1958.6303661534532	nan	nan
253125	251	26232.4175329	1959.08388308	1959.10245072	1.18682586711	1960.9148934909163	1956.4129307359715	nan	nan
253913	252	26302.5536399	1959.26027651	1959.09299105	0.668365812361	1960.1679460256128	1958.3899486734795	nan	nan
254648	253	26379.2991278	1959.35944882	1959.06994042	0.84264128588	1961.0007850185507	1958.3397130519422	nan	nan
255913	255	26510.6242838	1959.21622868	1959.39171079	0.866222159529	1960.5239874040585	1957.9970514060087	nan	nan
255887	254	26516.855979	1959.80293675	1959.86670867	0.911142961469	1961.022165394308	1958.6062917394834	nan	nan
256000	256	26542.7754619	1959.31249436	1959.53794439	1.01246954571	1961.1235060958052	1957.9831375505946	nan	nan
264875	258	28482.9220588	1959.53413453	1959.62528406	0.828348457346	1960.9190228728423	1957.8271476296227	nan	nan
264821	257	28488.9809349	1959.62369706	1959.74527439	1.27109583634	1961.518543237388	1957.329164170337	nan	nan
267473	260	28546.166904	1959.73743277	1959.51610739	0.663441785146	1960.6339941590968	1958.8920327201124	nan	nan
267439	259	28559.5066638	1959.81296439	1959.52229269	0.975769002953	1961.304791431442	1958.6926414911998	nan	nan
268010	261	28568.9194019	1959.25773964	1959.40987173	1.24793217111	1961.5258255248953	1957.716235429847	nan	nan
269045	265	28586.4781899	1959.33050802	1959.32277685	1.18554036165	1961.1677779166314	1957.6501168501982	nan	nan
268273	262	28587.827266	1959.11860161	1959.27874352	1.02992511009	1960.510459573398	1957.1171371089154	nan	nan
268535	263	28597.3850708	1959.04620564	1959.05047368	0.463780748196	1959.9833847259085	1958.4569838317866	nan	nan
269040	264	28602.4486828	1960.02367555	1960.43801533	1.27945128762	1961.8062294493677	1957.9771381879425	nan	nan
269654	266	28641.890394	1959.3326481	1959.51445624	0.900447246667	1960.4759714747613	1957.627251142154	nan	nan
269707	267	28647.2061369	1959.6080418	1959.66048751	0.89253315229	1961.163267706333	1958.1753287417164	nan	nan
269891	268	28671.9214218	1959.52127689	1959.18409482	1.15415901942	1961.8809826417391	1958.2756960778456	nan	nan
270592	269	28703.0890248	1959.41096365	1959.2020578	0.979139411261	1961.25989806199	1958.2732376926729	nan	nan
271656	270	28782.6637158	1959.36909415	1959.37603707	0.868124673332	1960.9157433606392	1957.819119563361	nan	nan
271698	271	28851.942802	1959.47352417	1959.85422727	1.06978493523	1960.4474206359505	1957.2526335250996	nan	nan
272000	272	28881.1498389	1959.46336792	1959.48403665	0.930708360241	1961.096416689446	1957.7084611128735	nan	nan
281464	273	29390.6522739	1959.62022481	1959.74272947	0.716690579677	1960.86306569105	1958.4304904866708	nan	nan
281836	274	29405.0322878	1959.15574819	1959.06253314	0.830455335244	1960.3734626276675	1957.8943762684632	nan	nan
282425	275	29421.4363308	1959.39102404	1959.37269216	1.15237308466	1961.0368337620962	1957.8366299274542	nan	nan
282612	276	29436.8262429	1959.55408503	1959.4015548	0.613516482826	1960.5820194055623	1958.8709782021265	nan	nan
283406	277	29473.1362469	1959.39089208	1959.54084194	0.837715521509	1960.4021551922517	1957.7708907265696	nan	nan
283760	278	29476.5373189	1959.89586656	1959.73456812	1.46831202871	1962.3139157382332	1957.0656377770586	nan	nan
283852	279	29483.0234768	1959.4973514	1959.57605466	0.926846012581	1960.7910347798443	1957.9031229858062	nan	nan
283937	280	29488.676142	1959.29017334	1959.33951486	0.803896028306	1960.7838962414512	1957.8609819109533	nan	nan
284420	283	29503.4088449	1959.75541282	1960.2112767	0.955414912236	1960.8358978786537	1958.063858101	nan	nan
284377	281	29508.611203	1959.43767304	1959.51554015	1.25375309272	1961.606344244239	1957.1090047773187	nan	nan
284385	282	29511.4764848	1959.76958758	1959.95097994	0.784223111355	1960.6089936270093	1958.3441973675747	nan	nan
285568	284	29588.90762	1959.29989145	1959.32773739	0.578552524444	1960.0318040020604	1958.4921850689338	nan	nan
286596	285	29697.0348129	1959.77032426	1959.61573672	0.661450975001	1960.9006496959068	1958.9543910168088	nan	nan
287913	287	29822.4027879	1959.81327733	1959.79141157	0.680007422522	1961.0737376209115	1959.1438489286547	nan	nan
287870	286	29825.460928	1959.81257233	1959.86442049	0.75128144535	1961.054265929988	1958.5714784813938	nan	nan
288000	288	29859.6999788	1959.66506099	1959.48908639	0.892671024872	1961.2460123034095	1958.2735023818732	nan	nan
296319	289	31646.3283448	1960.02532268	1960.02752376	0.769176467097	1960.9556410548557	1958.7789143173234	nan	nan
296477	290	31655.7099309	1959.82281515	1959.77545895	0.687587044884	1960.7315099863322	1958.3470630686827	nan	nan
298830	291	31710.3743179	1959.54493707	1959.4102288	1.03314271054	1961.1585256765381	1957.7566098187076	nan	nan
300649	297	31739.8784709	1959.82034691	1959.94565969	0.714364365557	1960.750791859929	1958.4148037611853	nan	nan
299500	292	31746.2677629	1959.53255502	1959.33843733	0.834884620703	1961.080537237291	1958.3852750439098	nan	nan
299688	293	31747.9435818	1959.59719831	1959.51559175	0.741979680907	1961.2964574956395	1958.5615850991906	nan	nan
300237	294	31754.9029758	1960.01545778	1959.58553341	1.08487964382	1962.2753819067523	1958.9912065933006	nan	nan
300324	295	31770.2556648	1959.61433923	1959.50296067	0.935261009864	1961.173464542816	1958.164938011102	nan	nan
300619	296	31774.357353	1959.62247585	1959.73903131	0.446988684728	1960.4029078964888	1958.889087636908	nan	nan
301589	298	31826.6240628	1959.75804795	1959.47402936	1.00403654681	1961.554909965317	1958.505680872396	nan	nan
301791	299	31845.0726988	1959.24095878	1959.22013235	0.961808283962	1961.312057078629	1957.6504018781766	nan	nan
302200	300	31867.8313088	1960.05195469	1960.17593661	0.600368931684	1960.9461543808059	1959.0344923896748	nan	nan
302623	301	31898.5867648	1959.89080403	1959.67262183	0.957849103806	1961.5874128656958	1958.931741949181	nan	nan
303393	302	31919.9067488	1960.04150869	1959.88367056	0.739108035445	1961.3402287119814	1959.2187489463524	nan	nan
304000	304	32040.4844439	1959.20644787	1959.3021734	0.589040286518	1959.9542652941484	1958.4281361651022	nan	nan
303917	303	32058.014781	1960.01941982	1959.91386097	0.845048025026	1961.5851136043038	1958.8232868368723	nan	nan
312689	305	32669.1031108	1960.00861981	1960.04361581	0.80824213769	1960.927203115414	1958.775111552987	nan	nan
313205	306	32674.6323109	1959.91916359	1959.63935641	1.04565691958	1961.5554148827996	1958.4172029607869	nan	nan
313846	307	32705.5431118	1959.96626723	1960.01700691	1.17513443352	1962.1669660983068	1958.3902087189679	nan	nan
314264	308	32719.0248818	1959.6134721	1959.53212666	0.877183302646	1960.909359719496	1957.8729532182601	nan	nan
315496	310	32769.7014978	1960.4491493	1960.48838875	0.555288744597	1961.119998555871	1959.7078507217514	nan	nan
315460	309	32770.696816	1959.36380047	1959.42454794	0.379461053963	1959.8173729487362	1958.5890877560548	nan	nan
315679	311	32778.9961238	1959.17801907	1959.30943257	0.754634786134	1960.2928184137754	1957.495372854728	nan	nan
315836	312	32779.2589378	1959.70457896	1959.63110819	0.910876272508	1961.208347454349	1958.60048746873	nan	nan
316024	313	32793.3535948	1959.96295471	1960.31952107	0.656936345624	1960.6101067384084	1958.9392084839676	nan	nan
316133	315	32802.4879918	1959.82220573	1959.72796186	1.04371540079	1961.6762541731969	1958.5887071825405	nan	nan
316113	314	32806.509882	1959.54894704	1959.64247553	0.9146625661	1960.8354008408844	1958.0166091276353	nan	nan
317182	316	32883.1448109	1959.73526514	1959.49606376	0.67361938104	1960.6760593897604	1958.857245293892	nan	nan
318620	317	33031.0616889	1959.97079114	1960.09066884	0.863431667871	1961.0978623462051	1958.4678556773044	nan	nan
319883	319	33154.0855799	1959.25236297	1959.21118799	0.629149621316	1960.7491833755698	1958.259609479526	nan	nan
319876	318	33166.3802428	1959.45606916	1959.55042852	0.715808262255	1960.4081990648363	1958.455500965045	nan	nan
320000	320	33184.8309088	1959.85298647	1959.84477383	0.724034150918	1961.3492391686589	1958.9069421903785	nan	nan
328196	322	34820.5297558	1960.12046084	1959.97186744	0.84121388761	1961.360165798412	1958.7492153884311	nan	nan
327816	321	34822.801616	1959.51960077	1959.29304477	1.03720778149	1961.4085138660273	1957.9753260837215	nan	nan
330286	323	34883.05969	1960.38650235	1960.2513453	0.684470422635	1961.501263086588	1959.1195199965948	nan	nan
331467	324	34883.1548309	1960.1752706	1959.86988119	0.775943361514	1962.0037861144287	1959.5216964947526	nan	nan
331622	325	34915.961411	1959.93589876	1959.79487962	0.617821505084	1960.8844476463828	1959.2564953395504	nan	nan
331981	327	34923.1178679	1960.25316326	1959.92162736	0.784119016088	1961.8079635551312	1959.406331267441	nan	nan
331720	326	34931.1274848	1960.06704154	1960.47893637	1.20424640654	1961.5847809725706	1957.8269670399563	nan	nan
332271	328	34939.4531598	1959.78651139	1959.68593982	0.348918658301	1960.5625736097847	1959.459758592456	nan	nan
332449	329	34963.0923648	1960.39401128	1960.61808926	1.25746558053	1962.383547931977	1958.2927621153722	nan	nan
333690	330	35024.499481	1960.12859693	1960.08412915	0.837530394159	1961.5114402060938	1958.8157314507669	nan	nan
334107	331	35025.550051	1959.99471478	1960.11656967	0.727579052038	1960.8968318451753	1958.4112302934761	nan	nan
334498	332	35047.3735068	1960.15463113	1960.27934098	0.8884914833	1961.5420697924878	1958.9144729475734	nan	nan
334907	333	35078.9557519	1959.81739812	1959.46337527	0.793283415188	1961.0107495159502	1958.9377013379274	nan	nan
335093	334	35091.5977929	1959.98477237	1959.98686467	1.21865384725	1962.1255438754458	1958.447005888617	nan	nan
335966	335	35204.1797578	1959.85628103	1959.97597588	1.05617978259	1961.3349692681668	1957.8471871103948	nan	nan
336000	336	35256.2956498	1959.75065588	1959.63160281	0.762520438706	1960.9818996650572	1958.8516445450373	nan	nan
344580	338	35936.3704698	1959.79863443	1959.84403888	0.625267393328	1960.7958750862892	1958.4577368383145	nan	nan
344376	337	35940.9861798	1960.01255363	1960.11228439	0.841232606103	1960.8844922216438	1958.6204182088534	nan	nan
345891	340	35955.0861008	1960.50972936	1960.27121415	0.921183979868	1962.3495710046436	1959.3500319759462	nan	nan
345512	339	35967.3354418	1959.78522136	1959.82721204	0.488889633195	1960.8826101049883	1959.1421266948269	nan	nan
347464	342	36040.1356888	1960.20462954	1960.12229873	1.20840103204	1962.030349908695	1958.103448436327	nan	nan
347396	341	36047.3250499	1960.1803136	1960.27606164	0.8044023091	1961.3332371473007	1958.788922323824	nan	nan
347662	344	36050.0180938	1960.16870777	1960.16398031	0.497225318438	1961.0961087260125	1959.4246453596663	nan	nan
347581	343	36053.6546919	1960.4242597	1960.15097374	0.848360176273	1962.2742937081346	1959.590683989156	nan	nan
347833	345	36065.499121	1959.78376893	1959.90936658	0.913901633282	1961.0841714222247	1958.2202835228925	nan	nan
348007	347	36077.274184	1960.43983386	1960.24241105	0.950781800209	1961.5007310625456	1958.8285419028616	nan	nan
347975	346	36085.1542528	1959.92308673	1959.85963424	0.893465875119	1961.8836409317119	1958.8429067429151	nan	nan
348746	348	36152.3260739	1960.19825829	1960.09092529	0.925069102756	1961.8599023602474	1958.9892602269786	nan	nan
350651	349	36331.38904	1960.28836069	1960.06099398	0.7193791278	1961.599673497755	1959.413566050658	nan	nan
351862	350	36483.9342878	1960.2319899	1960.1936238	0.462633567299	1961.1058752877511	1959.6421228869792	nan	nan
351937	351	36484.2289069	1959.42335587	1959.26873291	0.981681238092	1961.5212389947405	1958.302584891622	nan	nan
352000	352	36505.3431869	1960.19032916	1960.32981569	0.755942473704	1961.6540003345915	1958.893257072713	nan	nan
360000	354	37961.9985628	1959.7559594	1959.46191177	1.1008401987	1961.4384036089452	1958.5523687435393	nan	nan
359978	353	37962.3899069	1959.85351674	1959.80251241	0.865410331799	1961.810309805629	1958.7710301065993	nan	nan
362133	355	37987.459533	1960.29471977	1960.37228498	0.892963240783	1961.4657952491339	1958.4914209299802	nan	nan
362261	356	38020.508122	1959.97843798	1960.15069547	1.20793284873	1961.9998289383116	1957.8508993638477	nan	nan
363540	358	38045.5665169	1960.32657226	1960.3961248	0.954912735425	1961.7703050448292	1958.5318668605512	nan	nan
363284	357	38063.5361528	1960.68576224	1960.93420986	1.08741325195	1962.6253544514511	1958.7572996000733	nan	nan
363812	359	38071.063432	1960.50146702	1960.44709842	0.538169264075	1961.709004702836	1959.8279869050104	nan	nan
364032	360	38079.6801789	1960.56076536	1960.41032225	0.621000891154	1961.4675658135939	1959.786280225257	nan	nan
366084	362	38168.8167949	1960.40630811	1960.20510261	0.702769031609	1961.4717775766592	1959.1472681708494	nan	nan
366188	363	38174.6706328	1959.99633666	1959.81064935	1.18945298032	1962.4291229477187	1958.1522843179873	nan	nan
366528	364	38204.766598	1960.30933022	1960.43061358	0.633272131035	1961.0387261908202	1959.0447129021682	nan	nan
366943	365	38212.352386	1960.02600714	1960.04530749	0.870181984414	1961.2901147532689	1958.8716850855772	nan	nan
367064	366	38213.8867719	1959.98490452	1960.15781033	1.05983029674	1961.1210147312697	1957.494614885517	nan	nan
364551	361	38271.727047	1959.60186465	1959.72198685	0.700430326876	1960.9574883011717	1958.5812419017425	nan	nan
367821	367	38311.5878119	1959.71688022	1959.70342263	1.59954133754	1961.922709302105	1957.685460529722	nan	nan
368000	368	38415.0979798	1959.36947923	1959.29664498	0.927291137689	1960.9647566444867	1957.8910039328255	nan	nan
376256	369	39266.6723039	1959.8604244	1960.18845028	0.947541937524	1961.1398721470755	1958.205902883163	nan	nan
376461	370	39283.2633798	1960.54439173	1960.55234679	1.13372774109	1962.5986175158948	1958.2515917203073	nan	nan
377258	372	39294.3019979	1959.99087933	1960.03395307	0.725101700571	1961.5536776460456	1958.7816515463824	nan	nan
376911	371	39297.3897169	1960.27115108	1960.33413558	1.02298145633	1961.7053094019825	1958.5005633803528	nan	nan
379461	374	39382.222199	1960.30123856	1960.06371953	0.797182114555	1961.6021385562267	1959.3747259860454	nan	nan
379596	376	39392.360312	1960.50458756	1960.50710434	0.852017493789	1961.9119324710466	1959.2638409674198	nan	nan
379254	373	39402.5587049	1960.09716878	1960.0249898	0.573838498245	1960.9843492270772	1958.876846085821	nan	nan
379536	375	39403.055656	1960.34053381	1960.49104469	0.856750634403	1961.2312379429789	1958.6946823375113	nan	nan
379751	377	39407.1610148	1959.93683217	1959.87226904	1.05245476908	1961.299205843225	1958.054901012636	nan	nan
379911	378	39413.7125819	1960.21087528	1959.99067712	0.808598116131	1961.4798780828569	1959.1421756690477	nan	nan
379994	379	39440.5944388	1960.32509098	1960.2045368	0.629104164517	1961.5634953625804	1959.3254101997913	nan	nan
380413	380	39504.1016669	1960.32632217	1960.22723858	1.55440134748	1962.1069451704602	1957.7608816164588	nan	nan
382459	381	39711.188483	1960.1582281	1960.19466777	0.874778636432	1962.09858341316	1958.836008690089	nan	nan
383936	383	39866.4637489	1960.41853401	1960.4129271	0.991905793216	1961.7580707972613	1958.593005789198	nan	nan
383933	382	39876.6700609	1960.30345295	1960.20376714	0.787219101326	1961.6387641245008	1959.043569524478	nan	nan
384000	384	39898.0903389	1960.4009575	1960.06121503	1.20805614498	1962.1645231346724	1958.373663292846	nan	nan
391308	386	41053.04898	1959.91306219	1959.89696905	0.716344997122	1961.1285157875566	1958.9688490580124	nan	nan
392173	387	41058.669292	1959.94374164	1959.99673752	0.827269267561	1961.2056496076698	1958.3589781027295	nan	nan
391147	385	41060.56583	1960.48637228	1960.56505393	0.624577166399	1961.5186209890962	1959.6249138930775	nan	nan
393419	388	41114.4365509	1960.06253947	1960.05169842	0.649808364465	1961.1128464859833	1958.9748301042898	nan	nan
394296	389	41123.6405809	1959.82426378	1960.11305329	1.12309417614	1961.055714769152	1957.7013515444357	nan	nan
394918	390	41156.1570969	1960.56811712	1960.62778364	0.633763242136	1961.3776417315948	1959.8058957369203	nan	nan
395473	392	41169.5638478	1960.49159116	1960.3240857	0.731514201845	1961.8956823742858	1959.4671617755716	nan	nan
395241	391	41173.1592109	1959.82001263	1959.71470079	1.13714533912	1961.8564594945667	1958.3897647762071	nan	nan
397684	393	41272.4705989	1960.25124093	1960.0389413	0.942796629878	1961.6894551979753	1959.2028846477301	nan	nan
398646	396	41288.4542499	1960.26633673	1960.39580499	0.574511823403	1960.9967530584265	1959.2414465543475	nan	nan
397984	394	41294.375	1960.70852117	1960.71102988	0.947643316654	1962.3361852023156	1959.5692099020143	nan	nan
398675	397	41332.1259809	1960.3549849	1960.3176997	0.705531144135	1962.0252756585217	1959.5089694034941	nan	nan
398573	395	41332.924721	1960.29401408	1960.17656956	0.581865906388	1961.5571543140086	1959.5372712291983	nan	nan
399626	399	41406.7357609	1960.16676048	1960.03299711	0.498277174589	1960.8844540964672	1959.509368195563	nan	nan
400000	400	41556.0705929	1960.02840486	1959.87515582	0.758958704037	1961.4209540161032	1959.1103040251094	nan	nan
399525	398	41609.3343639	1959.8838889	1960.09091367	1.20431027419	1962.3004808396713	1958.3729266830676	nan	nan
408569	403	42606.4701178	1959.83394982	1960.14829803	0.651917204538	1960.5902491888585	1958.7439374405485	nan	nan
407923	401	42613.7319329	1960.36233554	1960.53688363	1.04929023965	1962.001678036353	1958.0179878635224	nan	nan
408419	402	42617.4912968	1960.15619373	1960.25078835	1.15923877002	1962.1432312940233	1957.9992556507225	nan	nan
408822	404	42659.4215479	1960.32712177	1960.35279125	0.634902796568	1961.103870626813	1959.2191168864172	nan	nan
411085	405	42737.196275	1960.29696383	1960.15617121	0.855119041311	1962.4757962466222	1959.3770132027817	nan	nan
411348	406	42746.4572978	1960.40259335	1960.70768205	0.685455165454	1961.160293340341	1959.5123762592307	nan	nan
411645	410	42755.4948099	1960.62679957	1960.71465249	0.816375360653	1961.765360118162	1959.3083825031806	nan	nan
411535	408	42760.6750579	1959.97416057	1960.02685371	0.714290711923	1961.2061652191583	1958.8162971406773	nan	nan
411514	407	42769.7031188	1960.60183529	1960.78642361	0.771561222297	1961.410735323078	1959.0538779167875	nan	nan
411582	409	42773.3504019	1960.71953481	1961.01867935	1.142999041	1962.1805500212045	1958.6954914816995	nan	nan
411929	411	42791.920198	1960.64874034	1961.072383	1.29636195992	1961.7596851767426	1957.8434824101205	nan	nan
412316	412	42861.4246578	1960.01218337	1960.02376179	0.879099580248	1961.2376711364554	1958.5992120644848	nan	nan
414385	413	43091.6286199	1960.23543655	1960.07584855	0.73237305685	1961.6250718889207	1959.1298649939115	nan	nan
415937	415	43254.7230959	1960.12468457	1960.14668868	0.650128222729	1961.0046841259887	1959.0030506879693	nan	nan
415890	414	43261.6694798	1960.13955603	1959.84721458	1.32510908755	1963.0209405652172	1958.3941373970758	nan	nan
416000	416	43291.6911769	1960.21093562	1960.26851952	0.787534414705	1961.7002200863035	1959.1594208971044	nan	nan
422993	417	44139.3227849	1960.74972932	1960.75400491	0.917019569338	1962.383138729535	1959.3757274597392	nan	nan
423125	418	44139.8064208	1960.42227194	1960.13401618	1.09979794683	1962.8193023965619	1959.2072907856302	nan	nan
423174	419	44161.2542999	1960.28417579	1960.02128421	0.685965867711	1961.190911582839	1959.372513338997	nan	nan
425506	421	44199.8213098	1960.41878233	1960.48186394	0.927710294246	1961.803934440851	1958.5135866358269	nan	nan
425097	420	44211.6119599	1960.80599637	1960.86377173	0.80326419763	1962.0560484804193	1959.842184103732	nan	nan
426501	422	44256.7938979	1960.57101557	1960.49955169	1.07106938597	1962.3192431186321	1959.2543688851824	nan	nan
426925	424	44275.1478879	1960.77555958	1960.79363213	0.966018767274	1962.2655442771704	1959.4785954197525	nan	nan
426903	423	44286.757165	1960.38059324	1960.36667784	0.963831994655	1962.4267224987257	1958.9973310505443	nan	nan
429291	426	44368.840827	1960.23969207	1960.27721568	1.13417934214	1961.9028436131853	1958.2821824233513	nan	nan
428989	425	44380.190702	1960.33576237	1960.46117321	1.04102515265	1961.8452962757838	1958.2830286016695	nan	nan
429471	427	44403.6397669	1960.58018725	1960.59506445	0.962455136719	1962.2785590929898	1959.5131969725323	nan	nan
430022	428	44458.6572099	1960.85405361	1960.81802671	0.686228758805	1962.0617309614897	1959.9871244499125	nan	nan
430051	429	44466.073071	1960.18708944	1960.11572274	1.02812365178	1962.2980555732345	1958.6110659458195	nan	nan
430758	430	44502.3571398	1960.91162573	1960.89482543	0.526908427771	1961.6793109230346	1960.1826498083196	nan	nan
431767	431	44694.8670058	1960.60107745	1960.62253887	0.790693130722	1962.111333987104	1959.2679252768771	nan	nan
432000	432	44945.9478049	1960.41522954	1960.35309229	0.904142823131	1962.1537139444997	1958.7623015667918	nan	nan
439262	433	45910.6241829	1960.37468988	1959.91742992	1.21018036384	1962.827517906099	1959.211416109603	nan	nan
439750	435	45948.8971949	1960.4270635	1960.24867168	0.691558354065	1962.110789511834	1959.7461191255154	nan	nan
439572	434	45949.3102949	1960.54279558	1960.62074575	0.546982585517	1961.3388617814915	1959.580549250422	nan	nan
440983	436	46001.6571629	1960.77638049	1960.98019752	1.13925261143	1962.026848147023	1958.7690605721352	nan	nan
443031	437	46066.8749239	1960.47870987	1960.64472167	0.836849298421	1961.177283644403	1958.2217290422623	nan	nan
443353	439	46074.8073699	1960.20383306	1960.33348517	0.860497283473	1961.128388266776	1958.0733256320727	nan	nan
443280	438	46093.7119279	1960.71075399	1960.82692977	0.787469208964	1961.8219875426362	1959.2020359406872	nan	nan
443442	440	46107.3273358	1960.6157642	1960.85223934	1.44293041146	1963.2441004565574	1958.6543989908264	nan	nan
443621	441	46114.6800609	1960.0813311	1960.24486517	0.711821590048	1961.0994393260949	1958.4759564472636	nan	nan
443646	442	46129.0400138	1961.04097874	1961.11859308	0.977595788717	1962.2131493374804	1959.1514793787933	nan	nan
443834	443	46151.6761968	1960.04539055	1960.21531497	0.835770410681	1960.9726678419552	1958.338393205126	nan	nan
444258	444	46212.3486438	1960.38454087	1960.50869991	1.00824284993	1961.5749502768747	1958.444814635422	nan	nan
446275	445	46475.6429029	1960.37730793	1960.19816047	0.959338585714	1961.9297330394409	1959.3847257713508	nan	nan
447841	446	46635.1105139	1960.84679982	1960.75494534	1.05466574455	1962.8927802643962	1959.151913992698	nan	nan
447910	447	46649.6118908	1960.51307679	1960.54499531	1.05063334794	1962.1580193225232	1958.6958911251797	nan	nan
448000	448	46662.8149729	1960.63218319	1960.86110969	0.867492036945	1961.5578775785002	1958.6117744016403	nan	nan
454515	450	47226.3358788	1960.57573267	1960.79789422	0.887929620444	1961.542255928573	1959.2740793935611	nan	nan
454474	449	47256.0403059	1960.68079835	1960.57951885	0.788986989951	1962.2502309349816	1959.7771581281966	nan	nan
455281	451	47269.4345109	1960.70405725	1960.70903509	0.726730343669	1962.1306813736653	1959.3770336181497	nan	nan
456517	452	47295.0009358	1960.38255121	1960.36885267	0.653696645254	1961.667778920153	1959.45814295752	nan	nan
456854	453	47318.6908939	1960.90058228	1960.78008078	1.03753691716	1962.7334993928894	1959.309450880864	nan	nan
458229	454	47363.0915408	1960.70412044	1960.56613302	0.81291547921	1962.5400285031378	1959.8853873309388	nan	nan
458813	455	47390.9100609	1960.61429999	1960.49961426	1.06828820601	1962.1274713096968	1958.869862640359	nan	nan
459020	456	47396.0661168	1960.25997642	1960.78584198	1.17096553289	1961.6821732831095	1957.542754485589	nan	nan
460727	457	47457.0395198	1960.50012881	1960.53386744	0.7518804447	1961.5281625825085	1959.0079261385613	nan	nan
460921	458	47490.591393	1960.89478831	1961.01057586	0.797553758974	1962.3471136693597	1959.9249239415658	nan	nan
461259	459	47526.9585259	1960.68206472	1960.72937218	1.0343065624	1961.7819227271418	1958.5271097348755	nan	nan
461994	460	47571.299979	1960.41240487	1960.32260868	0.79608746747	1961.8075146247159	1959.41840727062	nan	nan
462335	462	47579.1382418	1960.59243356	1960.52104812	0.921559972562	1962.3831513566347	1959.409613258857	nan	nan
462075	461	47591.063432	1960.73061656	1960.78649474	1.22167307801	1962.7702372042759	1959.173893548993	nan	nan
463111	463	47824.21278	1960.36363905	1960.40058001	1.01893851627	1962.3787818566495	1959.1453449118465	nan	nan
464000	464	48303.7978868	1960.37762159	1960.33301107	1.00459243452	1962.429318344266	1958.669805661439	nan	nan
469996	465	49230.4665828	1960.22142951	1959.7804065	1.10349262993	1962.5316316044537	1958.9405142509977	nan	nan
471319	466	49279.0603018	1960.93432835	1960.94929378	0.737214896359	1962.0858616314413	1959.324544745321	nan	nan
471420	467	49298.020535	1960.77066685	1960.90861352	0.907537149956	1962.0355336259374	1958.894727846285	nan	nan
473008	468	49365.158654	1960.55783322	1960.70796385	0.870703762495	1961.56498990022	1958.6281839007952	nan	nan
474641	469	49410.1957459	1960.6055446	1960.73303493	0.741075781943	1961.780372382576	1959.1550060858383	nan	nan
474850	470	49412.6606059	1960.61004383	1960.67406392	0.628906946934	1961.5006216438808	1959.4873977278985	nan	nan
475175	471	49452.272558	1960.51846334	1960.22851937	0.837885058866	1961.8820184816063	1959.4420659731145	nan	nan
475409	472	49452.9159689	1960.74736133	1960.76511693	0.677478689031	1961.8729571887543	1959.507510886189	nan	nan
475515	473	49470.496912	1960.64887033	1960.37681488	1.13817586994	1962.7726488826595	1959.2040423157068	nan	nan
475685	474	49472.6524448	1960.36947055	1960.25137854	0.918298613401	1962.31558224241	1958.9346782724347	nan	nan
475796	475	49507.525296	1960.23335479	1960.19403451	0.850661542815	1961.463803329806	1958.6781522826714	nan	nan
476155	476	49581.480521	1960.76943193	1961.00375041	0.857099815912	1961.665552744208	1959.106708519382	nan	nan
478299	477	49842.6144309	1960.13057936	1960.23627267	0.990799553615	1961.3801579232588	1958.7692913989963	nan	nan
479857	478	49995.8865139	1960.80756041	1960.80069652	0.706158537081	1962.327732964033	1959.9725675429506	nan	nan
479964	479	50002.302073	1960.91951516	1961.17592204	0.93033027575	1962.5352702415248	1959.807135444696	nan	nan
480000	480	50037.9905388	1960.60209613	1960.88248859	1.33753433632	1963.0368323787388	1958.6142192136185	nan	nan
485738	481	50321.675597	1960.66470057	1960.77387456	0.781645687661	1961.9924858459065	1959.664356467067	nan	nan
486740	482	50369.8887179	1960.312606	1960.3016953	1.00931878036	1962.1192583850168	1958.5717101769778	nan	nan
487197	483	50391.731977	1961.04137151	1961.03943497	1.19407750719	1962.8340367229916	1959.015473129509	nan	nan
487924	484	50397.7771759	1961.12458562	1960.69829045	1.08467647809	1963.0543223628172	1959.9116052025804	nan	nan
488750	485	50437.716002	1960.64526833	1960.50745484	0.941199400015	1962.415934997768	1959.2034366338862	nan	nan
490149	486	50485.776897	1960.93841586	1960.96691059	0.725436388675	1962.037535773177	1959.6517226263902	nan	nan
490951	487	50521.0879359	1960.88359529	1960.77692615	0.734577380802	1961.9837200901436	1959.7142685303124	nan	nan
491089	488	50528.1790919	1960.48386464	1960.50137093	1.0548797636	1962.2737727465956	1958.1930625388677	nan	nan
492328	489	50565.1054299	1960.71611869	1960.79494193	0.907377015293	1962.1233589646934	1959.4225305703933	nan	nan
492957	490	50616.0122039	1960.98308374	1961.07333784	1.11849532259	1962.8387095650007	1959.2953526806043	nan	nan
493491	491	50664.9431489	1961.0258476	1960.92210082	0.619754438244	1961.9199741263456	1960.2062902558248	nan	nan
494085	493	50684.5442839	1960.86500507	1961.01858842	0.749336877493	1961.8274826367578	1959.4454394266816	nan	nan
494010	492	50705.0334718	1960.92821701	1960.80663803	0.92210520108	1962.5014479471802	1959.7375620394132	nan	nan
494176	494	50730.4870799	1960.66060158	1960.76485469	0.616746385428	1961.6128626881527	1959.4863598024249	nan	nan
495000	495	50981.267741	1960.48973314	1960.51977864	0.962524977026	1962.4412526056667	1958.9915358429182	nan	nan
496000	496	51638.5489869	1960.95621116	1960.85639828	0.553904659973	1961.9328055460592	1960.2726696967893	nan	nan
501121	497	52554.8990719	1960.62059757	1960.63056991	0.708709922316	1961.873571555725	1959.5591443270894	nan	nan
502705	498	52586.348861	1960.72528823	1961.25372495	1.20551925288	1962.2439665347686	1958.4170663445825	nan	nan
503291	499	52626.6204638	1960.48927958	1960.51614378	1.03911560614	1962.4155025188402	1958.984701701798	nan	nan
505267	500	52677.3719289	1961.02068014	1961.14353326	1.25496290921	1962.6936044218714	1958.7998900421887	nan	nan
506479	502	52717.5794189	1960.81265616	1960.91538444	0.934516155206	1962.3410283999006	1959.526840459882	nan	nan
506399	501	52726.5776029	1961.24535582	1961.41714158	0.671674269888	1962.0734153081348	1960.1322501814454	nan	nan
507294	503	52761.3364458	1960.95990616	1961.11122681	0.956847177637	1962.2408886577537	1958.9466212191785	nan	nan
507300	504	52777.158592	1960.57435898	1960.70972412	0.897857125248	1961.641137973003	1959.0984438781372	nan	nan
507474	505	52790.5308409	1960.61191436	1960.6501488	0.452184897132	1961.2285305750006	1959.9364236159252	nan	nan
507513	506	52792.4589839	1960.47065769	1960.3485875	0.702799743553	1961.4632476385502	1959.4626972038548	nan	nan
507759	507	52833.2823899	1960.30276734	1960.09902101	0.642848020744	1961.1447536631233	1959.384540659696	nan	nan
508139	508	52901.3259289	1960.42771104	1960.00736288	1.1309450811	1962.5361731520632	1959.105118131538	nan	nan
510333	509	53182.0990958	1961.30565611	1961.48598211	1.01394118007	1962.4500492892798	1959.7353122024656	nan	nan
511843	510	53357.6985328	1960.69496216	1960.76099502	0.906733880915	1962.0471088684574	1959.2507141901285	nan	nan
511871	511	53359.5015249	1960.67301592	1960.42596705	0.712669160022	1962.2255621245479	1959.9346452967	nan	nan
517066	513	53399.842135	1961.06971773	1960.9675644	0.863442477552	1962.8024598314432	1959.7248339496973	nan	nan
512081	512	53419.1912768	1960.42379752	1960.64503807	1.07624580108	1961.7248629095989	1958.607235662036	nan	nan
518604	514	53476.0004928	1961.06998971	1961.16722412	0.871731626113	1962.20289984887	1959.4930370132413	nan	nan
519439	516	53490.5640659	1960.73051316	1960.72304885	1.09758819615	1963.168677279258	1959.4269470399352	nan	nan
519273	515	53492.5053828	1960.94036475	1961.04672361	0.994776822058	1962.0528571978352	1958.8637108268476	nan	nan
520575	517	53509.0163579	1961.15505984	1961.02766157	0.895890886517	1962.5422380141276	1959.7821125175453	nan	nan
522153	518	53599.4801049	1960.77862558	1960.9568867	1.11735639391	1962.4341548543914	1958.5554151922356	nan	nan
523280	520	53635.207938	1960.61509145	1960.51097624	0.925045684775	1962.0971943291206	1959.3371153645037	nan	nan
523053	519	53635.2774179	1960.92777236	1961.09143923	0.619319271342	1961.6754722086087	1959.7530976791381	nan	nan
523952	521	53655.280895	1960.72488211	1960.71683737	0.741791228166	1961.6980665763535	1959.7617344301975	nan	nan
524885	522	53719.6136279	1960.76700967	1961.01236864	0.65880851352	1961.5012632703833	1959.3847316497702	nan	nan
525762	524	53766.0459819	1960.51969738	1960.51081954	1.29403430489	1962.381266785883	1958.4739853298202	nan	nan
525539	523	53768.5680418	1960.95848378	1961.26161529	1.08270890991	1962.361752653028	1958.9997960455507	nan	nan
525952	525	53817.0099139	1961.05482607	1961.27822537	0.571063734528	1961.730326725919	1959.9869760968631	nan	nan
526128	526	53856.5392029	1960.96260038	1960.79072917	0.974526776336	1963.4308699051608	1959.966207915187	nan	nan
527000	527	54118.2050798	1961.21135788	1960.7538774	1.08589699348	1963.4475733990594	1960.0900225563819	nan	nan
528000	528	54993.098017	1960.62495176	1961.06618257	1.09897421255	1961.9309583801914	1958.7485229172642	nan	nan
533269	529	55860.0141289	1960.9044007	1960.90630201	0.805006646167	1962.073175119646	1959.703718461376	nan	nan
534461	530	55916.4071758	1960.69238926	1960.61842984	0.664102300886	1961.9616780228662	1959.8429943388833	nan	nan
535687	531	55988.6406169	1960.79805693	1960.79345891	0.770814124446	1962.1543692291134	1959.337428491523	nan	nan
537108	532	56028.4706159	1961.17238934	1961.26441483	0.961593454382	1962.6077902239995	1959.4373876463258	nan	nan
538396	534	56063.7496948	1960.94247788	1960.83883032	0.745560673138	1962.5682897763706	1960.026096592651	nan	nan
538187	533	56067.0187399	1960.69385396	1960.89114765	0.621105060351	1961.527413154507	1959.638475314976	nan	nan
539050	535	56093.9938169	1961.26798135	1961.22289461	0.752555171138	1962.334504387152	1959.829532268244	nan	nan
539320	536	56124.81863	1960.75927744	1960.64166784	0.573673855344	1961.593817106337	1959.975962405361	nan	nan
539514	538	56132.4533069	1961.08199527	1961.20257362	0.917928915291	1962.5767450055546	1959.5250089513445	nan	nan
539498	537	56141.7102518	1960.38850566	1960.39619492	0.813945936532	1961.4958229893048	1959.3651858876397	nan	nan
539775	539	56191.7110469	1961.30946825	1961.18080062	0.729702238004	1962.3080430869331	1960.306409405255	nan	nan
540097	540	56263.4980738	1960.80013235	1960.69578884	1.4712924375	1962.591824110334	1958.1835506197551	nan	nan
548283	544	56477.6270339	1960.98148694	1961.35653596	0.841961708205	1961.8160135058529	1959.1938755609144	nan	nan
551254	547	56571.5190089	1960.7877695	1960.77003126	0.485148733167	1961.646374666263	1959.8492734704123	nan	nan
542531	541	56572.4695909	1961.03937043	1961.07015739	0.586973935819	1962.2206605267265	1959.947565889192	nan	nan
550730	546	56577.008621	1961.24608968	1961.20505893	1.09472401082	1963.1063630107603	1959.56881495331	nan	nan
551682	549	56584.8939629	1960.71762816	1960.42889307	0.789900340021	1961.9666440453311	1959.7919626042344	nan	nan
551394	548	56592.6263628	1960.97822968	1961.17577144	0.584311500378	1961.6843547196693	1959.8765941529502	nan	nan
554288	550	56701.6583149	1961.06876971	1960.85166925	0.803434817867	1962.30950209537	1960.061302656019	nan	nan
547818	543	56724.6362069	1961.11980433	1961.23193137	0.995546276429	1962.5216888044051	1958.7921808445076	nan	nan
555706	553	56730.6235328	1961.56843006	1961.33348125	1.31919181839	1964.1144684506971	1959.1739021692474	nan	nan
555291	551	56744.506372	1960.99441403	1961.08089827	1.01547979982	1962.8469887488936	1959.613488038712	nan	nan
547723	542	56744.708699	1961.04507175	1961.55653115	0.91246447034	1961.762216820689	1959.3529818445938	nan	nan
555336	552	56751.4761329	1960.7712717	1960.81270016	0.849651518787	1962.066772468726	1959.5272162233607	nan	nan
549820	545	56818.0776188	1961.24345008	1961.22772427	1.37598068743	1962.9973317396855	1958.6306680479177	nan	nan
556842	554	56826.6935539	1960.92404754	1961.24880015	0.868159239491	1961.8881529511443	1959.695495416107	nan	nan
557465	555	56840.1390259	1960.68399737	1960.90641071	0.71194815422	1961.505669165722	1959.617864561837	nan	nan
557514	556	56881.647867	1961.5335531	1961.63702398	0.620514042272	1962.2469710924602	1960.5123813855748	nan	nan
557857	557	56938.467407	1960.27722629	1960.12895519	0.85199942117	1961.413554173126	1958.988527562926	nan	nan
558095	558	56975.2071929	1960.7852689	1960.78875247	0.785190669925	1961.8310598663904	1958.962578023383	nan	nan
559000	559	57248.316046	1961.0457499	1961.34996268	1.06626067348	1962.6720791268765	1959.4764403212812	nan	nan
560000	560	58347.488519	1960.61418638	1960.67050777	0.517223960338	1961.3903612000524	1959.7558156339742	nan	nan
564129	561	59207.4216678	1960.46583574	1960.42620936	1.07649054307	1962.384272689918	1958.59550040134	nan	nan
565836	562	59267.6752348	1961.38570229	1961.43815059	0.620883836644	1962.3858828380585	1960.3374209812246	nan	nan
568030	563	59353.6239409	1960.70212632	1960.91542204	1.08029818729	1962.206330659365	1958.7842002536681	nan	nan
569138	564	59391.5175059	1961.19941687	1961.14180413	1.00781643942	1962.569401777818	1959.397939859022	nan	nan
570214	566	59403.714314	1961.22027594	1961.09336286	0.898833654107	1962.4491938336882	1959.931051404396	nan	nan
570124	565	59431.4887838	1961.55696267	1961.87127879	0.931270777103	1962.6811108008446	1959.9677686427524	nan	nan
570765	567	59459.4120929	1960.75570902	1960.90806941	0.928095554135	1961.8669304152183	1959.164363985808	nan	nan
571328	569	59486.8713739	1961.20638499	1960.97604067	0.827446574926	1963.2561693978412	1960.3687565958387	nan	nan
571307	568	59489.5187459	1960.82810804	1960.74753036	0.848131519786	1961.8879173997168	1959.8476693004795	nan	nan
571459	570	59517.6313159	1960.23845884	1960.4098025	0.722079078176	1961.0870204247394	1959.1178875509395	nan	nan
576826	573	59540.1159389	1961.01632475	1960.90815182	0.759007330784	1962.2577467331794	1960.1278747456874	nan	nan
571871	571	59567.1693578	1961.26047829	1961.30787917	1.16937470336	1962.6952231082369	1958.9694560355897	nan	nan
572381	572	59633.0687158	1961.08309546	1961.28562809	1.09498103892	1963.0435398407142	1959.3266067193883	nan	nan
581251	576	59644.181242	1960.95577348	1961.10680741	0.984889995228	1961.9631981332805	1959.0616220161264	nan	nan
580738	574	59649.3336918	1961.08367464	1961.06220449	0.56361196751	1962.1455256377112	1960.088685176281	nan	nan
581530	577	59664.9696469	1960.89224309	1960.8139306	0.816186251244	1962.5725626458236	1959.7582242324931	nan	nan
581034	575	59669.8928139	1961.55603565	1961.6873518	0.807997777489	1962.7379192203377	1959.687286189957	nan	nan
585299	579	59782.1362388	1960.82861983	1961.03051829	0.872506663826	1961.833779215857	1959.3998088852002	nan	nan
586370	580	59793.357734	1961.35640738	1961.2658815	0.920297449754	1962.7543309314258	1959.933047372859	nan	nan
586857	581	59823.7117839	1961.18493613	1960.99474252	0.920782203969	1962.710052068159	1959.6813451791757	nan	nan
587160	583	59841.9750628	1961.31817051	1961.08068024	1.13203765175	1963.338595825863	1959.9678408217526	nan	nan
588992	586	59915.1687999	1960.96054919	1961.00657263	0.682242156417	1962.109879868367	1960.1354545924307	nan	nan
588742	585	59916.216692	1961.24433851	1961.10475604	0.964141280199	1962.9236337389746	1960.2005307829163	nan	nan
581622	578	59964.005863	1961.09406702	1960.9996823	0.734378668554	1962.5068702070628	1960.259052928489	nan	nan
589469	588	59975.27738	1960.6936739	1960.61615881	0.887487382329	1962.4508307831868	1959.234639089713	nan	nan
589866	589	60033.199544	1961.23550838	1961.06617157	0.725405645098	1962.23071769318	1959.8707077717734	nan	nan
590051	590	60094.5089388	1961.34952307	1961.1135177	1.07971128088	1963.0357823289992	1959.2202783096209	nan	nan
587133	582	60104.6718709	1961.195946	1961.55079762	1.16211865267	1962.340001019665	1958.8676351532533	nan	nan
587630	584	60150.256217	1960.72795856	1960.38439734	0.716035553328	1961.7347035756316	1959.9226626103484	nan	nan
589120	587	60235.7636199	1960.74265539	1960.69235041	0.578039063891	1961.6007198834327	1959.8615878865385	nan	nan
591000	591	60372.4784079	1961.04027644	1960.97446246	0.599036527443	1961.8352379189203	1960.237845185557	nan	nan
592000	592	61700.8908229	1961.62032814	1961.80557987	1.15222789669	1963.0275345852926	1959.526432565476	nan	nan
595809	593	62539.2461278	1961.32913843	1961.13137106	1.01843925672	1963.2117033361508	1960.0118894152092	nan	nan
597623	594	62585.6588919	1961.30612519	1961.33686021	0.534360038582	1961.9990332161938	1960.479374485323	nan	nan
607003	602	62612.3873529	1961.89041282	1961.71977142	0.810912772699	1963.7192638399808	1960.9609603042015	nan	nan
600724	595	62701.2747998	1961.44400829	1961.36620081	0.896800771362	1963.2166774696766	1960.3605327860982	nan	nan
602826	597	62723.453177	1961.0071646	1961.26186349	0.748496873016	1962.035278618412	1959.5512681554026	nan	nan
610513	605	62726.5697069	1961.07630215	1960.86412502	0.918629076768	1962.3354241229215	1959.6765196562444	nan	nan
610742	606	62728.5981078	1961.42680871	1961.51724205	1.16380401772	1963.0465072753714	1959.2540094190886	nan	nan
602418	596	62732.5076408	1961.4406417	1961.43163962	1.09315722108	1962.8372912730892	1959.9047429763039	nan	nan
604004	598	62758.0065818	1961.46283946	1961.73927949	1.19560569496	1962.740364530241	1959.0997315887394	nan	nan
611310	609	62767.4428949	1961.5899336	1961.54352732	0.629343538087	1962.8652633250458	1960.7347782429329	nan	nan
611244	608	62772.1931159	1960.86051225	1960.52295093	0.754889478554	1962.1447865035564	1960.0747437736675	nan	nan
605163	599	62813.8896918	1961.22220993	1961.33199033	1.05771928569	1962.5367390408962	1958.7099110809008	nan	nan
606230	601	62818.1747539	1961.14625077	1961.3202769	0.73504871714	1961.9335149961294	1959.6987103786075	nan	nan
606225	600	62843.4694159	1960.95464101	1961.0128617	1.20165906496	1962.6190988039255	1959.0185079045318	nan	nan
607144	603	62872.5725548	1960.83605664	1960.91174194	0.515524102291	1961.556973169846	1959.7047951759002	nan	nan
614766	611	62877.6601949	1961.4405414	1961.27165792	0.719900490333	1962.3469601081867	1960.6114135644377	nan	nan
614516	610	62896.6329968	1961.19480572	1961.42926098	0.635509909193	1962.0044300432426	1960.1989793852686	nan	nan
615637	612	62923.5104299	1961.20115098	1961.25026993	0.543061834311	1961.9216679052029	1960.2396247843355	nan	nan
608807	604	62931.6441729	1961.3074111	1961.37711228	0.901035896183	1962.8010471703535	1959.6350687318024	nan	nan
616086	613	62947.637244	1961.56818957	1961.71162897	0.634556244405	1962.4121919227193	1960.5948882566763	nan	nan
610965	607	62988.417583	1961.20904513	1961.27339912	0.607582241338	1962.05966309045	1960.0776115680221	nan	nan
617943	614	63009.9364328	1960.95106995	1960.85705954	0.708811238705	1962.031352517027	1959.9926250458932	nan	nan
617978	615	63027.5296359	1961.10383237	1961.25836343	0.643840641383	1961.897427610051	1959.6819670633306	nan	nan
619219	616	63094.3129108	1961.57703296	1961.50071619	0.872268990836	1963.115287594749	1960.1507314733622	nan	nan
620288	618	63159.63184	1961.27513347	1961.37217859	1.10958289276	1962.8439570696971	1959.5822194834398	nan	nan
621139	619	63240.6992579	1961.5744427	1961.52714451	1.3031577052	1963.9923766063982	1959.6509553853264	nan	nan
619625	617	63339.3864648	1961.64078583	1961.49110517	1.4141861082	1964.3959492458337	1959.9185603447552	nan	nan
621585	620	63423.6594758	1961.40098167	1961.37665581	1.08459433903	1963.19284540524	1959.8938339858953	nan	nan
622039	621	63506.0028558	1961.12076832	1961.0095052	0.720974452905	1962.6586819390461	1960.2262526092022	nan	nan
623000	623	63532.5597289	1961.37523767	1961.43245132	1.0341928508	1963.42732269144	1960.143758901617	nan	nan
622618	622	63605.106555	1961.37505313	1961.28447338	0.715567014004	1962.6226563392918	1960.140460653626	nan	nan
624000	624	65000.7157638	1961.02950649	1961.29570919	1.3803953573	1962.731034018846	1957.9339191208396	nan	nan
632478	627	65762.5963058	1961.75093715	1961.91158146	0.574612457173	1962.40531681649	1960.8357878592665	nan	nan
629513	625	65804.2859278	1961.22501232	1961.02704601	0.782201601303	1962.6020326505668	1960.2818147253893	nan	nan
631587	626	65847.781688	1961.66078629	1961.58976782	0.681375310748	1962.8750447302805	1960.631469789223	nan	nan
638569	629	65875.6279049	1961.62633453	1961.556146	0.626155799334	1962.7149500436612	1960.920414944281	nan	nan
638772	630	65882.0817549	1961.59425103	1961.65484753	0.799338467404	1962.8588591215337	1960.141234750683	nan	nan
640986	633	65957.5434279	1961.64931115	1961.53869183	0.875008652414	1963.1587569539302	1960.4499598228322	nan	nan
641261	635	65961.2535899	1961.81268106	1962.07332013	0.997120659994	1963.2413989802294	1960.1467762299806	nan	nan
637958	628	65986.1496708	1961.22779322	1961.18009198	1.01443721797	1963.0921026152623	1959.7824833901605	nan	nan
639120	631	65987.531271	1961.29435462	1961.17813794	0.821775490505	1962.582068495644	1959.9706650006906	nan	nan
639667	632	66025.2415318	1961.18550437	1961.17129745	1.24093114749	1963.4938133618257	1958.5948302475397	nan	nan
641013	634	66033.5773039	1961.43382229	1961.39252441	0.544955653697	1962.0353414707172	1960.4268969797206	nan	nan
645201	639	66037.620266	1961.62135009	1961.6931904	1.00909400323	1962.9449812996033	1959.7071860030742	nan	nan
646001	641	66073.1718919	1960.97685344	1961.31042057	0.937912143507	1962.339303488528	1959.4900161873986	nan	nan
643162	636	66094.5441608	1961.08065492	1961.18875785	1.22029059604	1963.1087102520733	1958.910983953146	nan	nan
643403	637	66099.2154379	1960.88721837	1960.85802629	0.779174605375	1962.4471231010968	1960.054391470831	nan	nan
646646	642	66105.7666628	1961.3544229	1961.26986809	0.66426798306	1962.394073223241	1960.1696570494012	nan	nan
644267	638	66125.1786139	1961.10059429	1960.87482311	0.933358716239	1962.5853168256888	1959.952719638629	nan	nan
647243	644	66137.5991418	1961.16029201	1961.21445044	0.891058147784	1962.4990586587865	1959.5661743017813	nan	nan
648338	646	66159.8786278	1960.90845355	1961.03465941	0.826399747349	1961.7727961915095	1959.056822980469	nan	nan
645314	640	66164.9636848	1961.74491851	1961.87349493	0.546788446756	1962.4177412705833	1960.6816504185329	nan	nan
648627	647	66207.2909198	1961.44498344	1961.32217793	0.619041056314	1962.3189738322449	1960.356777942864	nan	nan
646919	643	66222.5581119	1961.52716814	1961.71729191	0.753161661818	1962.4962576835658	1960.2944434624774	nan	nan
648011	645	66254.1198468	1961.30477624	1961.04782333	0.797704555467	1962.5997957956433	1960.322828340624	nan	nan
649484	648	66277.0183539	1961.21937453	1961.08925944	0.630344218844	1962.6893424307893	1960.5781086114714	nan	nan
650199	649	66339.4213948	1961.73544662	1961.80033025	0.809934980747	1962.8581163713484	1960.336864943265	nan	nan
651161	650	66427.3466728	1961.49486545	1961.24959718	0.992903906492	1963.3085170717497	1960.1953728584165	nan	nan
653702	652	66642.539114	1961.42775358	1961.36577969	0.68839886553	1962.5436472595738	1960.2480265083161	nan	nan
652684	651	66652.946728	1961.34780856	1961.28726561	0.67087436953	1962.8228629985715	1960.6161790390256	nan	nan
654687	654	66736.3168759	1961.81472232	1961.70644867	0.670497808698	1963.169756062159	1961.1071258443012	nan	nan
654659	653	66821.2834778	1961.20984386	1961.1213108	0.60009373168	1962.25520682878	1960.536864897329	nan	nan
655000	655	66940.4028618	1961.01574292	1961.0107807	0.804706027062	1962.335893743673	1959.864222801302	nan	nan
656000	656	68291.5475879	1960.90405602	1961.01887038	1.07019231132	1962.3577973598562	1959.023428612108	nan	nan
661048	657	68903.7847629	1961.88422865	1961.8507159	0.99286703462	1963.57399422161	1960.3350513333892	nan	nan
666637	661	69025.6091969	1961.38639465	1961.06045076	0.925636026191	1962.7144781482639	1960.2306604892624	nan	nan
666225	660	69045.8374569	1961.6654082	1961.64600936	1.31892476507	1964.0115173652298	1959.8864540594727	nan	nan
663140	658	69096.7926109	1961.66341663	1962.02901567	0.965735046394	1962.4263793680475	1959.656042484562	nan	nan
665366	659	69112.8833599	1961.65273128	1961.6785787	0.808651559377	1962.876927107824	1960.1449327241876	nan	nan
670810	663	69126.628778	1961.5628248	1961.61808208	0.999675652776	1963.5342561598345	1960.0438670727601	nan	nan
674614	666	69171.340374	1961.68528475	1962.05241085	0.922894590011	1962.7542148967086	1960.3883138559233	nan	nan
670651	662	69176.5095899	1961.58514391	1961.37287432	0.560596657574	1962.4579847757698	1960.7076456780926	nan	nan
676318	669	69214.455179	1961.13883573	1960.68541826	1.04372240199	1962.7602155550983	1960.0558349947385	nan	nan
677612	670	69262.5783679	1962.00349981	1961.67810164	1.03534211524	1963.6638036847053	1960.7849450747783	nan	nan
672787	664	69270.7040079	1961.62646514	1961.55509336	0.922049928207	1963.0032477510354	1959.8809115667254	nan	nan
679270	675	69288.21292	1961.96711282	1962.44101031	1.04886308896	1963.1832435124327	1960.1369256712169	nan	nan
678734	674	69292.4002118	1961.84590771	1961.87642623	0.628218748692	1963.003071801307	1960.8211801651787	nan	nan
672912	665	69295.4149709	1961.36117592	1961.16174821	1.10110536104	1963.3333800519617	1959.696146019192	nan	nan
674657	667	69336.670769	1961.68455777	1961.57634661	0.977242297252	1963.2048807454828	1960.0984645513033	nan	nan
675203	668	69338.4230628	1961.28433611	1961.22153847	0.988180626364	1963.003507764836	1959.4399284881124	nan	nan
680336	677	69367.3387139	1961.46818912	1961.50223239	0.883110267997	1962.9591706131446	1960.1360819345628	nan	nan
677710	671	69408.617636	1961.46086047	1961.49826612	0.59158399164	1962.0786101584476	1960.2950279625404	nan	nan
677805	672	69414.2830858	1962.0076087	1962.11291822	0.768490036077	1963.2075052893188	1960.4778723508737	nan	nan
678519	673	69431.8160448	1960.75187869	1960.87333766	0.581625889961	1961.5919700925326	1959.782235941185	nan	nan
681329	680	69437.4442689	1961.14313894	1961.01079081	0.867628239947	1962.8046372685947	1960.1937229912007	nan	nan
679621	676	69460.4774458	1961.62492098	1961.75334866	0.630470939162	1962.3969398397235	1960.5279121406707	nan	nan
681702	681	69497.138001	1961.2759889	1961.06308935	0.729662292408	1962.4552383921973	1960.475198188584	nan	nan
680727	678	69551.1765389	1961.37543557	1961.36826364	0.917207185933	1963.0521336501608	1960.281852531621	nan	nan
681127	679	69566.9634898	1961.54025048	1961.47390542	0.866950969926	1963.07916978737	1959.7420749505884	nan	nan
682498	682	69580.7635419	1961.15842807	1961.12718799	1.04130685381	1962.4864391703431	1959.6663913612385	nan	nan
684986	683	69804.0321379	1961.49286275	1961.29730407	0.844973287536	1963.6866562197088	1960.635191752944	nan	nan
685969	685	69905.8891919	1961.97857428	1962.1894215	0.843945657114	1962.934640230158	1960.6041576511018	nan	nan
685309	684	70012.2988338	1960.84394164	1960.43169669	0.982129758245	1962.3256817743536	1959.7486504201024	nan	nan
686615	686	70187.3522239	1961.52500603	1961.54312243	0.741350803207	1962.462957557643	1960.5780784288836	nan	nan
687000	687	70308.239924	1961.11814919	1961.18646521	1.03796422622	1962.3920810643447	1959.3662564058588	nan	nan
688000	688	71661.9490678	1961.24278048	1961.04821234	0.864856716271	1962.6948702385714	1960.010033584933	nan	nan
690923	689	71989.5595589	1961.57016713	1961.31727946	0.716306539603	1962.908508958343	1960.6264837102851	nan	nan
694730	690	72114.1540849	1961.82932343	1961.79250882	0.720307850833	1962.8339926534381	1960.6761653719932	nan	nan
695525	691	72134.2626939	1961.67701892	1961.4972025	0.806816271382	1963.5536643970415	1960.7393654969028	nan	nan
699185	693	72241.5880058	1961.94912078	1961.79169485	0.904004184734	1963.0249279278385	1960.3141647333753	nan	nan
701356	695	72260.781261	1961.25888183	1961.30232979	1.12788692114	1962.914241203013	1959.4458915045498	nan	nan
703430	697	72310.1603248	1962.25964035	1962.22308233	0.914035653568	1963.8892252387493	1960.712586489202	nan	nan
706632	699	72360.9286919	1962.15491833	1962.07502666	0.70889273381	1963.6461676821893	1961.3526024426042	nan	nan
705579	698	72377.191576	1961.69943662	1961.70836352	0.685767045841	1962.6699673946816	1960.2940374432235	nan	nan
707033	700	72403.1261129	1961.54049693	1961.28276966	0.948105707356	1963.9615939037683	1960.532360304686	nan	nan
698822	692	72446.87305	1961.52285221	1961.21546742	0.867701585979	1963.7077806253526	1960.661094515654	nan	nan
699577	694	72459.564276	1961.10444864	1961.15717935	1.17412923098	1962.8019764634575	1959.107667646729	nan	nan
710062	705	72482.3123739	1961.45108606	1961.75612924	0.806143782634	1962.5797111374534	1959.9367339006972	nan	nan
702589	696	72527.2049818	1961.90559262	1961.99186659	0.38961926276	1962.4289745074454	1961.3132477177203	nan	nan
712155	707	72553.8558249	1961.47876975	1961.46002142	0.925896459342	1962.6354876319087	1960.2245733312277	nan	nan
707190	701	72609.5551798	1961.18881751	1961.04628397	0.606817654534	1962.4305206826741	1960.5630078603422	nan	nan
713161	711	72611.77877	1961.57601648	1961.89643658	1.10559592849	1962.6359926953833	1958.9224968610786	nan	nan
708356	702	72663.410553	1961.68831721	1961.95109784	0.890964642926	1962.840739181671	1960.0825809809749	nan	nan
709882	704	72691.2021959	1961.56860112	1961.5546537	1.28046366481	1963.8785340271293	1959.922646753236	nan	nan
709856	703	72694.7141118	1962.00342681	1962.18424626	0.934617032065	1963.7191077124858	1960.4409158834883	nan	nan
714201	713	72713.8759708	1961.66045099	1961.65629013	0.779290091834	1963.2433919627783	1960.5371365734304	nan	nan
711991	706	72755.0298378	1961.67748892	1961.76974128	0.622998859124	1962.374536258557	1960.4946840260695	nan	nan
712223	708	72769.2686219	1961.72941914	1961.46598763	0.696091654434	1963.1769599795468	1961.0832812905592	nan	nan
712507	709	72786.8378079	1961.97215894	1961.81668599	0.528687780965	1962.9604376012653	1961.3736278050826	nan	nan
713018	710	72816.6421258	1961.31014118	1961.01868297	0.764833698021	1962.6909766048923	1960.4622014467177	nan	nan
714126	712	72918.0126619	1961.36788964	1961.64600967	1.2011554305	1963.2687228121335	1959.3105195121755	nan	nan
714274	714	72926.1669748	1961.5639741	1961.55067821	0.602079270436	1962.587306141543	1960.6903539568032	nan	nan
715898	715	72928.4632909	1961.5702389	1961.43899076	1.07127054864	1963.5348202370978	1960.2496122551634	nan	nan
716578	716	73045.3050499	1961.69880397	1961.88860113	0.860483543273	1963.1962738847626	1960.545570873857	nan	nan
717512	717	73384.1283479	1960.94100417	1961.03269242	0.985591910787	1962.7324620640265	1959.5869594307617	nan	nan
718604	718	73538.3477209	1960.88637349	1960.98577876	0.897990034801	1962.0853127046246	1959.3298851159325	nan	nan
719000	719	73679.6964009	1961.15240865	1960.77851994	1.50314195573	1964.6447690858968	1959.5353022960464	nan	nan
720000	720	74973.3430028	1961.65683352	1961.63683627	1.04463353597	1963.1954793980988	1959.387294582892	nan	nan
722251	721	75123.5892839	1961.70063301	1961.56997386	0.680214448526	1962.9411049856155	1960.8886016225354	nan	nan
724465	722	75259.9645858	1962.04528084	1961.87231625	0.881518870591	1963.4730394678802	1960.9167355676027	nan	nan
724943	723	75264.3050029	1961.74758549	1961.79960025	0.881429228158	1963.0057517524654	1960.2881578383797	nan	nan
727909	724	75396.7440948	1961.64190081	1961.75336	0.553408275235	1962.3171371715473	1960.8738366434986	nan	nan
728366	725	75401.696806	1961.98806941	1961.75404969	0.495054942486	1962.7102176161034	1961.3728575706461	nan	nan
730017	726	75476.2851119	1961.89476446	1962.04194817	0.663578641004	1963.0173254094607	1960.7389039668196	nan	nan
731639	727	75503.6890478	1961.37834421	1961.15551429	0.784326552881	1962.4833019408509	1960.3380990544338	nan	nan
732291	728	75552.9691138	1961.94458201	1962.08007717	1.23605522835	1963.5771594360008	1960.3675256217002	nan	nan
733013	729	75572.8339238	1961.74878304	1961.82355772	0.966113319099	1962.8777896473155	1959.5369381865617	nan	nan
735887	732	75666.6436338	1961.68833155	1961.58562151	0.843124371717	1963.199381938752	1960.3608643762361	nan	nan
737924	733	75705.3603048	1962.38002966	1962.76889044	1.43621543686	1964.5975923603214	1960.2324985374762	nan	nan
735031	730	75724.835711	1961.3911941	1961.38289994	1.03240073029	1963.0501710806254	1959.734566894243	nan	nan
738575	734	75741.396462	1961.51470945	1961.56825727	0.988998088094	1963.3048968116664	1959.7771043859611	nan	nan
735484	731	75744.8646889	1961.260459	1961.22703248	0.677546563182	1962.2531529756416	1960.173725996	nan	nan
740300	735	75809.4093499	1962.08346589	1962.23060377	0.736057821217	1963.140708884955	1960.376859111557	nan	nan
740638	736	75886.631887	1961.56734612	1961.47860241	0.893459901031	1962.9528617111807	1960.3598867004332	nan	nan
743709	740	75923.5463419	1961.62175743	1961.64180836	0.984151089785	1963.2526102682862	1960.0944847391952	nan	nan
742601	737	75948.2833998	1961.43128165	1961.43940968	0.960096630577	1962.6084941370204	1959.5126881189697	nan	nan
743446	738	75982.0681729	1961.40022866	1961.28538116	0.626101161389	1962.5168927554275	1960.4661211496646	nan	nan
743649	739	76001.9054928	1961.39335425	1961.47362649	0.853189613043	1962.4664534043725	1959.6258093138051	nan	nan
745070	741	76067.2376919	1961.51352226	1961.63944893	1.27284744648	1963.3248554017712	1959.498742254352	nan	nan
745422	742	76070.016531	1961.52321513	1961.40223241	0.893814695074	1962.9940318200333	1960.5054356939006	nan	nan
745756	743	76085.367075	1961.50936805	1961.42804397	0.731588095989	1962.5907651513173	1960.4255615906595	nan	nan
747543	745	76117.4544988	1961.76059373	1961.53707144	1.27452335684	1963.5570269779848	1959.2727537453936	nan	nan
746263	744	76132.2738478	1961.8476108	1961.9832644	0.839357237117	1962.6645300947953	1960.1198854646016	nan	nan
747592	746	76225.5387189	1961.65280501	1961.56318137	0.707327089417	1963.0080235254077	1960.6601160058735	nan	nan
748000	748	76248.0721929	1961.75730106	1961.81212576	0.866556433819	1962.884545878417	1960.3198145975955	nan	nan
747637	747	76248.1315398	1960.89887889	1961.0027835	0.4651965391	1961.3529170504803	1959.7754727946922	nan	nan
749521	749	76722.7173059	1961.90370735	1961.93898171	0.60175001507	1962.706378160484	1960.5262676881975	nan	nan
750531	750	76878.7367349	1961.6262557	1961.41960373	0.679777046847	1962.8136694371096	1960.830549281866	nan	nan
751000	751	77038.4108658	1961.1793062	1961.1733999	0.718668289018	1962.1615852184323	1960.1977558031258	nan	nan
754168	753	78203.7613919	1961.60763301	1961.53284899	0.639809330812	1962.9111714963462	1960.850783207498	nan	nan
752677	752	78320.6410859	1961.30890985	1961.35799043	0.99963027458	1962.8049320089096	1959.4657878222881	nan	nan
756503	754	78343.6621799	1961.92669969	1962.01920745	0.79012165467	1963.2832067525912	1960.1253334135586	nan	nan
756530	755	78349.0607638	1961.48161468	1961.47400157	0.666742616809	1962.730359874992	1960.2019428451445	nan	nan
759379	757	78478.9601848	1961.4535342	1961.52002505	0.5502157942	1962.3076586968602	1960.61121439706	nan	nan
759317	756	78500.0093169	1961.97794679	1962.1738496	0.756641357525	1962.8996273075397	1960.799362713901	nan	nan
761239	758	78589.2840748	1961.74495858	1961.87732025	0.359270028238	1962.2297247613817	1961.0266191780263	nan	nan
761939	759	78590.2878568	1962.1377165	1962.07451938	0.753536007501	1963.5255803868804	1961.0681465160933	nan	nan
763714	761	78659.9896119	1961.85231197	1962.07594124	0.830094444122	1962.7535658054646	1960.331252187476	nan	nan
763193	760	78661.6353228	1961.66958012	1961.70199122	0.571534517923	1962.3885804822637	1960.7263666327601	nan	nan
765871	762	78763.3742709	1961.8650071	1961.84081579	0.748777861279	1963.418397956245	1960.8910352904707	nan	nan
767058	763	78804.5586009	1961.69860689	1961.82446736	1.02357169039	1963.3254984224816	1959.9036383454093	nan	nan
768014	765	78849.5867839	1961.84246672	1961.95005669	0.606610405249	1962.688346039102	1960.9050144214648	nan	nan
769590	767	78902.7838378	1961.96647975	1961.99985894	0.743277160946	1962.8999689505952	1960.5058780285988	nan	nan
768007	764	79074.5693688	1961.76975624	1961.66499731	0.637661447878	1963.1018336382526	1960.8477476865812	nan	nan
768529	766	79088.025275	1961.72726859	1961.64432024	0.813355845081	1962.7701643115024	1960.2424267462718	nan	nan
772577	768	79227.1297328	1961.34614868	1961.38279761	0.782142493585	1962.6386157093195	1960.1559217503307	nan	nan
778553	776	79230.9851289	1961.76610868	1961.67732261	0.602288598725	1963.1232699253605	1960.9651647122728	nan	nan
773858	769	79302.749126	1962.02609238	1961.99923091	0.813603630742	1963.4372183125588	1960.6264913980103	nan	nan
774568	770	79312.1845899	1961.4946933	1961.04678144	1.5174339389	1964.163254581524	1959.1970580036143	nan	nan
775727	771	79339.8330729	1961.43629122	1961.36880947	1.2067344692	1963.4393762893687	1959.6784994063373	nan	nan
779946	779	79355.6220269	1961.82104097	1961.88131567	1.14835784318	1963.6685030438057	1959.8247038368715	nan	nan
776243	772	79371.3769169	1961.90037743	1961.66969575	0.694105359	1962.8696493921573	1960.7731005484602	nan	nan
778041	774	79431.1661179	1962.46683541	1962.4430266	1.07075081599	1964.2024657152654	1961.2426512797422	nan	nan
777939	773	79436.3751729	1961.54590722	1961.37451141	0.790094343183	1962.870575128751	1960.5516088147317	nan	nan
778317	775	79450.7450199	1961.86182209	1961.82529871	0.970463379717	1963.5567588173974	1960.3847161915194	nan	nan
779003	777	79505.6612878	1961.58133368	1961.60386868	0.875264787349	1962.987056363746	1960.1932408681703	nan	nan
779941	778	79609.3381739	1961.91380384	1961.88572117	0.7157931223	1963.0672389810416	1961.1023649418444	nan	nan
780000	780	79627.1350489	1961.55418574	1961.77148443	0.98315336314	1963.3308694703387	1960.268423687353	nan	nan
781490	781	80124.4710388	1962.14100405	1962.32322132	0.728566737932	1963.0410075406216	1961.09244443573	nan	nan
782490	782	80281.6405668	1961.37940984	1961.30230039	0.731978703444	1962.3291796921885	1959.9360294967264	nan	nan
783000	783	80439.5163238	1961.39279617	1961.43597145	0.96158337171	1962.9136492297418	1960.2134104749862	nan	nan
785539	784	81281.9198558	1961.79422556	1962.15967311	1.16577170724	1963.1384506893653	1960.066225861122	nan	nan
788164	785	81413.999177	1962.18776571	1962.46021896	0.884467778405	1963.2603040183526	1960.1826933407247	nan	nan
788365	787	81433.5069919	1962.07206588	1962.09009286	0.974062170218	1963.253975028286	1959.8479231169197	nan	nan
790895	788	81561.364265	1961.62764915	1961.88355352	0.4853221688	1962.0793793157304	1960.827690433976	nan	nan
791357	789	81593.5245528	1962.10397709	1961.67741717	1.0660997073	1964.2753571722903	1961.1014347009705	nan	nan
788217	786	81669.3625669	1962.09008051	1961.91390186	0.829403986267	1963.7870243193352	1961.060924710603	nan	nan
793230	791	81679.981421	1962.06981341	1961.80043611	1.33452100983	1964.9326495084845	1960.1103132488	nan	nan
793211	790	81690.556402	1961.84896367	1961.84118984	1.23706729037	1963.8862155230925	1959.8812895138537	nan	nan
794558	792	81765.1109369	1962.22315427	1962.31668236	0.803401944772	1963.7892594835828	1960.5797013358883	nan	nan
794614	793	81786.2012918	1961.44764285	1961.34371098	0.558069185311	1962.2826377626448	1960.8264022126361	nan	nan
796056	794	81883.899123	1961.52440816	1961.64895005	1.08856755271	1962.7983441618323	1960.1148948846546	nan	nan
796531	795	81904.8385918	1961.9836934	1961.90906461	1.00151437732	1963.5410679021152	1960.2980246937045	nan	nan
797164	796	81961.5948598	1962.11125119	1961.72505834	1.17261768794	1964.336538168806	1960.8555686477218	nan	nan
797740	797	82028.1732309	1961.58980582	1961.70914939	1.08030980731	1962.672729461714	1958.8017598164372	nan	nan
804605	800	82357.486388	1961.29104724	1961.44907407	0.841278456606	1962.5778677417163	1959.887486366499	nan	nan
800694	798	82404.0099728	1961.50309217	1961.35938755	0.644983854293	1962.7071935711335	1960.795667800354	nan	nan
801131	799	82416.698303	1961.80449115	1961.69629739	0.654956432031	1962.7666012710968	1961.022800767195	nan	nan
808446	804	82499.6741149	1961.8538269	1962.16610091	1.23109631198	1963.3809026285212	1959.8123018206654	nan	nan
805324	801	82548.4268639	1961.23802385	1961.0985047	0.751975542965	1962.392458006841	1960.2012321663528	nan	nan
807704	802	82648.8677988	1961.8154444	1961.764206	0.780594652985	1962.9426575312514	1960.626453856452	nan	nan
808608	805	82669.7748489	1962.10750953	1962.2196574	0.396383965849	1962.7325152036758	1961.277268622471	nan	nan
807968	803	82673.5167408	1961.80739141	1962.02128204	1.09321746187	1962.9313532808026	1959.377850301267	nan	nan
809333	806	82714.8946559	1962.14829307	1962.12994952	0.719357816188	1963.3482773361904	1961.1480257904097	nan	nan
810472	807	82766.057889	1961.63073798	1961.61446711	0.830510107319	1963.0626407148566	1960.3839735559611	nan	nan
810568	808	82778.8993728	1961.57136312	1961.51497144	0.688956998979	1962.7022859197475	1960.5779821011056	nan	nan
810721	809	82792.8765278	1961.36658498	1961.36967223	0.636680729065	1962.4478280324795	1960.4056186021974	nan	nan
811259	810	82858.0744119	1962.27081961	1961.91362789	0.857134185931	1963.5862051360098	1961.4116578495461	nan	nan
812000	812	82975.9355199	1961.71646011	1961.70190585	0.863963853598	1962.8230271558195	1959.841973117948	nan	nan
811946	811	82982.4943538	1962.05632864	1961.93368782	1.0088477019	1963.7849822781684	1960.2136999449565	nan	nan
813486	813	83502.5025928	1961.77589924	1961.89006305	0.872181033185	1963.00388544363	1960.2364965485338	nan	nan
814480	814	83624.6853688	1961.97324226	1961.62401675	1.06664620912	1963.746939850084	1960.8603267995923	nan	nan
815000	815	83818.5401759	1961.8847534	1961.98348962	0.813183790398	1963.1496559093086	1960.8171553811749	nan	nan
817046	816	84352.566407	1961.94490363	1962.22193672	1.14079038807	1963.588815644183	1960.25020507451	nan	nan
818909	817	84478.2988338	1961.96765061	1961.69838396	1.05496777715	1963.8858721239515	1960.7216669895895	nan	nan
819428	818	84520.1431799	1961.93448104	1962.05654601	0.756191321557	1963.1967278299953	1960.7441314777777	nan	nan
822042	819	84635.9164848	1961.89889862	1962.25452446	0.73312924446	1962.499536437997	1960.2470973516597	nan	nan
822731	820	84679.961658	1961.8687312	1961.89576192	0.43378070778	1962.5306783146427	1961.099618994553	nan	nan
824764	821	84767.1220689	1962.08087501	1961.85991826	0.801320393443	1964.0739546806885	1961.3391772467542	nan	nan
825065	823	84794.1567318	1961.63479737	1961.3729017	1.08350671531	1963.909835305623	1960.4344771453225	nan	nan
826428	824	84859.1822038	1961.47869348	1961.60959495	1.02450475513	1962.9383228270576	1960.0634561213997	nan	nan
826801	825	84895.4120529	1962.27629621	1962.51799041	0.918511831669	1963.2945550259808	1960.1948070677731	nan	nan
828156	826	84991.6402168	1961.89876919	1961.82135043	0.915193460718	1963.5960257588686	1960.579460875946	nan	nan
828387	827	84992.537226	1962.42766282	1962.51865538	0.999723702581	1963.6843384622227	1960.9601433921061	nan	nan
825006	822	85044.1236348	1961.830421	1961.73978055	0.726369970293	1963.6282067558498	1960.8088061097576	nan	nan
828777	828	85067.0758729	1962.20863552	1962.15986216	1.04829167882	1964.365896806483	1960.9676717755215	nan	nan
829000	829	85131.2599659	1962.10861283	1962.15742125	0.776141308812	1963.1210773729783	1960.909099904549	nan	nan
832362	830	85466.2817249	1962.07746305	1962.24179048	0.708095564381	1963.088038914989	1961.1863796043046	nan	nan
835338	833	85632.7998798	1962.43733174	1962.52914378	0.690362672497	1963.6809425962156	1961.1381255838373	nan	nan
833713	831	85748.7176549	1961.43856453	1961.55317965	0.999401772953	1962.8954283040944	1959.2750912777863	nan	nan
834044	832	85768.4516129	1961.92285464	1962.00649448	0.936584271162	1963.7124813163377	1960.3037655772177	nan	nan
837167	834	85911.5951509	1961.91106566	1961.92621747	0.915975391331	1963.3941767316148	1960.170405599582	nan	nan
840158	836	86027.0564449	1962.18627338	1961.94712213	0.678773940889	1963.2907033969764	1961.3554169385711	nan	nan
839784	835	86027.2457569	1962.31548905	1962.75572415	1.16446167681	1963.3976597559836	1960.2637538424306	nan	nan
840331	837	86041.7835908	1961.74059169	1961.66761631	1.2436797383	1964.0760388932133	1959.6672747147577	nan	nan
841200	838	86081.2888799	1962.30067511	1962.29724827	0.658744311429	1963.5340872864106	1961.142379117763	nan	nan
842185	839	86133.0559819	1961.9462343	1962.09324702	0.837231783476	1962.8394178565275	1960.080373917722	nan	nan
842387	840	86141.553144	1961.58977502	1961.44805779	1.06824652669	1963.412599242408	1959.456828140482	nan	nan
842575	841	86163.2091889	1961.93246936	1962.02113854	0.880483272048	1962.9145476960357	1960.3198148551435	nan	nan
843187	842	86212.2030809	1961.8718659	1961.45850222	1.06582778301	1963.9299857798221	1960.6753079083853	nan	nan
843980	843	86354.1785078	1961.5874905	1961.78548807	0.56866905852	1962.256202242721	1960.6101637553404	nan	nan
844000	844	86369.3061519	1962.06624849	1962.16939794	1.01483701847	1963.6033776656977	1960.7029267060047	nan	nan
