steps	episodes	elapsed	mean	median	stdev	max	min	average_value	average_entropy
31217	1	3167.97920179	2005.39234686	2010.26289872	17.2484351748	2027.5292011907754	1978.8976153828883	80389.5208085	2.18105098123
31269	2	3171.28688478	1954.06540235	1943.06499052	51.2011787748	2025.0023567018395	1895.836833063546	80883.3709465	2.18104247271
31351	4	3176.72512388	1941.25636823	1931.70066483	47.6006452347	2018.8447980825176	1874.6667602640202	80584.184993	2.18104597631
31407	5	3181.35884094	1926.47956888	1932.77751571	69.1266061739	2018.7082833760649	1833.9650518868464	81692.1600816	2.18101656592
31508	8	3184.03374195	1937.52156478	1922.38662095	41.9434768746	2017.7348468761807	1898.110566428821	82039.7876677	2.18100036417
31340	3	3184.05265594	1931.84620985	1924.51246821	52.9388780196	2029.6594153972894	1863.635952010615	80894.5259432	2.18102170473
31418	6	3184.34887695	1959.91553777	1967.69920864	56.3748166683	2026.707547061998	1872.8199716163845	81416.9052461	2.18102184573
31674	13	3185.07389283	1942.69604203	1932.1296981	39.2269701305	2015.4808458218397	1889.9933863232588	82920.1598226	2.18098536552
31587	10	3187.19347787	1946.20245075	1945.35430528	46.8059848447	2024.0314914721862	1891.6372595648893	83149.7535006	2.1810118098
31470	7	3198.98543978	1933.99227339	1936.1062659	60.2045546027	2025.3435226520187	1860.514018294955	82237.428296	2.18101416342
31531	9	3202.34819388	1949.47136512	1949.27965276	43.4611227372	2022.6066433623184	1892.4645456319563	82399.9036579	2.18100316562
31879	23	3207.94249582	1941.37586277	1924.81345921	54.8434410002	2033.0437574866514	1884.623369539251	85295.0698489	2.18102676912
31597	11	3209.41391087	1985.9340374	1986.80058769	19.0591213618	2025.1334649526048	1960.2940733078578	79222.5336248	2.18098596008
31726	18	3211.88448787	1946.08776623	1938.78960439	34.4888419111	2009.001720682398	1900.3234799007646	79480.4840368	2.18104428587
31799	21	3212.54384279	1892.39268753	1867.10876044	62.7091513495	2008.8345210870816	1831.432527599713	84540.7552278	2.18105809221
31896	24	3215.27428484	1927.93474608	1913.06980834	54.6126007409	2014.886525642557	1868.7303782373888	86158.3806602	2.18098042756
31788	20	3217.16785884	1914.72973814	1914.27446812	69.4814044362	2024.6277136352833	1822.3450560105784	80587.6789382	2.18103849289
31641	12	3225.67701697	1936.87569739	1929.72095052	41.402748512	2022.9457690705735	1896.3019180394508	80282.4355145	2.18098516676
31719	16	3226.38898993	1962.76682231	1954.6229838	49.6847569915	2034.8126246864385	1901.5082568418504	80475.7541501	2.18102455587
31924	26	3229.95974994	1991.13577842	2002.34429325	35.7879514886	2038.0693097612377	1926.0063953905324	87194.7680217	2.18093591692
31757	19	3230.82301879	1895.21432953	1882.33817901	71.8788777055	2019.3216895070009	1806.0534370914831	80789.0897513	2.18101700948
31925	27	3234.99844885	1947.51102194	1941.63091177	47.5809373764	2018.4867198841478	1880.3124867762847	83780.0487054	2.18100417532
31722	17	3235.1650939	1971.44787343	1962.25247853	23.0065781435	2012.7047748491423	1942.4701942114757	80711.5459224	2.18100252783
31918	25	3235.86711097	1964.50365171	1958.72542513	36.1977634194	2019.8182108856565	1918.2600927187827	82485.6469149	2.18102689127
31677	14	3240.58132601	1943.48436515	1924.55824336	37.8715721088	2011.6291861917246	1899.0326707011998	80239.3131994	2.18100380106
31700	15	3241.88653278	2004.49784336	2011.03324216	36.7485062977	2050.896803590468	1957.0980730104784	80039.060329	2.18099372395
31854	22	3247.94436383	1977.98345571	1966.63004036	28.3272791301	2024.040160745351	1948.0690276985003	81330.4968905	2.18103914079
31975	29	3249.04979491	1926.13876056	1917.30188829	55.7506597121	2013.9176118480525	1848.0983892722275	84500.5958113	2.18100679667
31981	30	3252.12058997	1947.55729745	1946.81340442	37.6555869995	2016.959372842869	1899.203287096669	85138.3451532	2.18094400514
31959	28	3262.8628118	1920.27168198	1918.23257228	62.1885892317	2021.5729536097717	1841.7133619516835	83243.8452695	2.18105591387
31984	31	3271.7633338	1914.60854143	1900.41667656	58.3509280997	2003.9832721377682	1855.5860779982534	85243.6408756	2.1809445109
32000	32	3291.71770597	1904.97458138	1888.8495262	58.3170616039	2015.5417229081577	1847.5918915317432	86570.9640649	2.18100561302
58693	34	6352.25897789	1854.56202858	1855.58564649	17.2256108084	1884.764036875331	1821.108391180723	317571.304185	2.98146546088
59367	35	6362.51279593	1826.89615788	1814.43843541	25.8423753368	1862.2562309935906	1796.7266506221165	321934.504395	2.98140436797
58505	33	6363.94348598	1899.12993657	1884.23675701	55.4929748415	1990.8056333361417	1843.1173742605977	314248.232486	2.98147471377
60299	40	6378.07648897	1823.78786888	1818.95922671	23.3712223708	1857.707657175196	1787.0612730070384	333013.451818	2.9811613074
60543	41	6383.830441	1834.49556453	1827.40930349	25.9747329641	1880.2796114808064	1803.4284520784386	337491.756359	2.98095114302
60043	38	6384.65620184	1837.75637076	1828.22371001	24.7480312484	1886.382883394887	1812.597096132783	331616.356216	2.98108062381
59933	37	6388.04523683	1853.29891893	1850.80364008	9.40475997782	1869.4542746524553	1843.5822236259596	329516.883422	2.98118785739
60229	39	6388.53353691	1811.2005963	1807.44941712	29.8039908535	1859.0960839072243	1771.9885632659773	332842.974714	2.98111276559
61485	43	6399.072191	1818.645021	1822.83951725	22.5112133029	1845.9557178552507	1787.7683549589558	349681.129613	2.98065822365
61476	42	6411.52105689	1853.82364195	1850.40002106	19.8037140152	1879.7734943852863	1819.0474669168557	351541.439375	2.98062390736
62051	44	6415.79269791	1828.50013559	1822.77191011	33.9611318254	1884.9843083440019	1789.6462123841516	355781.17995	2.98062400947
59752	36	6424.39936686	1777.70877146	1779.03672605	19.2351677699	1814.0186254658408	1752.6676827810113	328221.332475	2.98121185949
62517	48	6434.94888592	1821.7001582	1814.4856144	16.707509927	1858.8387230697513	1805.950281298155	367045.238152	2.98035742147
62540	49	6435.27653384	1775.88574185	1773.99965041	9.69891046246	1797.020228475733	1763.820165867352	362824.533615	2.98050637907
62966	51	6435.39694786	1854.51989004	1867.989237	25.2638288154	1881.9342876711958	1813.6216548564478	371688.967964	2.980296755
62861	50	6435.97982097	1860.31311424	1856.60198745	14.9528394677	1887.1811222803692	1842.3698133912465	372312.090289	2.98008853207
62313	47	6437.22848201	1875.75089824	1875.04560453	30.2937778033	1937.7818839921802	1833.018771392679	359026.403116	2.98048863773
62229	45	6437.62767792	1782.39619926	1792.38940004	24.4446069163	1818.3508705774493	1745.0879204191456	361022.496144	2.98053378242
62309	46	6437.93536592	1840.20043865	1836.35934895	14.1365320002	1869.274804964656	1824.1125053992776	360747.859593	2.98046901381
63176	53	6450.0332489	1778.22383738	1780.22366366	23.136252789	1806.8182515856001	1740.1516751903569	377546.106242	2.98012820577
63019	52	6457.03063393	1899.9588602	1901.01096703	15.2853625764	1921.716266233752	1876.0990220080225	379111.382829	2.98000474537
63315	55	6461.60818887	1853.32700465	1848.04461469	11.8904117747	1880.5289078225517	1843.0011221933078	381818.840328	2.9800905285
63769	61	6465.85851598	1811.83921116	1813.13755566	33.7188067753	1862.576078698044	1771.1970833950163	400638.736893	2.97949256189
63434	56	6469.04788399	1851.35167619	1848.55640484	26.8442165076	1892.9795361823803	1821.6571832248208	385658.661885	2.97981092015
63259	54	6473.652596	1910.09428383	1919.01728516	24.0717084101	1935.8098924530782	1862.5865399181482	380642.270985	2.97997713883
63744	59	6483.37053895	1801.75118402	1804.83877707	29.3459562863	1840.8714983450714	1761.0115901542736	396962.2162	2.97978450634
63525	57	6488.39691091	1851.36982037	1846.20240871	49.0066777261	1935.0733846031267	1782.31499346764	387080.931602	2.97984363256
63588	58	6494.35978985	1813.51542121	1803.54554337	42.168069911	1885.7022623870353	1760.4319814151108	388536.139851	2.97983217232
63853	62	6503.73066497	1796.51100587	1793.05501772	16.0289900466	1828.2617833829102	1774.802257211634	406984.606587	2.97955844474
63755	60	6508.97009182	1906.29254809	1900.19990041	13.9234320334	1932.4683835910166	1892.502475778808	396378.939167	2.97973951659
63935	63	6539.49983978	1810.91525086	1805.68754734	28.3946168349	1850.4254439176293	1771.8955410203605	418703.63167	2.97907009704
64000	64	6573.39628792	1796.23574231	1802.56625623	29.5603922528	1836.69264128355	1754.6910224943426	433233.863686	2.97889029386
87329	66	9590.79622388	1791.4351582	1793.93509766	16.1734422986	1810.6891999936602	1761.6811936711033	731600.120751	3.26976370957
86552	65	9598.28446198	1793.32700091	1795.25906889	13.120100606	1817.407996865976	1775.6301061194092	722588.305698	3.26972591806
87989	67	9610.69188499	1816.00537593	1817.21918105	11.0603118113	1832.3376053085021	1792.691094207244	735758.678452	3.26955147661
89840	70	9626.04898095	1791.59911838	1796.09341753	9.60312577796	1802.8777447630214	1779.0858711939495	766290.218311	3.26927961417
90038	72	9630.75192595	1770.1828644	1770.08961683	7.52183527178	1781.3988357430394	1760.4723590939361	766711.56269	3.26940889767
89874	71	9637.25899696	1837.50011723	1837.39478579	5.45452775554	1846.0026331895535	1828.6377508838502	765081.235685	3.2694329591
89185	68	9641.60805488	1759.29652043	1750.50399787	16.9853078343	1790.5336648061204	1742.3416605600019	755022.61328	3.26959505237
89620	69	9643.14771295	1790.13792606	1789.28915268	14.2414977653	1812.317393008331	1771.8454943908573	763554.157008	3.26931853607
92205	75	9656.45358682	1771.54410127	1774.82788458	18.997088223	1796.7364704429085	1741.1508671726897	804923.258119	3.26918807477
90786	73	9660.97532082	1793.32336792	1792.75809538	3.14229384888	1800.2124785402889	1790.3134001377805	785613.8325	3.26902345377
93514	80	9661.8428328	1828.37708207	1826.55451588	11.8809836107	1857.0750852824267	1813.7865067088835	834880.282385	3.26854952101
93397	78	9663.89575386	1760.59022246	1761.03006904	6.61554349028	1770.4744717056685	1750.0204264190877	826435.481217	3.26899287925
93455	79	9665.55255699	1803.07300411	1800.0221752	12.1679425426	1832.3517994016333	1790.7189836344846	827491.393067	3.26895004256
92718	76	9673.37448096	1732.39318155	1731.61079809	11.2664606027	1746.7071951463593	1716.6334762553654	804351.229575	3.26925317838
93393	77	9674.61069679	1798.30845947	1797.2570215	4.77297307689	1804.3197814502482	1790.976536883692	828270.108625	3.26895637378
91989	74	9681.94800901	1800.69705093	1799.11598125	13.3351541637	1816.8230971532878	1786.30215617052	805058.747509	3.26881446794
94197	84	9697.87311697	1732.05514362	1732.62224396	4.46235412368	1738.7808396971407	1722.700309781684	844363.838269	3.26880964087
94614	85	9706.8363409	1824.56482882	1824.07970291	9.84701134105	1837.6582708200988	1809.380658635216	856382.984618	3.26879009788
93796	82	9709.07532597	1786.93065726	1785.70285544	14.1066392541	1812.0654625138918	1770.2695684910425	832278.560437	3.26882496754
93913	83	9709.4045589	1722.43312595	1718.83200185	10.7398323272	1743.081811435693	1707.6250179425826	833683.303256	3.26887600454
95020	89	9711.25373697	1824.99501249	1818.43452658	25.89414625	1857.8063843674977	1787.1819555394206	869723.091488	3.26825001004
94891	87	9720.66749001	1834.13888669	1828.54097685	15.7324224096	1860.585107143328	1815.4883134402583	869556.635067	3.26820324303
93712	81	9726.0722928	1824.58909508	1824.12642647	10.3113688694	1845.0907944318965	1811.7754308053247	832752.358331	3.26887430876
95318	90	9740.56802583	1759.06742446	1757.22567773	23.8216557525	1791.00634799852	1729.4481185411419	880483.230677	3.26840827985
94690	86	9741.04106092	1852.71851275	1859.14634961	15.2526200057	1869.977412249599	1826.6778323255112	860828.794695	3.26844319658
94949	88	9752.83298779	1762.38064882	1761.1533581	7.14878845932	1773.886246579592	1753.4039407185437	876777.246815	3.26822467432
95590	93	9754.35183978	1761.95109799	1760.42252983	9.79121152983	1782.7884227207408	1746.925812245113	903441.640591	3.26832507079
95461	92	9757.11393094	1746.82655328	1745.80411142	5.04986203457	1755.1607966783533	1741.3574021075774	887367.475486	3.26843335241
95355	91	9778.85739779	1771.00017961	1768.39823874	8.24574166731	1783.8786368983126	1758.5734651907383	882075.62761	3.26870777856
95676	94	9793.03546286	1908.40951412	1910.44125868	10.618371123	1925.6209148977402	1890.963007348468	904507.4939	3.26841441458
95884	95	9832.989784	1762.824672	1762.54595711	4.04677824131	1768.258952237867	1757.9585904424632	936198.99468	3.26780738333
96000	96	9892.035465	1714.17738857	1712.67282765	26.7232105856	1758.2136209588732	1676.009164804673	960292.051304	3.2677943698
116350	97	12814.052521	1751.84455939	1754.17738412	7.04428935314	1757.6320535907878	1734.5592079771159	1289828.62661	3.37397265873
117346	98	12844.7345619	1767.59377874	1767.45861987	6.87130729543	1779.9801418056616	1756.1244532284768	1307932.86461	3.37364596014
118835	99	12862.7806489	1789.45420512	1791.04630335	4.31473718282	1795.3277266053342	1781.429816070451	1336090.48493	3.37352940512
119981	100	12864.8181839	1762.80559013	1761.35692457	8.23104691088	1777.4270237037733	1753.2110617369874	1379867.50991	3.3733410265
120217	101	12873.174948	1739.41384293	1738.82537028	4.95926192314	1751.7757731444103	1732.8056408055677	1378505.12218	3.37364211361
121164	102	12883.3674879	1826.31032724	1824.34481483	10.8074799019	1844.5311990748032	1812.838482569623	1398539.11505	3.37344330294
123129	108	12892.4075279	1798.33017874	1796.43521521	10.9649049664	1817.1401413688593	1782.8456504631022	1474712.73489	3.37327201212
121508	104	12894.5294499	1797.27640015	1799.07826051	11.6698113074	1813.4229696049388	1779.838382794636	1407546.47737	3.37336644043
122376	105	12903.5045259	1732.87600187	1732.76958481	2.70241277087	1738.093427493164	1728.0882837409094	1440569.95192	3.37358993378
122826	106	12905.4553578	1809.49155759	1809.45807456	8.1289563318	1822.7978468162091	1796.6708177248775	1471256.54826	3.37292088972
121504	103	12907.450923	1737.48597094	1737.59814769	4.09999846008	1743.5696065455866	1731.749200421814	1403631.66571	3.37353864408
123014	107	12910.7235849	1758.44257026	1760.76547868	16.2499697014	1778.3036151157794	1734.5127368161798	1468444.42111	3.37331545089
123195	109	12911.498672	1806.20458285	1805.48652505	11.30036262	1822.2350847103721	1787.058910207078	1458468.60926	3.37300706596
123537	110	12919.2793469	1789.88982137	1789.79822539	4.36524432765	1797.4911042428155	1784.38815042305	1485890.02989	3.37333408206
123621	111	12928.8912749	1717.39676888	1717.67980272	5.39332766061	1723.9709847720576	1707.412017562087	1477502.57642	3.37341802809
124464	112	12932.4059658	1766.3583886	1765.26460887	10.7153362795	1779.069948241022	1754.7205578576506	1513056.77136	3.37287769894
125545	115	12949.881634	1759.5216474	1756.98607025	11.3857579471	1783.798906526755	1747.8415812109797	1582679.28009	3.3724596118
125836	116	12965.536238	1753.63564617	1751.61246784	15.7627878732	1776.178694205891	1734.114957300142	1572983.04314	3.37297456885
125448	114	12966.983423	1807.23554196	1806.67894589	4.28756489894	1814.3577470150326	1799.5846714441054	1564810.5298	3.37324845969
124991	113	12968.1856039	1725.47251269	1719.320312	12.9252534351	1744.0204631139086	1712.609177563205	1540561.4335	3.3731749587
126124	118	12972.3995559	1835.11614505	1834.54189526	6.9528788748	1846.5610946600327	1823.8311139767527	1606477.19805	3.37249881454
125940	117	12984.263968	1706.21576916	1707.76125725	3.90991287915	1710.5648188225155	1699.3011372230112	1577986.73293	3.37288278423
126675	120	12985.8866358	1724.16374648	1723.51878644	4.13834346323	1733.7420079894127	1718.637159396745	1638956.96813	3.37274338838
126768	121	12999.0190389	1799.13289983	1799.9356129	11.2914375364	1814.7977836770067	1784.7861533980501	1645264.44994	3.37264977281
126412	119	13008.5924759	1832.12278391	1832.89178523	13.0703775015	1851.9182623881143	1815.95897845343	1603634.49999	3.37300929412
127021	122	13011.424922	1750.00997517	1750.24588639	2.90691301101	1756.1090465105976	1746.3968923443756	1675251.24744	3.37278814848
127071	123	13018.2033169	1792.97825358	1790.73884002	18.5395158841	1817.6682222980453	1771.5108166292061	1677160.08109	3.37246751251
127076	124	13033.4462268	1774.29000986	1774.95994774	11.461906122	1790.8005881030906	1756.904630295372	1674869.75764	3.37273499941
127419	125	13063.7933869	1742.46540044	1736.28061396	15.773970957	1763.3737043890105	1726.0827338804777	1700815.50385	3.37318419589
127535	126	13080.595526	1893.9713944	1894.05861065	16.7365389224	1927.6693785558366	1867.864198096161	1741927.777	3.37274587432
127800	127	13124.0728428	1789.80981772	1791.00621767	6.59572649986	1798.2004518689198	1778.2562763534947	1805863.6448	3.37227009344
128000	128	13194.9952028	1665.93827451	1665.44614864	4.03485280942	1672.9027108980456	1658.0696505333472	1866375.75685	3.37237775356
144780	129	16034.4343588	1748.91984397	1749.52379001	6.34208379391	1757.9492224618957	1737.8365652768684	2226372.67706	3.41082877062
148137	130	16054.5464089	1777.76178685	1778.99011539	4.85255157895	1783.5542593916912	1768.8437699004517	2313738.18953	3.41033331153
150137	132	16090.7412059	1769.52219275	1770.2980617	4.08487332865	1774.4943116724985	1762.9555420119975	2389030.10734	3.41009529212
150727	133	16093.5447819	1742.94551651	1740.18224192	6.00650369005	1757.9508310526157	1738.273624950215	2396555.9361	3.41057179371
152592	136	16094.1363208	1783.21644207	1782.20540419	4.90181903601	1792.4500147414303	1778.167721389005	2490154.58085	3.41028985806
150106	131	16112.0963469	1803.62631809	1806.65168317	9.76164363074	1815.1677336986043	1786.4310422636713	2361970.98908	3.41022771995
153883	141	16113.006176	1740.46135594	1743.45461549	7.75723203844	1748.6789443218167	1726.4533138390002	2533858.28134	3.41028234991
153476	137	16124.046706	1744.2349631	1746.65369483	5.91194301088	1750.3365213953657	1735.9078940108311	2501327.18175	3.41052561342
152201	135	16124.9267168	1829.20585982	1829.14794606	11.9857535962	1852.6427957287087	1810.889071897004	2456724.27497	3.41017493734
154340	142	16127.8821309	1780.13696828	1778.80424727	7.85054740649	1791.6895488949867	1769.8818659048115	2557121.87032	3.41033173551
151677	134	16128.4361179	1842.05706541	1844.09191447	5.23581355709	1849.7326847290024	1832.1687777207956	2434125.30164	3.41024935475
153749	140	16129.4959869	1784.8811245	1784.25373155	4.07840909099	1794.054025855282	1779.0660152967616	2535334.73379	3.40985328882
153646	138	16135.2651529	1731.42722036	1730.41116727	4.62813126771	1740.4028204757012	1725.769069808365	2500560.43621	3.4103300933
153741	139	16137.2267368	1812.84837124	1815.30495047	7.08499327464	1824.2153801311358	1802.908971194371	2532648.74519	3.4097436734
154992	143	16161.6407568	1692.3616112	1692.44779433	6.05750279657	1703.2560350593963	1683.3670126020031	2579126.05758	3.41025875462
156162	145	16166.6492989	1745.11654965	1743.53799299	5.66206006311	1754.1632070950855	1736.9677469320254	2686207.32412	3.40942344632
155138	144	16189.982543	1767.38294385	1767.09135041	2.46992151956	1770.9682690827779	1764.321833083872	2619413.89119	3.40970086071
156939	146	16194.076479	1819.3366081	1821.12091163	6.15527734616	1827.1764352308962	1807.4781975631001	2709581.29852	3.41040045591
157684	150	16207.5213339	1729.10493842	1724.26654233	12.5822893803	1745.5401349707151	1715.1875508832015	2788757.80383	3.40973501899
157067	147	16214.3914449	1752.86678276	1753.99960923	4.27849097032	1758.2591395035352	1747.104709446679	2710509.57395	3.41011314934
157127	148	16223.8244638	1744.41584713	1746.44971882	7.51718210037	1752.5814703762717	1733.5606202347299	2724302.92331	3.40994765203
157186	149	16226.7514949	1839.65411862	1839.69007746	5.12359058202	1847.9311021973976	1833.1789970327004	2754911.68614	3.40944431703
157789	151	16235.0047598	1707.19056192	1706.4280331	3.36089859257	1712.8626264531856	1703.087861645844	2785334.00531	3.40956776505
158458	153	16245.8659658	1784.25836039	1782.65479013	11.4230341635	1800.6279007191201	1766.2721237590038	2871883.62503	3.40982431318
158221	152	16256.9835889	1809.09713026	1809.07636381	4.12638656314	1817.0086870548769	1802.5233614989104	2841283.39792	3.40960709668
158905	156	16276.0177479	1797.11941948	1795.91244102	7.71042071226	1808.9969826324323	1785.430453336709	2921815.50895	3.40968944997
158680	155	16287.1491768	1826.42203928	1826.05063859	8.57370526037	1843.89074881178	1814.00639134977	2902149.77153	3.40933944749
158501	154	16290.553787	1804.98710663	1803.45628936	6.76110920642	1816.9090275838835	1796.9357868906945	2846303.4533	3.40975888585
159299	157	16314.3841028	1725.71579654	1725.84219361	2.73336076655	1730.6698947530926	1720.9349577772207	2967059.38323	3.41026987247
159491	158	16340.4497259	1845.5481474	1845.88681784	13.6303874773	1866.888435936417	1829.2410339195042	3033887.11909	3.40973476081
159780	159	16396.3297479	1810.25545656	1811.81716585	9.46542377583	1825.2519618952451	1797.2733336079953	3115566.05037	3.40939595069
160000	160	16450.0249519	1675.44775585	1672.03084102	8.20609099128	1693.9248142383499	1668.5985284186206	3194685.0183	3.40955096748
175671	161	19236.156013	1756.18635464	1756.37579147	4.42924043239	1762.806227250233	1751.1264145066075	3647998.58184	3.42323779499
177375	162	19255.4697678	1785.52884574	1784.54616763	5.0487939387	1793.907576487233	1778.1718158160577	3745488.89955	3.42265230078
180951	165	19295.0950968	1805.32733745	1805.05722966	5.83134393165	1814.8268201312894	1795.9525143900114	3911525.2463	3.42279417818
180466	163	19302.710886	1778.09455454	1779.26023176	3.71213645424	1782.208596758992	1772.0568763847534	3876365.5459	3.42234554357
180936	164	19314.3201008	1779.94043011	1783.93980897	9.70576439481	1789.3096643055444	1760.0630888620083	3876985.98858	3.42298004838
182900	167	19317.239738	1757.91844425	1758.76431272	3.79929675191	1762.6378931391698	1750.0175026947256	3994555.67162	3.42292995194
183835	169	19328.671067	1873.26841135	1872.55143672	10.4293488024	1889.7852092028425	1855.0513436961198	4007248.16606	3.4226365563
184281	173	19336.4053099	1755.51809104	1752.122426	8.67316597105	1767.6704353572775	1746.5345346157292	4056479.94527	3.42275680149
184093	172	19337.0648959	1783.05013624	1784.23940565	5.87391605604	1792.3839708339171	1771.7650350160984	4062362.3859	3.42281463215
183943	170	19349.2036529	1751.4351129	1744.86034716	11.5638414348	1770.7452411967492	1742.0775868618564	4035226.74407	3.42276353466
184073	171	19350.5255778	1789.31827429	1790.88127658	4.5458573116	1794.4961482804958	1779.5115763449044	4071923.28026	3.42229860746
183639	168	19355.7773728	1814.97535836	1815.68800355	8.59636859963	1831.908601659375	1803.2287086717067	4007015.78594	3.42251236956
182568	166	19357.513855	1809.42676301	1810.00722868	3.0135840898	1813.192293910852	1803.856789443311	3923805.04523	3.42253398575
184519	174	19377.555655	1826.31815665	1823.70295753	10.2991657681	1841.7764865926908	1812.4087068828887	4095311.34185	3.42203123163
186155	175	19380.4703929	1709.55999614	1714.27789206	9.35424432284	1718.0744575791578	1693.2612592972812	4186820.71077	3.4226714068
187487	177	19395.5229399	1775.05045503	1776.05737024	7.6585088535	1785.577383334181	1764.8858291654444	4325341.40037	3.42192339587
186458	176	19406.849442	1744.02129481	1741.94019327	5.86854612969	1757.5088823926008	1738.0886584318125	4266600.42961	3.4218238895
187846	178	19409.5865688	1830.11419509	1836.96769762	16.2685399313	1850.7720509427777	1804.8347363190517	4342513.48425	3.42301850698
188867	180	19441.1916659	1770.79085882	1772.03595041	8.68566630454	1781.369211549643	1757.0825654400471	4424696.75294	3.42250215979
188597	179	19451.489455	1760.87518743	1762.29722429	7.60787119594	1774.8579193912367	1745.287397890894	4436982.74651	3.42206262748
189407	182	19453.7769389	1712.46679131	1712.0214054	11.6616834113	1730.5050522377533	1697.2572056571762	4525830.11202	3.42193814598
189048	181	19467.752738	1742.63397014	1742.48238884	2.64671304602	1746.6635211643218	1737.7594745911197	4456504.31732	3.42231726117
189432	183	19470.5468228	1859.81147702	1861.38990959	15.2255470016	1877.4297902594883	1836.9938511555617	4501832.0288	3.42188787973
189915	184	19474.2340469	1811.32870278	1805.92043191	11.9734204153	1832.4825081773627	1800.7747020516251	4589720.11929	3.42235279985
190097	185	19478.254061	1818.50225863	1816.54571601	7.39409124683	1831.225496331114	1808.4645986614987	4610080.57069	3.42213704989
190830	188	19515.357481	1813.91971633	1815.08828351	4.81488948285	1819.9721034641286	1803.2109309626483	4698118.88768	3.42205625905
190660	186	19522.18434	1824.41785375	1821.86775609	12.889225563	1846.3454028737458	1806.7908224982523	4690432.07374	3.42220134472
190778	187	19531.221195	1840.37939068	1841.01485707	5.70336335646	1850.2556604690126	1829.463192374623	4716721.88986	3.42171251795
191138	189	19553.2039959	1723.98891239	1725.22644277	4.13371347027	1728.7328071280922	1716.363725518256	4753653.80034	3.42286323214
191450	190	19602.0076659	1872.35849265	1870.00427215	19.4507638137	1900.5547035903098	1841.1872953453533	4871999.34657	3.42221293293
191829	191	19683.6556549	1837.22341622	1837.34197695	3.59047744062	1842.9645596167577	1832.818404402552	4985399.21479	3.42183200271
192000	192	19697.4508948	1710.56194906	1708.99125775	6.09585499186	1720.3087026557116	1701.5876863597216	5052546.40474	3.42210877298
207411	194	22456.2918019	1803.53141561	1803.66908507	12.835835325	1820.7409394643228	1783.0340220058388	5776760.57015	3.42613218347
205727	193	22472.1850059	1762.45503836	1762.45549918	4.27108628351	1768.559450498435	1755.7710678380236	5650184.56781	3.42685592438
210770	195	22505.4664178	1815.84518551	1818.69638049	11.0331834598	1831.9605958865452	1794.5403541288151	5996594.82906	3.42628774095
212813	197	22522.4336128	1776.62066618	1780.64409781	9.03761426976	1785.0358406277098	1763.834216686815	6118010.28337	3.42654092301
211718	196	22522.4755919	1794.44087755	1794.38176495	6.52091466994	1806.4136093000775	1781.185018748922	6047637.1972	3.42569795905
212909	198	22550.6637659	1826.14012871	1824.3719731	19.0219381341	1853.3494813782524	1795.6097522099292	6079046.2109	3.42639416581
214263	200	22550.9784029	1797.7807465	1797.80547548	16.6656392689	1826.3837270915533	1778.1441008371717	6228861.24941	3.42625197155
215217	202	22554.6951768	1799.91443938	1800.24475191	6.22143354215	1811.003432607837	1789.4612837329553	6327719.46797	3.42588409795
214056	199	22559.1247978	1930.44053436	1926.82918774	21.536325275	1956.6170640412458	1900.15056223045	6178750.05168	3.42625289674
215260	203	22560.391917	1797.94548223	1798.00536215	15.02296838	1819.779106767417	1771.945589518267	6292642.5851	3.42617666064
215639	204	22564.8430429	1861.26296978	1863.49331178	16.2891686019	1882.5355309102872	1831.2124417824043	6303035.95447	3.42590126925
214618	201	22589.343632	1789.57001424	1787.71706252	9.78940877036	1806.5151357227521	1777.8760082933147	6252947.49235	3.42627194627
217072	206	22604.326766	1871.29697914	1872.06526524	10.2639473749	1886.6440423499373	1853.8277477262038	6469908.38791	3.42549074683
217140	207	22606.5833688	1722.92706875	1722.58004923	8.47400440134	1740.1282584693074	1712.3051580282402	6486894.1299	3.42596476428
216039	205	22607.9075408	1835.01659962	1840.46209618	13.9825202354	1850.307299788692	1813.2279885436542	6273926.85553	3.4260780095
218069	208	22644.573776	1789.87662218	1790.15656322	4.69329607396	1796.2660654236736	1783.7687660174631	6667172.74815	3.42528050708
218432	209	22652.3379149	1771.01510817	1769.28054661	7.14571417769	1781.87457263732	1763.2519272232594	6656203.84633	3.42524504214
218455	210	22660.7170699	1884.0877402	1887.12611594	12.6136558722	1895.6094006255441	1855.3755426847508	6643175.32098	3.42673314259
220167	211	22684.2705109	1794.92113089	1798.26714482	12.5033055422	1814.0546922160179	1776.826673859424	6830235.04875	3.42602969624
221178	214	22688.704906	1766.83628724	1769.94480301	17.8473854208	1790.5004252178755	1737.1717547982946	6967340.88177	3.42576572907
221209	215	22691.744462	1905.06079811	1904.49640893	22.1536791275	1936.1408877973677	1874.342141959078	6995723.91851	3.42544789052
220625	212	22698.2391038	1798.53232882	1801.6074295	11.1723789158	1811.2607050716147	1776.5961258012658	6902778.69799	3.42547780129
221308	216	22709.6680708	1881.24880855	1885.76025058	20.9925702877	1908.5114570217156	1845.3935128112673	7032378.19114	3.42585496927
221473	217	22712.1496458	1824.12415714	1822.56307397	8.79645093102	1838.347928747454	1812.9089786668392	7068859.1689	3.42581508797
220802	213	22714.2613418	1746.29385557	1746.98739749	9.58150800909	1761.9322926985399	1730.241081786453	6964497.29686	3.42532975814
222302	218	22749.1075008	1855.16360672	1856.24168023	12.9651679924	1873.5251471189529	1828.5368330857805	7216788.31912	3.425590295
222481	219	22767.522321	1860.04024735	1860.17915111	6.16767140202	1874.2158887792211	1853.1759980130344	7216372.52539	3.42584854125
222909	221	22788.4650419	1735.3478708	1733.38913078	5.96512417209	1746.98300227077	1728.96414862588	7289456.85001	3.42643095939
222625	220	22792.1376519	1865.50190661	1864.48537998	13.6229383698	1884.4111736052319	1846.9421373160694	7292180.36767	3.4251750034
223399	222	22844.8882618	1919.94726074	1920.87577528	10.0954790242	1933.5824979536435	1906.0245712816288	7469014.11856	3.4258048626
224000	224	22966.0274718	1731.74359834	1734.32838234	6.39879225313	1738.990097042773	1720.2177937861077	7642932.66316	3.42571334149
223959	223	22966.337343	1873.71291864	1868.98829375	11.2285561218	1892.5868964594022	1858.9667767943452	7633003.38044	3.42529028171
236792	225	25707.7294278	1836.10034184	1837.08110175	13.1927248818	1857.5871077472405	1817.040804682213	8406207.96911	3.42650750939
238109	226	25733.148592	1779.08684632	1771.62851166	16.4708175889	1808.2999426305303	1761.2665169314853	8376072.59237	3.42733728843
240919	227	25747.080652	1855.37751548	1855.42526596	14.3010881575	1880.7936750096246	1835.208511962182	8696328.01691	3.42653070723
242440	229	25754.5937119	1811.41440817	1810.16622276	23.6976389987	1850.8194368126656	1784.2938643664222	8799280.00256	3.42692397764
242410	228	25783.8825989	1818.62283688	1818.79612636	7.45323843084	1832.2992537205535	1809.220462541084	8825438.20556	3.4260590771
245255	233	25786.7799039	1834.36970063	1834.13824796	6.65275646943	1843.1459168183883	1825.2015723608267	9085288.14296	3.42652807115
245150	232	25800.1159699	1851.5425696	1852.79685226	20.2270695353	1874.0416342551323	1819.2115554107809	9103369.15831	3.42632513024
244432	230	25807.3261089	1843.43092047	1841.34659992	13.5046983743	1860.7399127264641	1826.8721985797172	8992294.2974	3.42662669388
244490	231	25811.3457339	1880.65749182	1880.14385522	16.2336850312	1898.7956629616538	1858.4267542154994	8940785.47377	3.42670473059
245304	234	25818.4177399	1977.25237001	1972.7740079	19.3896169121	2007.384295948676	1953.0776231256027	9031039.03185	3.42659257258
245636	235	25818.7630758	1916.72701198	1917.46646202	22.1304105459	1948.3422069230696	1888.1364318227081	9118337.20581	3.42618657647
247468	236	25822.466583	1831.81385658	1832.83242751	14.2847719989	1855.2820341499325	1813.787442080554	9268681.93445	3.4264353689
248382	239	25849.7314758	1775.4300525	1774.93083095	18.4936411369	1802.8235559274774	1746.886032196829	9447120.96869	3.42618239116
248347	238	25858.686142	1879.77806803	1884.32089205	24.5497718182	1907.396756057628	1843.7860407134478	9334589.72614	3.42637983225
248131	237	25861.594574	1930.08908921	1933.3834087	19.3327870701	1960.2106782187657	1898.936152711275	9450621.37601	3.4257395429
250307	240	25903.8655729	1817.60951479	1816.72448159	9.68104563311	1830.7510818258684	1804.001016047171	9786248.86872	3.42563992198
250542	241	25915.010952	1820.06344332	1822.49710448	21.447521803	1852.287268711159	1788.1527502537572	9808731.96032	3.42547031389
250985	242	25927.1238389	1900.17664402	1897.35239504	8.34768683508	1917.1034996089113	1891.68501241631	9785066.57319	3.42712952309
251949	243	25939.9106848	1836.9697748	1833.8365021	22.3086888766	1866.2087252269062	1809.3979360096107	9989990.04936	3.42644774396
252304	245	25952.6852629	1956.66370479	1956.48579049	12.936127394	1981.2551503340535	1943.0624669155577	10135100.6542	3.42588883367
252289	244	25955.2101128	1821.15230521	1822.83792525	15.0042665806	1842.096715510099	1799.2820832121997	10104734.6216	3.42607111437
252585	246	25965.8502378	1831.86998172	1828.70210847	11.4348260348	1851.0603916684659	1818.2888300419409	10143938.8397	3.42591304392
253117	249	25982.600147	1857.78068862	1858.28461965	10.177560288	1871.6790219881805	1843.4257012087774	10279753.1801	3.42628547116
252933	247	25985.6961558	1929.67531616	1929.3884332	19.9370377588	1963.7316167022477	1906.5988857902569	10256866.1987	3.42613510048
253088	248	26005.6122949	1787.26223659	1789.84082661	16.3034933836	1810.4608385010956	1763.5085548199127	10280773.4676	3.42547671342
254240	251	26038.7532349	1883.74222997	1882.19381651	9.3226289649	1897.393763719669	1871.3651301232062	10566730.95	3.42633371861
253948	250	26040.1626658	1888.53059147	1885.23278818	12.0550665547	1909.9543651891472	1874.9735276721167	10507339.363	3.42595224177
254636	252	26080.0912819	1779.5448626	1777.60480185	24.2398982443	1806.9412831706281	1747.938866673028	10645176.0512	3.42683084974
254690	253	26080.815768	1909.00345299	1909.25901135	10.6877157075	1926.7934757938708	1891.646232163588	10758035.7772	3.4254572902
255194	254	26116.9372668	1948.15319986	1946.66978667	13.5211994556	1972.2938078943687	1930.89341837331	10939159.6515	3.42622029408
256000	256	26268.8833709	1760.94713466	1761.3026856	18.0155567421	1791.2136495252278	1737.391999964526	11214136.3973	3.42620534248
255997	255	26278.9311919	1924.04466169	1930.85232871	19.5681692747	1944.6229093926872	1890.9939930567082	11254311.5069	3.42565291322
268548	257	28953.8582559	1880.31224702	1878.96427654	11.2521785132	1903.436280150108	1861.7798126784048	12282355.0902	3.42568805581
269951	258	28961.6506729	1822.33076999	1824.59971116	10.162042678	1837.2969834757414	1805.3932508741352	12318285.3824	3.42668231345
271460	259	28995.4506788	1914.27929476	1916.68971958	14.7990976327	1936.0626162650371	1885.7943526829322	12624600.0456	3.42571994662
272159	260	28996.402277	1887.77065265	1887.87822898	25.1690972624	1919.7862653065476	1852.0752733118038	12675446.8841	3.42613980604
274567	262	29037.13989	1855.27571331	1854.25205054	13.4779483733	1878.9989865283355	1839.5147082013807	13029667.2434	3.42581807326
276235	264	29044.4904079	1884.28275587	1884.51132228	12.0249678033	1903.2461223176826	1860.9712683345329	13130267.6974	3.42592212689
274459	261	29044.9578378	1837.09057436	1835.92391714	5.277653489	1845.083732938201	1828.195364545385	12961396.5819	3.42524457564
275332	263	29049.402267	1900.46842482	1903.08726881	13.847107114	1922.4806434654947	1875.8741514537019	13139044.4516	3.42547551625
276994	268	29053.385597	1979.04364347	1979.41256206	20.0536825489	2007.2915249423263	1948.8184298554595	13294706.9132	3.42542998517
276895	267	29054.9404089	2031.98557352	2030.43631014	13.3755563641	2054.387249005581	2013.8773347994165	13227069.4054	3.42582463642
276566	265	29063.47401	1921.81123673	1919.15180676	19.8536893623	1959.5235787510699	1899.9052074205345	13162782.5096	3.42589828875
276864	266	29066.073344	1912.50313711	1910.53893244	27.3816408192	1950.383893026964	1869.2618482906785	13359126.824	3.42555908145
279191	270	29089.0839279	1943.41246266	1941.4025075	17.5609728508	1976.3847736758098	1917.6236402248408	13636296.9526	3.42551797319
279488	271	29112.49629	1996.68810113	2005.37306119	15.56617179	2008.0629472192654	1966.6025483954013	13802629.7977	3.42492964014
278794	269	29115.0860019	1827.47653289	1822.96605089	17.6094603565	1859.7084881930743	1807.1646611471874	13631098.0937	3.42540020486
281502	272	29151.92837	1859.22552347	1857.48362758	18.3481073856	1883.3401900489448	1832.8221976671912	14264170.2623	3.42486546283
281939	273	29170.599633	1889.98056067	1889.58620998	23.3457795242	1920.8409897066879	1860.369513378521	14313346.2374	3.42476724813
282591	274	29189.5117838	1950.3641874	1957.35330157	20.8469010924	1974.6211030603577	1917.0362395226248	14333617.3294	3.4262526895
283185	275	29198.8376749	1883.47454928	1880.70448369	16.4888025032	1911.8600874756446	1862.6692109748337	14521854.5186	3.42562997077
283566	276	29207.9119399	1875.32352455	1873.17483504	18.0309662368	1900.8219308939704	1847.5194160730646	14679261.1976	3.42530124514
283610	277	29215.3644578	1990.88405912	1988.79622681	10.7572449048	2012.4319063721475	1979.6418732437148	14690261.4916	3.42518011188
284496	279	29246.8508308	1900.46439501	1900.92308538	21.7336046312	1929.3276040398578	1866.1933675681782	14930331.0588	3.42566150468
284058	278	29247.0117738	1893.24000647	1892.54334083	21.0594412165	1919.1964084180358	1857.5095976069824	14787881.5232	3.42523076759
285036	281	29256.829335	1849.02764963	1848.23939189	24.280409703	1884.0056953104183	1815.4218613966714	15141357.5424	3.42450667636
284609	280	29260.8534908	1987.24260944	1988.52113991	9.51733882194	2002.4712758048074	1969.0272871576713	14966313.8083	3.42545784501
285924	282	29311.5289669	1949.90158755	1950.69023137	16.283979083	1976.6961247749791	1919.9216779762364	15351831.1662	3.42516580004
285926	283	29322.9229028	1958.60233607	1961.96790954	34.6259783969	2004.8266026198112	1902.224657308197	15334068.407	3.42564031829
286585	284	29348.6996069	1844.82288713	1849.92192643	21.8480080381	1870.8299676870888	1808.4507687597734	15490182.4547	3.42617487059
286602	285	29364.2052238	1948.11242541	1945.97549157	16.4038041465	1971.9870268937048	1926.7719442910973	15667911.2322	3.42471506777
286979	286	29415.533499	2007.30218796	2007.2722901	25.311196639	2045.227468981786	1977.4634637574736	15793926.2766	3.42540469245
287963	287	29581.6269689	1815.00397941	1813.24618939	14.0903590702	1836.5026029885819	1797.0335918698106	16150108.8206	3.42555140673
288000	288	29587.2527709	1981.26848846	1981.10467032	24.5749709354	2015.067195350172	1944.9069481749477	16242559.6351	3.42494411356
300259	290	32144.6811738	1883.71343841	1879.96580042	27.4207375208	1923.5705037813173	1845.2657299754594	17385884.2159	3.42547446978
299665	289	32151.9154148	1944.79094934	1938.71957159	29.5747147466	1993.1059371578112	1907.5171593757977	17408981.0285	3.42454434971
303282	292	32208.29333	1975.10428547	1974.97667944	28.1566841157	2015.7411740019354	1930.3432689817857	17761470.427	3.42506518551
303105	291	32249.1252258	1977.05083975	1978.66411351	21.1648557638	2012.193559978197	1947.3193689678897	17806374.8905	3.42457255301
307126	297	32251.164042	2044.82497243	2041.93905207	20.917710537	2083.6382644607847	2014.4512394478318	18417094.4903	3.42442943016
307793	299	32263.9869268	1994.6320425	1990.65013644	19.9798079581	2027.4639744024187	1963.2098748142168	18485074.904	3.42466849953
305894	293	32267.4756799	1921.44592374	1917.83675542	25.6900357869	1968.701284559794	1891.0062082567501	18215503.3846	3.42465076743
306603	294	32268.3777349	1964.75206193	1967.31210076	36.3470981966	2017.6133920669201	1910.6865743305455	18303746.4362	3.42467687317
307964	300	32275.4120998	1990.73195513	1994.15708569	22.4827803173	2021.2514948263477	1952.104610927786	18595024.7651	3.42434687259
306916	296	32289.307673	1969.71576614	1972.03143413	29.6542715569	2012.741519990239	1923.6528648145245	18415420.2322	3.42413793127
306674	295	32292.4710779	1896.84063323	1896.10490457	30.053275484	1941.702784831171	1853.156042942375	18318104.1986	3.42412872823
307480	298	32305.5662248	2082.2818855	2081.46623117	23.4697192824	2123.141611534762	2051.9173623184893	18436299.9843	3.4247274675
310484	302	32318.859005	2028.316434	2023.32065448	19.5301607675	2063.7607484220357	2008.9084204230408	19190050.4334	3.4237513868
309264	301	32321.5423329	2025.06427955	2022.16334167	27.8237278794	2067.8098852759576	1985.3422313004908	18827275.8747	3.42427570702
310820	303	32364.6531708	1898.25271622	1899.20600875	19.444778827	1926.4537322081223	1868.6884957471389	19055978.248	3.42426344865
312486	304	32371.5700068	1920.52343306	1920.22344842	20.361965221	1949.6477951096542	1891.2643663789706	19710053.1509	3.4237064678
313526	305	32417.0320418	1965.71142971	1966.42903077	22.1413906041	2002.5316894211023	1930.7053793767157	19830026.6227	3.42364881706
314201	306	32424.7742288	2029.00167722	2030.53233516	34.5649544909	2077.9270539972067	1979.5672889493233	19892050.3143	3.42507395412
314950	308	32428.9341729	1928.56177338	1926.91676636	21.1749276553	1964.020491269269	1900.126669762742	20181031.4776	3.42440885203
314698	307	32437.271673	1945.62104106	1940.69977321	19.1961105668	1974.2275588159227	1923.1371853188937	20062702.2319	3.42446966283
315183	309	32439.3397379	2068.68951755	2063.20993902	29.0480170287	2110.4139456593825	2029.448566377356	20313231.9144	3.42390000227
316047	310	32451.8332839	1970.76662091	1969.7350957	25.1179782245	2011.014311071173	1936.5488833813397	20550827.2201	3.42458258275
316365	312	32489.1608088	1910.52589576	1905.57246423	17.0846221472	1941.3547041480676	1892.3957027964439	20841032.6167	3.42334835916
316230	311	32490.7755718	1952.01913635	1952.77381068	27.4201480727	1995.5176320617156	1918.2326024022216	20564341.9441	3.42413908738
316532	313	32518.1732888	2049.09048839	2048.51214901	24.9757452596	2085.1537018706063	2013.776733114764	20741133.6708	3.42436555611
317510	314	32559.2214999	2013.06795209	2014.35177412	15.5593314829	2035.6074179770296	1988.0248388293762	21192494.4584	3.42389292436
317735	315	32566.3292758	2074.10501242	2080.44855347	32.6413743555	2117.0641635199318	2018.8119311943165	21195729.1085	3.42458990544
318111	316	32585.7456758	1906.62173652	1905.92019562	26.3835979774	1943.8875642374817	1870.5654519218554	21290017.9856	3.42516223599
318317	317	32604.0954039	2006.14697254	2005.72785732	19.3927039545	2030.6053606270405	1976.2701378260692	21634981.453	3.42357642394
318910	318	32689.895751	2070.54080834	2067.41304482	15.1934661005	2098.1773766777524	2052.2518563369895	21821022.0377	3.42413233105
320000	320	32836.1726229	2055.86369691	2055.14031156	27.8436224652	2098.6735823806994	2021.6145854533477	22351353.0116	3.42382174709
319995	319	32876.2775159	1871.49158624	1867.92635146	29.1134354852	1915.4580052372776	1836.3743087771936	22192311.9596	3.4245272486
329560	321	35348.2061059	1968.80847102	1967.64129914	27.7262287243	2014.8007129087873	1932.1059257038728	23449428.3116	3.42417305033
336827	324	35449.7022889	2061.95093873	2056.25813434	32.4609246969	2116.5486314275795	2018.940554418801	24533333.8326	3.42315465974
338110	328	35470.4630399	2024.59679273	2020.79011589	25.428068875	2064.6878516928296	1985.8488420903334	24826435.857	3.42327681189
337098	325	35473.0520489	2121.02214962	2114.5738043	20.4352083165	2155.541738436823	2096.122058033869	24684873.4835	3.42325954826
337911	326	35473.1800208	2078.77807278	2076.01460971	33.2088865211	2125.8896687505335	2037.4793573187358	24874216.1794	3.42336264147
338041	327	35480.9795918	2047.96114496	2048.8787818	14.6603916461	2068.8872189786375	2028.4755230193066	24843037.0745	3.42318725713
339596	331	35488.3930528	1985.47136141	1980.29776395	25.5435167786	2027.3638754098042	1949.0414730601979	25166204.6022	3.42283489089
339388	330	35490.5306189	2066.03686728	2069.23172564	37.4503495589	2122.659486376481	2015.1466973593917	25163420.0092	3.4226954005
338450	329	35492.4622018	2083.28699772	2083.71191727	27.9398553229	2127.521624655282	2036.6913469294045	25028690.0627	3.42307058517
341112	334	35512.1365938	2119.74011493	2118.26727703	27.0151435778	2164.2179319972183	2080.1513601043603	25512405.8807	3.42300005935
340945	333	35513.4123888	2096.62352653	2089.30233533	25.9382380693	2138.05398288615	2068.9852721877483	25706063.732	3.42268963411
340356	332	35543.3153808	2183.36774686	2182.07693374	33.5185029857	2230.137434997931	2137.3093526834386	25211141.4692	3.42355432062
343673	336	35557.149581	1998.05875587	1994.94797329	29.868299196	2042.937662290678	1958.1988340617984	26513752.6711	3.42253581894
343542	335	35581.495255	1970.97519156	1970.74147558	27.5470361771	2014.8262020507298	1929.9038567972052	26028289.6225	3.42314396712
346240	339	35653.2203848	2015.08281634	2011.87873534	28.4845056193	2054.985250658886	1973.5740476248727	27093025.1555	3.42324064966
345952	337	35658.8494799	2059.55436052	2057.34435912	34.9443500806	2112.401992958256	2009.225646958585	26913753.3091	3.42248946341
347030	342	35662.7526729	2065.77432395	2063.44317301	29.7315866722	2110.599213398646	2021.5230665900015	27485028.4497	3.42323827675
346661	340	35666.7283039	2013.40762257	2010.4301932	24.2833583521	2049.7424474679538	1980.9305058076427	27185165.3322	3.42304751829
346199	338	35666.989126	2131.14360203	2135.68923905	32.9835524007	2175.7208278509875	2082.821038532679	26945497.3152	3.42379513736
347999	343	35691.145303	1974.58053108	1968.33040207	23.9519418679	2013.2693663157077	1949.4150804366172	28076494.5441	3.42207389024
348662	345	35732.4225318	2147.6556684	2142.67637742	30.6082715951	2199.6689234681144	2100.5881279329983	28257607.5555	3.42296533676
349334	346	35755.308388	2079.08309569	2080.79524122	25.8327902299	2118.9211156248803	2039.7943059632014	28624476.8414	3.42259661453
349512	347	35756.9018009	2184.11928966	2186.31559787	41.4289415127	2248.210559882948	2124.3337123464235	28597367.0487	3.4234753282
349783	348	35791.0801539	1999.46150591	2001.96006095	32.6789545676	2045.4214412833526	1951.6757662443292	28642611.7628	3.42396416127
350038	349	35798.257308	2084.02349988	2083.21635772	29.1880773179	2133.2012359624396	2038.0320455359604	29181019.7766	3.4222493674
350886	350	35886.6077259	2169.34554045	2168.03995542	34.8891136874	2217.939493798157	2113.544208322551	29497389.3692	3.42280969434
351872	351	36023.022795	2175.95225353	2174.87044984	42.3964191952	2234.259967722498	2113.611243400274	30001888.5213	3.42263004759
352000	352	36051.2593608	1963.44208867	1964.43915355	26.8793358027	2006.585646500395	1923.5986101447058	29819462.8915	3.42341874813
364934	354	38271.5788889	2180.93165096	2185.26968927	34.9347571648	2226.5398026527014	2124.8629562958845	32426367.8683	3.42181381668
366585	356	38274.295409	2234.98323017	2231.69024598	47.921546726	2299.239181808309	2170.444654078219	32603603.4325	3.42197266625
366605	357	38285.4463849	2189.02332327	2183.50237041	42.970101109	2257.666309175292	2136.6841970428777	32707905.3686	3.42214183856
366249	355	38289.6075408	2135.33744695	2130.63512445	43.9730716777	2204.397797585505	2078.743032881859	32670573.0775	3.42211463358
367379	359	38297.842284	2170.72263154	2171.34138762	27.3435009054	2214.416989868476	2139.743509436546	33114260.7641	3.42127771603
367462	360	38299.32794	2082.84044964	2080.13964272	32.7914280966	2139.291984716636	2034.734821398098	33068024.8646	3.42154647879
366957	358	38299.9799378	2136.21392942	2133.83171992	39.9475154016	2199.512799340712	2075.6759755239973	32806293.5678	3.42187702949
368726	363	38328.943897	2212.22462709	2209.18595804	40.2392610691	2273.915045500623	2146.0771622469433	33489607.3938	3.42164044175
370617	365	38334.5973349	2120.65271719	2119.27546289	43.7627257052	2187.5525682903585	2056.8835042399246	34261723.8541	3.42147639858
374756	367	38441.4452958	2134.43411261	2130.38007687	45.5536103491	2207.438299426319	2067.974389102954	35319280.2747	3.4220564266
375042	369	38443.659966	2178.5888128	2176.19284943	43.962833013	2245.0512708741935	2122.1808597824916	35653826.8427	3.42176884111
375201	371	38446.2555718	2233.79473542	2231.29155844	38.6163089059	2295.4644543058803	2182.854651586946	35329213.2554	3.42266554957
375180	370	38457.1035588	2129.41869189	2129.24519723	46.0454183398	2198.3473558480987	2062.6552489344776	35567857.5095	3.42163325834
374900	368	38507.3572578	2180.42628755	2175.15507476	38.3470359662	2241.940831563766	2127.0827099994995	35352720.6909	3.42133336322
376755	373	38602.5921659	2262.48345758	2255.87148491	40.9633695891	2331.8770765358913	2211.3270013394635	36737725.0166	3.42158289133
378872	378	38697.7580378	2281.15659019	2288.89686122	32.7359444703	2317.097386911371	2222.7481636966795	37989830.1629	3.42158476192
389587	381	41058.4859109	2309.36355663	2310.59967812	47.7734933707	2380.545589068574	2235.6902146790967	41062639.2954	3.42047824177
394914	394	41348.6637189	2320.33195128	2322.35192422	49.92010987	2397.4050969001305	2251.2316268429786	43970520.3084	3.42013147869
395624	395	41382.6921809	2435.43448824	2439.17589288	63.6632444859	2529.899170236019	2341.349596820309	45057560.3928	3.42037155903
398849	398	43981.0473218	2504.19713578	2504.50759583	56.18390243	2582.3926628987297	2422.135921252473	48452651.2824	3.41906590554
