steps	episodes	elapsed	mean	median	stdev	max	min	average_value	average_entropy
30990	1	6516.66915393	2083.64711022	2075.9272285	24.2523533651	2124.777373472853	2058.756066783935	12.9416204661	2.18966657917
31104	5	6529.43932891	2047.50663044	2043.82586239	14.5026114674	2068.5360096938734	2031.600773724614	12.9470004059	2.18964931738
31111	6	6549.3676188	1985.32441099	1976.71515763	42.9949504736	2051.1858404946347	1936.03050809477	12.9209602641	2.18965160192
31078	4	6554.44336486	2029.99443016	2022.91569714	29.1494238624	2068.2568107241477	1982.946253094944	13.0096354117	2.18964347255
31073	3	6562.42293382	2055.34147509	2060.07913813	28.7829464264	2097.6612553883524	2000.1157266086307	12.9703025438	2.18964558767
31067	2	6564.3327508	2045.81305215	2037.64202018	24.4804507092	2095.0251364757946	2017.577065244366	12.9670036068	2.18964036515
31215	8	6576.523628	1944.88721091	1931.91443559	54.4669435177	2047.3233127029214	1879.3527555241214	12.9396114298	2.18964395568
31318	10	6578.66705894	2012.33257793	2018.59828544	30.5646464802	2056.0243259832405	1944.6563229111332	12.924163547	2.18966986917
31303	9	6586.40763092	2070.20246657	2084.89627627	29.1807908841	2098.087068474513	2024.5034488334518	12.9114855235	2.18966057959
31417	14	6601.53009582	2031.75402608	2035.80282282	20.4357780738	2058.2035807010943	2000.2220322571904	12.9457862771	2.18968784524
31383	12	6602.50964189	2001.79552824	1994.2682672	29.4690376418	2063.7899238264586	1963.1290726359643	12.9025296323	2.18969023111
31746	17	6605.17549896	2030.27281905	2031.60342818	13.270318721	2048.623711869255	2009.1070605274792	12.9216891208	2.18967925369
31373	11	6606.03101897	2024.36555382	2020.07463931	18.0098764065	2050.258959773863	1997.8761673821214	12.9360972251	2.18967918488
31479	16	6642.32161784	2063.27308221	2063.31859557	14.865669511	2085.065971611999	2039.8927486536556	12.9408868616	2.18970319938
31190	7	6647.40887094	2029.91545345	2035.81910896	27.7816745091	2064.663930651188	1990.1057723120311	12.9311537576	2.18964386606
31405	13	6658.09274793	2037.55502324	2048.26897956	23.9510446319	2064.8236762063707	1988.458318257702	12.9459487331	2.18968832336
31861	21	6899.8177669	2009.25579329	1992.9101604	34.6683859534	2067.708179693209	1974.0388645412727	12.9271618185	2.18968562854
31852	19	6915.30964398	2023.21052903	2024.98646081	30.1107372424	2067.9929646915875	1978.2067439929835	12.9233591899	2.18966825358
31886	23	6918.40865088	2063.34610229	2064.6275077	21.2488367933	2091.0757496515234	2017.439707225453	12.9410700562	2.18968571401
31957	25	6930.87948179	2039.27133508	2028.78879338	30.0665110425	2082.8518189557108	2000.1644413147073	12.9326689899	2.18968748515
31873	22	6933.96630287	1993.96576805	1992.11425886	18.5717102069	2031.173252029725	1964.9265683145952	12.9542843483	2.18967103437
31854	20	6936.47390485	2020.58277553	2012.73680541	23.6300565244	2053.261189572355	1989.302067588674	12.9799591734	2.18967929125
31847	18	6941.19284177	2009.00882072	2004.66813373	21.0546484885	2048.1738421371324	1985.7602600379594	12.9325118332	2.18965992585
31928	24	6942.91713381	2063.75150269	2065.42694958	20.3613089446	2094.1201351215054	2023.5937166040833	12.9368488928	2.18968620113
31965	28	6943.97806096	2040.93054331	2031.99572128	40.7179948353	2093.2905869899255	1971.243994267713	12.8790833039	2.18969086237
31974	29	6952.81113482	2034.92689271	2028.43841688	21.0418714422	2072.3674475857824	2011.3274734306658	12.9305315895	2.18969810334
31981	30	6957.87608194	2074.45005554	2069.99674733	24.0644843614	2127.526441165367	2046.9710424047203	12.9460856657	2.18969606625
31450	15	6965.93885684	2035.57613591	2033.50945785	11.0716766772	2057.6892740663457	2022.4637689515525	12.9539209867	2.18967527701
31959	26	6968.62292886	2036.34537129	2029.27969113	30.2105128607	2079.8940792355083	1999.4493747191475	12.9349272012	2.18970433046
31997	31	6990.32090378	2066.18809897	2064.60373749	9.40538382564	2080.489980422835	2055.8728551221316	12.9270828773	2.18971628045
31961	27	7008.96871591	2093.55493067	2100.18577639	27.8835131695	2131.642657581034	2057.289492922323	12.9100175713	2.18969667066
32000	32	7014.42844677	2027.60831697	2021.95520617	19.290426251	2065.0548303748333	2010.2185027405094	12.9315978415	2.18973476324
50114	33	13006.9988658	2067.51041447	2059.95937958	15.1054074936	2095.53626950887	2049.585794806235	17.6791569857	2.99619016257
51678	36	13055.2066219	1970.77321842	1978.87140386	19.0905482213	1988.5425912107073	1935.4579237250794	17.7723487403	2.99617413762
51351	35	13063.6331339	1938.6386914	1936.4056303	10.1771827085	1954.7900032010448	1926.0409012024547	17.6990495981	2.99617820433
52013	37	13087.4889209	1957.79063276	1972.72526183	35.3792768017	1998.7938262492207	1898.6479397509083	17.6895901413	2.99618229388
52544	39	13088.1192729	1873.21653453	1873.24696794	8.7821468673	1884.6234420294666	1862.5504132775714	17.6787820173	2.99617895236
52093	38	13088.4856448	2106.32756659	2106.43281542	27.4040181753	2159.65021934753	2073.356939361056	17.720179287	2.99617662585
52723	40	13103.201026	1924.19371533	1930.11993988	21.9095985081	1946.7038346125535	1880.11778685906	17.7093267695	2.99619158681
53112	41	13117.859077	1952.35688383	1957.05916318	28.6085310853	1998.365932186188	1914.0553097041227	17.6852477323	2.99618262813
55011	47	13131.0049658	1962.85925727	1963.54821165	15.6358466019	1986.9425831269466	1941.2599705962841	17.652003254	2.99616054048
53625	42	13136.4589238	1957.45651579	1958.35530447	27.5735800395	1991.9810921001072	1914.490758282862	17.66979342	2.99619294481
50222	34	13136.5548809	2080.80506484	2084.99673477	19.0864927375	2115.0405404921844	2057.38426701486	17.6899800488	2.99618586112
53775	43	13142.1146688	1884.97451959	1887.6543784	34.8070989313	1943.942641373802	1837.1860074031467	17.6645855615	2.99619452768
53885	45	13151.3165669	1929.00130635	1926.23546404	21.7338091	1972.9847094004563	1904.4310228929596	17.7005720147	2.99618977156
53864	44	13225.9028449	1982.18024205	1969.33445317	38.8354672043	2038.3287180010586	1936.0110739976835	17.6639021261	2.99619102895
54985	46	13234.414722	2027.71985962	2035.79121186	18.3625252863	2044.9775309900126	1997.5597022992074	17.6809735442	2.99618092634
63550	56	13637.9865339	1967.67564648	1966.81411784	14.4026224164	1994.320884180316	1951.3492141722431	17.6967316457	2.99625413993
56918	48	13756.992898	1952.98453417	1943.93256969	29.5994176858	1993.9420542440273	1919.8108682213285	17.6881255256	2.99618208637
63566	57	13800.4825528	1963.88955306	1963.80595936	16.5651503156	1990.279772276733	1939.3084160512965	17.645541936	2.99625726889
62641	49	13871.6861989	2034.6374107	2043.22827461	27.1831245993	2074.422397197463	1990.7907823438052	17.6639434686	2.99624349376
63033	51	13902.1524889	2006.03405333	2010.60224956	20.8413658215	2038.5089109863798	1965.4148384732205	17.7009269325	2.99624411959
63358	53	13902.170867	2012.5098053	2011.42902431	14.560233904	2044.3894795438237	1989.2068943411234	17.7033731712	2.99624289828
62960	50	13911.1531408	2013.99220501	2019.26278054	44.30920889	2097.5233270657304	1959.6424901115463	17.6740909506	2.99623446226
63267	52	13929.3605418	2070.17347375	2084.99213337	38.5095767775	2126.4431295072686	2015.4035152118554	17.6929026976	2.99624923777
63440	54	13929.5064688	2010.73236703	2007.02135665	26.4285173713	2046.3072888713655	1977.8284170978077	17.7251622407	2.99624853804
63512	55	13958.3339329	1962.92575195	1961.00973344	11.7777338916	1980.5314490806245	1949.1067848097716	17.6593061758	2.99624274541
63816	60	13999.3054588	2020.24782865	2011.26313535	20.3226691593	2054.307586770457	1998.3833259549524	17.6636603276	2.9962719294
63770	59	13999.709965	2113.72693958	2115.08925779	13.4895308528	2130.286258874311	2085.3519319164943	17.6760050437	2.99626607753
63688	58	14001.5910218	2050.21563324	2038.92590841	45.8940742535	2109.6764757389824	2000.8424000018738	17.6913546191	2.99626089973
63831	61	14014.8128369	2016.46940003	2016.0435875	15.7638280623	2043.2564999979274	1995.8068069365515	17.6609727742	2.99626041802
63930	62	14059.7192979	2054.01364939	2052.71045473	12.7831719184	2082.1499124673837	2037.9687888187798	17.6839348605	2.99629012026
63980	63	14059.7764578	2042.39957393	2026.34094792	33.0712194852	2107.7025964126674	2014.097025040862	17.6358462093	2.9962967459
64000	64	14106.625201	2041.52696008	2042.12546627	13.4703065964	2062.9317282818024	2017.3161656342352	17.7015897559	2.99631733928
75936	65	19536.3820939	2008.64596445	2025.50653573	35.5742306026	2044.6535568593463	1943.983945198036	19.488001399	3.29302649964
77361	67	19592.3108919	1936.81118605	1938.9200669	16.9196780595	1962.8862647111578	1911.9644278453723	19.4973318443	3.29302150542
77114	66	19617.3905408	1917.71403118	1918.05304177	12.7632030428	1933.0675519645895	1897.5466540836621	19.5174380249	3.29302081983
78481	73	19641.8198318	1977.59813123	1977.06527629	20.8714582433	2010.0661545329185	1945.0975336129823	19.3959291614	3.29301568461
78171	71	19651.2518299	1854.29078976	1855.56711445	8.51580971248	1864.6610090437018	1836.888251075331	19.4136408327	3.29302747952
77845	68	19667.6911929	1885.23689669	1884.55821541	12.4100958971	1905.598301299879	1860.9473755731376	19.4531089745	3.29302334108
77846	69	19672.690707	1891.10409152	1890.24306514	13.0164760907	1910.1619412804991	1868.715678355156	19.4848615993	3.2930248727
78409	72	19682.3668079	1946.93535984	1946.18974316	17.6966719935	1977.7355870162662	1922.3997149936647	19.4447338013	3.29302407034
78667	75	19745.2098849	1849.74275102	1855.41788256	19.585413519	1873.5845912526333	1819.8651025423019	19.4211154674	3.29302889373
78760	76	19748.2418218	1934.91142869	1932.20441728	10.0590204427	1948.9925421847527	1921.8586141299236	19.46768912	3.29302736429
78653	74	19754.3199289	1927.38312508	1916.11756666	21.8949985538	1956.8272564579443	1901.3690371181015	19.4317205111	3.2930265003
77863	70	19782.042733	2137.00515772	2142.77015982	15.8337976351	2154.3593486668656	2109.0524783721276	19.4943258315	3.2930212044
79439	78	19922.8817248	2024.19844939	2026.21174891	15.1282668735	2046.8810234616801	2001.3871858886132	19.4240960312	3.29302263388
79071	77	20099.5213039	2069.78648508	2072.71903766	32.6828988032	2106.9020193991237	2019.852178074423	19.4906403292	3.29302481227
87589	80	20208.8349609	1996.59874891	1996.366765	21.7915653012	2026.5742663811566	1955.535714418967	19.4483193834	3.29304739312
79708	79	20219.5646658	1920.40137454	1927.73429189	21.8390126985	1942.5006674183076	1876.932421467184	19.4051459327	3.29302881841
91377	81	20375.8669338	1978.24837334	1977.81314356	10.592779029	1995.490572040079	1963.3652704809551	19.4450035614	3.29303915938
93602	83	20445.3842368	2087.75281022	2093.38473457	36.5911492787	2130.6828604941056	2034.409817304778	19.5166027434	3.29303145021
93727	84	20810.197315	2078.69235135	2076.91833956	31.9339289302	2116.691608494062	2031.82793866874	19.419188188	3.29303309553
91430	82	20836.9134359	1931.24937443	1930.66559583	7.32988129893	1944.2925031725267	1919.2469400463451	19.4612457952	3.29301089065
94240	85	20863.1162519	2018.18385165	2025.96162555	43.3475158951	2067.5496759831854	1958.273690538776	19.4652549816	3.29303302307
94486	86	20894.5549479	2111.12034666	2108.42665444	17.9390069968	2150.4565205008025	2089.4032906255643	19.4726911345	3.2930310925
94753	87	20899.8395598	2059.24875358	2062.23399873	9.9141429758	2072.0324339714425	2046.263634483311	19.5125544962	3.29303740287
94811	88	20913.852963	2177.90052663	2160.50509462	45.2456948731	2267.34704929081	2132.4871128811874	19.5111985796	3.29303844338
95095	89	20936.6459358	2008.73104412	2013.04204868	17.781118244	2026.8577417754884	1979.4656365724645	19.438398247	3.2930377753
96000	96	20991.4151928	2002.28476119	2003.21486171	16.3189089137	2036.0567420168588	1977.8034866342393	19.5359902761	3.29307277269
95556	90	21001.0785329	2014.18634829	2018.20921941	10.898930207	2026.4457304050911	1993.3092358997494	19.4852798619	3.293047182
95586	91	21001.778863	2100.13933991	2102.97636866	12.6940505424	2115.0617282355533	2073.345594455836	19.457618409	3.29304573106
95609	92	21010.5481129	2146.20054091	2151.44589786	32.3829491565	2185.371774434818	2093.266039310608	19.4811463421	3.29304637807
95725	93	21032.3710418	2004.75301283	2006.88629678	13.3779307138	2024.5115107918523	1981.8532116608264	19.4253931555	3.29304665351
95898	94	21065.996017	2094.55460601	2101.41515404	23.9169708399	2120.3364397781393	2043.8758718452775	19.4309547818	3.2930625331
95921	95	21085.5538099	2095.92704949	2097.58251281	10.7412096796	2110.135423007171	2079.0080869130697	19.505298542	3.29306025434
105686	97	26138.6777489	2013.08626538	2021.46407793	28.9927858142	2051.872386210259	1958.9145122867706	20.2104352347	3.40219489798
106714	98	26175.9439449	1958.37327608	1953.6781243	18.3763032797	1994.7074232446012	1936.6841041812488	20.1556439213	3.40218794258
107389	99	26194.4979098	1919.5619952	1916.43342782	11.5406007954	1940.3280739590632	1904.7657745781821	20.1447800163	3.40218776468
108051	101	26251.2253098	1917.21388671	1909.23372546	32.6549982174	1964.283096933518	1861.9360674607076	20.0467708682	3.40219082344
108408	103	26278.4055409	1876.4352623	1876.58852041	17.2257490442	1904.7856234723154	1850.9450081471598	20.0895912551	3.40218836154
108611	104	26306.076149	2014.59809372	2012.49658245	12.0913243341	2040.852968404209	1997.3418141073287	20.0579649469	3.40219168277
108390	102	26321.8152449	1903.93689251	1902.99549985	6.58173995114	1916.9218894253884	1894.2998166333787	20.0898624285	3.40219131662
109466	105	26359.2340038	1871.50712583	1866.99270822	21.9500080046	1908.8983102953036	1842.3593978229615	20.0506905329	3.4021928987
109492	106	26370.7234278	1978.40925548	1966.6835894	33.6250777105	2025.98296192088	1944.2801330908585	20.1291958549	3.40219097686
109577	107	26400.0598359	1936.61167636	1943.09768649	21.354913617	1958.741440407173	1901.0216917298253	20.0877816713	3.40219112546
107823	100	26453.9770699	2041.91083021	2042.40987874	19.7969674766	2070.7275488644514	2004.5110347914986	20.0309068495	3.40218749421
111144	109	26621.7014849	2072.95851619	2074.29489387	21.5664848925	2105.2076917255395	2037.477080770678	20.0642417233	3.40219453182
110018	108	26701.7244618	2142.40445761	2143.82902145	18.5700114494	2168.135943377805	2105.3732290788807	20.1215070715	3.40218703388
113321	111	26814.5509179	1980.35579051	1980.0367553	7.55882824889	1991.2204828525087	1969.8008804884757	20.2026873789	3.40221824106
116111	114	27026.8620269	2115.13721829	2113.15980811	13.4611068237	2135.782489509259	2097.3224245575834	20.2421873648	3.40222005275
112703	110	27028.4828558	2204.23893843	2211.68037479	41.902660165	2259.634696829689	2129.387088345966	20.2411202033	3.4022036355
114922	113	27125.7662899	1987.33597394	1979.20751843	26.6590426337	2039.409315611111	1959.50472701464	20.1878836168	3.40222196658
113616	112	27151.721504	1848.49016526	1842.75405627	16.739260443	1874.023859753093	1823.770828037775	20.1566555619	3.40221163922
127556	122	27675.6965718	1997.68783318	1999.98460383	13.4840701191	2016.3881422371444	1977.178493646439	20.2544361198	3.4022009917
124814	115	27712.811806	2168.8007756	2174.64310088	38.214606754	2213.533085543692	2122.1026807766843	20.1149851929	3.40219065612
127680	123	27739.4344449	1943.98977438	1935.25011088	30.9640243673	1991.8223374091488	1906.95126289847	20.2054630951	3.40219306602
126381	118	27800.4688928	2109.53034821	2106.58288205	29.0374283242	2158.616834994538	2074.473964687969	20.1650123717	3.40218659868
125897	117	27805.4038658	2098.17009695	2096.90074391	26.7593873077	2136.9378995571506	2064.9268076493677	20.1676022294	3.40218987773
126486	119	27813.073828	2075.77026727	2072.53941888	14.2694141594	2095.6917620605777	2058.3402371364764	20.2428868325	3.40218930769
125525	116	27821.209178	1981.42066288	1981.56435112	37.4670273	2034.2016364027213	1936.617294125244	20.177013358	3.40218430503
127019	121	27862.3288419	2062.78004761	2058.12169947	20.0930730405	2094.330363887462	2038.1562005253886	20.1618564575	3.4021891728
126710	120	27864.65289	2229.88824991	2229.00909837	27.5459935511	2267.1546412535567	2186.0071982518907	20.2419869921	3.40218899163
127873	126	27890.0644038	2012.00688585	2006.93660366	25.3171445778	2049.5565633216056	1982.7460151979	20.0938129994	3.40219340515
127711	124	27948.8277929	2037.82099424	2037.18666647	13.1892367709	2054.9501627004297	2013.1736824310901	20.1697934509	3.40219332985
127762	125	27973.4176579	2146.82882382	2146.03504371	14.3583707727	2165.2591786047306	2127.676354330597	20.1992301782	3.40219324196
128000	128	28043.2907698	2098.77846857	2098.27596772	6.37049154608	2111.444265846619	2088.019921070385	20.1995449248	3.40219818654
127970	127	28044.0910449	2090.84115233	2087.65215963	16.7580157385	2130.340390080218	2073.058272566809	20.1246035255	3.40219850246
136336	129	32666.0131989	2126.98136061	2129.94052223	29.6551042164	2160.1908741340544	2062.7786429813186	20.4896379361	3.44233895643
137095	130	32774.3075998	2015.04610094	2007.17849112	25.6999293158	2075.999477833603	1991.391307374444	20.4120879064	3.44233163525
137494	131	32815.3907568	1927.94921894	1925.08191317	13.8441990904	1952.9439229930422	1909.123250185688	20.4252813903	3.44233341992
138415	132	32865.1149068	1982.55088883	1981.87183031	5.29755315543	1990.9078284077023	1976.4004837261336	20.3033040655	3.44233840047
138901	133	32911.4704049	1895.54899653	1887.11427143	32.8502430929	1954.0491762954355	1862.2796519484993	20.4155572036	3.44233697261
139360	134	32937.1686659	2042.91409499	2038.21899554	29.5656440502	2079.9013991084335	2008.516738812841	20.3477961927	3.44234016868
139518	135	32958.9319668	1914.76862218	1910.59022592	17.1749237815	1935.6609085842995	1896.8382718057333	20.3726685301	3.44233703276
139971	136	33032.6804099	1897.89913405	1896.22976494	4.97259237172	1911.2248478697197	1893.5874895677498	20.3450816594	3.442339892
140104	137	33041.9312999	2090.97259018	2090.70416427	19.1066539748	2113.250683674052	2048.3827976356615	20.4495141683	3.44233826823
140334	138	33075.5110779	1893.13543228	1893.27353322	7.84818250544	1910.1375258513815	1881.0584274780088	20.4175923742	3.44233672603
142510	140	33322.3096278	2160.36186398	2169.392696	22.0376146213	2180.7956654564978	2122.703321732424	20.3502465925	3.44234177509
141031	139	33368.747155	2087.76201453	2089.39412581	27.5581137355	2119.906338210966	2040.2614794971696	20.2908515456	3.44233722683
143482	141	33607.1321259	2234.96884647	2236.09332759	44.9160673953	2309.0342988609436	2160.9233753900376	20.4339541896	3.44233920889
145504	143	33608.5825298	2167.33413023	2174.22597464	26.5086713789	2198.7092445151966	2119.55878898925	20.5636385952	3.44236021054
144153	142	33643.1202168	1999.11989151	2004.36523166	29.4765128359	2036.594151969381	1960.8636127483362	20.5389231388	3.44235645198
145657	144	33955.4312818	2208.15432723	2216.69182259	31.5979528018	2258.6845778830043	2159.17757256738	20.5925876215	3.44235513441
146187	145	34079.3180449	2042.86595484	2039.28202537	23.941329175	2076.045136066299	2011.043232654644	20.5624153945	3.44236582715
146372	146	34098.4190609	1864.07434845	1861.29252962	11.0119795464	1885.1007916985911	1846.032895716545	20.5184341439	3.44236055532
155240	147	34337.7055469	2063.46676843	2074.43597023	28.2131880055	2095.6506938774496	2012.2444091769105	20.5596028499	3.44234648687
156920	149	34396.688489	1929.81576734	1927.16964955	17.3409023589	1953.8935394002924	1901.3916681485912	20.5026128029	3.44234230403
159209	156	34550.530983	2066.76475919	2073.66166107	32.1622609056	2103.42885317005	2029.0894710449084	20.3815997825	3.44233871241
158704	153	34566.012393	2037.74545027	2043.22216737	19.0676936983	2067.040908183915	1998.7328253164644	20.4970654837	3.44233420239
156725	148	34616.3044498	2283.43944097	2258.50886072	86.4963614524	2403.7780279591516	2197.04539296976	20.4276290129	3.44234245522
158291	150	34724.1234789	2254.09200957	2258.37592837	73.9498649757	2360.661838173336	2139.82793901491	20.5015093557	3.44233746263
158491	152	34724.208673	2041.56055854	2047.67174472	14.312874762	2054.022616224072	2013.962044894201	20.5416590316	3.44233822356
158382	151	34751.084883	2258.94942715	2260.31640119	72.9889748896	2355.019337057372	2158.2415290630825	20.4874010182	3.44233784487
159084	154	34804.738524	2247.21075849	2229.67675087	55.5051359971	2329.3100270251966	2180.4641864284563	20.5593567664	3.44233727527
159120	155	34806.6051829	2084.17635214	2072.04927202	29.7029204777	2133.2855953625167	2057.218224823149	20.4772947098	3.44233685312
159675	157	34909.8890829	2016.90216184	2016.9391591	8.30565071506	2026.6387228655105	1998.8387344458251	20.4987963976	3.44233161517
159788	158	34946.530267	2090.17243076	2092.23564249	18.7511226141	2123.033982309432	2057.2168129092156	20.5228227716	3.44233084308
160000	160	35015.409956	2087.03641249	2097.82458127	26.1218284521	2114.7597637365147	2045.862965803333	20.5591903148	3.44233140451
159996	159	35056.5324459	2152.32644713	2151.62088448	9.49672869181	2165.7630127640846	2132.826282634576	20.4629955831	3.44233043102
166023	161	39172.0088558	2192.58558902	2189.87736665	35.6406398931	2241.7304625379516	2151.5748442642166	20.7059338963	3.4571006541
167725	162	39334.0941088	2072.89911685	2073.85093112	20.955268034	2110.6843849333322	2045.0577930680538	20.5801428093	3.45709985969
168399	163	39377.0372989	2001.61059143	1995.7454406	30.6220312552	2039.3743583901885	1963.157904254765	20.6206561256	3.45710247187
169123	164	39428.5060949	1987.16607374	1990.3166078	8.70241294141	1999.18009458985	1975.0514495602195	20.4975595624	3.45710890776
169715	165	39508.417002	1956.90662941	1959.50369851	20.1646414047	1994.649211927368	1932.2253231511183	20.6327427175	3.45711052553
170035	166	39553.854985	2092.6248179	2094.84258351	11.7416287655	2107.5537319916775	2071.239528672407	20.5769315577	3.45711210336
170299	167	39572.299058	1922.54732964	1925.58659933	8.03131828557	1931.152273354809	1910.5060695377001	20.5646934005	3.45711169096
171038	169	39637.5014319	2069.03242321	2077.13578656	31.8122506736	2117.6280526501027	2017.3400300125209	20.6419363039	3.45711382451
170939	168	39661.559649	1907.0652149	1905.43730521	9.2660377279	1923.3684138642816	1895.1036343448786	20.546586279	3.45711490711
171354	170	39687.892864	1886.12627537	1881.70961676	14.3145917982	1912.3510391053387	1865.7981261703578	20.6146796758	3.45711457032
173384	171	40003.757936	2199.37549771	2201.75855808	14.7470130303	2226.212421302923	2177.3227157937135	20.4288193865	3.45711890974
175560	173	40162.3704319	2147.65923536	2137.16598334	24.7763051767	2184.4809611247924	2119.571004973107	20.6202129859	3.4571247588
173949	172	40381.5312078	2171.58795061	2172.81405114	22.966233076	2206.9518585281185	2126.756892289499	20.3983462786	3.45711779701
175890	174	40573.4053748	2282.13937021	2270.41557977	53.1202052174	2352.9370209653275	2223.144473650181	20.531281041	3.45711650255
176137	175	40622.4058199	2064.60206336	2057.70041795	30.9889691231	2124.0440194485504	2032.0706389398827	20.6975585173	3.45712281255
178405	176	40907.9701169	2209.60435888	2205.95225569	16.2649612383	2236.116296088059	2185.8007212211114	20.7767697298	3.45712163958
183253	179	40963.8341939	2140.74663377	2139.86557273	27.4545871131	2183.7655334810347	2095.48165811312	20.7189294235	3.45711831533
184201	180	41045.0578799	1967.40744891	1970.1154457	18.7901453458	1993.9641544124447	1934.8348803355752	20.6686020618	3.45711484605
180122	178	41109.1769338	1885.0658107	1888.44020916	7.38712938535	1893.8379994290626	1869.8601836179218	20.6935721057	3.4571213487
179826	177	41115.7836399	2057.10007007	2051.22299095	23.7410648838	2100.7032396824798	2032.244294948047	20.7269189234	3.45712728138
186975	181	41160.5562129	2085.19235979	2094.06952247	23.9965542283	2114.2345080155237	2052.8322012620265	20.5126823806	3.45711592395
187451	182	41241.5412529	1973.10569888	1970.75441435	17.4171735358	1999.3474947790355	1951.4011377119077	20.6438216894	3.45711265458
188567	183	41578.9475098	2428.47520139	2422.21013127	50.287404463	2489.1224635661943	2351.544468642729	20.5648555275	3.45711449688
190079	184	41699.7244899	2355.08359436	2360.49625156	22.8241687364	2392.9183494588415	2318.1435031709593	20.6839960615	3.45711037593
190105	185	41702.1634669	2041.32577491	2046.39613324	15.2749636698	2060.0309704324177	2016.6121078756194	20.7232880425	3.45711136983
190354	186	41727.4547889	2414.44536513	2413.34216381	34.2400941685	2451.1827459074943	2350.5502771654324	20.6385644904	3.45711134973
190876	187	41780.4355228	2417.34132614	2434.537641	53.4991940713	2507.747713334915	2341.8523811170535	20.6817794084	3.45711095287
190909	188	41807.4798889	2076.94558842	2069.67194978	28.4522067618	2119.4039842515667	2041.56128922174	20.6078770765	3.45710767638
191549	189	41904.8476419	1949.54331682	1947.055795	33.1467289887	2002.139259593337	1914.8069039469822	20.6829370417	3.45710257094
191734	190	41965.0711908	2064.79315493	2067.91279994	24.9018450081	2105.145698459214	2027.8978997079053	20.7300579667	3.45710149278
191934	191	42023.8942339	2107.40662399	2117.44296282	46.8832286222	2159.344043489516	2031.0508453134737	20.777295881	3.45710228364
192000	192	42080.0472879	2157.21365851	2156.58430347	13.646792034	2180.8117171859676	2141.0032210717154	20.7297522799	3.45710082727
196643	193	45691.6818328	2251.53248933	2259.47038204	30.7891221384	2299.0087888992466	2204.346367530963	20.8076609274	3.46253352141
199102	194	45931.091651	2022.98034549	2020.86201548	25.1438141516	2056.7367612738935	1990.037787483726	20.5663500887	3.46253900896
199653	195	45960.2021668	2007.47504181	2006.64606298	25.5587798095	2041.4824451676855	1968.9901736257464	20.6752608993	3.46254123829
200303	196	45996.9754119	2013.19536122	2013.23514922	16.8463848355	2037.3037842356318	1991.9357216353674	20.4716180695	3.46254540303
201248	197	46117.3135459	2008.39511854	2010.31185819	14.7037175022	2027.5752295277366	1990.0738681805617	20.6864230408	3.46254346214
201720	198	46167.4177878	2169.19370096	2175.67942249	37.4223783549	2229.3490437903183	2093.264840376158	20.6308835731	3.46254579841
201900	199	46174.9670069	1887.09074319	1885.73113753	7.5694347839	1901.328983554314	1875.3413301612395	20.6118222388	3.46254548769
202404	200	46231.3656678	2040.03405004	2040.19811186	8.86664089599	2057.5590527812797	2028.9667369519123	20.7013663865	3.46254537835
202588	201	46283.5294759	1924.49589149	1916.34745209	21.5781522338	1960.818310578021	1904.075920237254	20.539974899	3.46254586302
202710	202	46285.656287	1853.14345149	1847.94872624	23.5059986722	1896.268686209718	1827.381447957233	20.6300740576	3.46254145531
204170	203	46672.2700779	2319.94515712	2333.78913839	37.6898971953	2360.9983575053466	2242.69344927589	20.384116725	3.46253558926
205122	204	46751.8288348	2118.71670444	2120.09274958	15.9783584986	2142.876852469069	2097.252496944601	20.5228478768	3.46253954303
206620	205	47370.9987619	2200.40781069	2211.21853458	28.8205174913	2235.6986628017034	2155.4740343689054	20.4484442811	3.46254284429
208541	206	47553.6780899	2429.19888405	2436.12267525	47.8089664013	2480.5324422850913	2325.9816080951914	20.610361094	3.46254741701
212521	209	47603.05739	2181.81866528	2190.21422655	26.4703255173	2215.843863434944	2129.5410936726216	20.7822016859	3.4625486262
209107	207	47606.4920959	2136.38506942	2137.75731209	17.1328399385	2163.372713856752	2099.449277494856	20.7898880418	3.46255074317
213177	210	47711.1571958	1920.00336612	1919.95995902	13.8966946255	1942.3053749466142	1900.539339364256	20.7473637036	3.46254695756
214338	211	47763.4938619	2049.31859037	2045.49115521	11.8053879561	2071.7715864551647	2034.4720359836522	20.5800345165	3.46254530488
215250	214	47867.5738339	2012.15585727	2009.0071057	17.3815987784	2040.3363072263976	1977.8584252624169	20.6734018144	3.46254406312
212296	208	47870.4364319	2328.80090186	2332.57648664	41.0188670876	2375.764752249348	2261.309010124614	20.8104866946	3.46254883831
214382	212	48136.7828069	1853.47344702	1846.98768254	14.6102618316	1876.6221961855315	1838.088179521682	20.7056860631	3.46254601822
214427	213	48167.515142	2111.04109257	2103.3011754	21.1867021449	2150.314883415911	2087.1616573994093	20.7221525021	3.46255340231
220165	215	48541.2289519	2487.18736364	2480.56741422	36.4439621867	2549.105247382125	2442.3451710414406	20.5980156719	3.46254729613
221832	216	48678.3438108	2415.34946361	2413.158957	24.0288711279	2451.5372451414282	2376.993079460816	20.7099977719	3.46254448494
222822	220	48693.8228178	2012.38413879	2007.49650908	17.1484812733	2039.8163079410547	1990.8010849254854	20.6163862554	3.46254374489
221835	217	48708.0810289	2012.86428283	2013.87192226	21.5003323829	2044.2273252003401	1984.0535756511608	20.7390153174	3.46254523578
222075	218	48714.5638649	2509.39583041	2509.41483405	30.3215972018	2562.0895222917893	2455.230673991714	20.6738510374	3.46254519422
222610	219	48787.2436988	2404.81958595	2413.56797901	28.1205773794	2434.4107369753424	2343.396320723094	20.6930317324	3.46254364335
223449	221	48911.3683009	1929.52479278	1929.26401665	6.35219341522	1937.137217928329	1917.455048918155	20.7142495595	3.46254000323
223729	222	48998.9731088	2065.33427894	2077.6623815	30.0743120037	2095.805432833074	2009.3627696495375	20.7702608412	3.46253519768
223913	223	49047.178931	2227.8175037	2225.87256004	24.8073330594	2263.0695898037816	2180.05542490735	20.8049477963	3.46253846084
224000	224	49107.5311549	2180.836837	2184.35022889	17.882014805	2211.607592757581	2155.1587364251595	20.8203817069	3.46253426828
227384	225	52186.9281168	2229.22008585	2222.50780553	36.7722552279	2307.081421212846	2190.5565613912886	20.8350158598	3.46453276147
231476	227	52505.2241368	2035.03805344	2034.09030603	15.8148760471	2056.640602161319	2013.803314138973	20.6701633634	3.46454021075
231019	226	52512.757612	2071.82505801	2088.25381324	46.0216214298	2119.7903142362943	1986.182412805145	20.5353967054	3.46453855162
231841	228	52556.6891279	2044.85036113	2044.07770301	12.1506473528	2068.2704020498186	2027.157147057742	20.4496940938	3.46454130627
233170	229	52714.0102148	2029.66086394	2030.17499486	13.443039975	2049.9640696910433	2009.9284900242612	20.7334696843	3.46454001961
233674	230	52738.1080959	2264.27973548	2252.57038424	28.5274187435	2303.5206502677484	2229.7855569726516	20.7025817596	3.46454063678
233784	231	52764.2329679	1881.59842148	1881.18615407	7.36431159169	1890.552691026636	1867.9107456695262	20.6347453039	3.46453941168
234223	232	52835.9043298	2029.24688535	2032.33581363	30.7406297388	2071.939350402096	1988.2652213183094	20.7804949617	3.46454221075
234576	233	52858.294405	1950.94143874	1952.36665343	8.71974044517	1960.9236905146586	1932.8200362550847	20.583887601	3.46454446977
234602	234	52912.1511588	1850.8443443	1850.06000062	12.6561311928	1868.6363826351978	1836.482250296899	20.6818679805	3.46454124242
235883	235	53326.1590688	2261.61890805	2260.15219633	15.2901118861	2282.0068303935554	2240.8323135458277	20.3808920406	3.4645427214
236000	236	53370.3300078	2038.99581448	2058.32315532	52.8636994665	2105.612724877561	1970.1431505144112	20.4838676502	3.46454684684
242635	238	54199.9917178	2211.55016341	2214.46689736	17.5073921146	2245.9025080649794	2185.3735057455165	20.7208345251	3.46455169547
244236	242	54345.9007349	2055.68137752	2062.25385678	28.8728468609	2085.844702267193	2011.4464266965426	20.5217180692	3.46454436988
240429	237	54406.711185	2130.91410411	2128.69839084	17.0182301323	2156.296555066496	2103.5674622884835	20.4589646143	3.46455041314
244917	243	54507.708051	2046.57035843	2048.88490739	13.0902927016	2068.5383534145694	2027.0436689867652	20.6775830889	3.46453915989
242638	239	54557.2572689	2548.86546032	2552.40810691	48.4950628552	2612.126381756567	2476.866392806925	20.6303420059	3.4645498399
243199	240	54597.4358549	2184.87224864	2184.24416993	18.519152183	2213.0795643092815	2159.7044640534154	20.7908781492	3.46455063531
244227	241	54798.783077	1907.94884731	1906.87724975	14.3215575486	1930.1955259245688	1885.3749323028835	20.701204998	3.46454687426
245124	244	54860.480485	2489.85470238	2495.4812177	87.0173701896	2599.1463114204294	2376.8762432867516	20.7744445415	3.46454205616
246872	245	55171.7891958	1865.89626442	1859.9598878	14.4934640944	1893.460022003643	1850.2075993185322	20.794761877	3.46454135471
247227	246	55207.0683749	2132.08115254	2119.81969601	35.8357034571	2189.6163240575947	2096.3491622131273	20.7758888166	3.4645426525
253261	248	55223.8794179	2051.44431406	2054.16403515	8.9548468402	2060.8265904948234	2031.3804580834653	20.5954354533	3.46454380278
251681	247	55511.0822148	2452.20869608	2453.84025108	21.6044768648	2478.7083153722438	2415.9277168681588	20.6143932091	3.46454729762
254553	252	55537.4824069	2251.31984751	2266.26886712	52.9771067391	2316.841369951891	2160.715042986836	20.694676593	3.46454155059
253569	249	55683.166636	2276.76864898	2244.73696478	69.1470672203	2390.915958811498	2211.0062948180216	20.709447435	3.4645439404
253971	251	55702.6313748	2464.46297538	2460.19675155	34.4102227793	2525.577549163616	2419.3688743673088	20.667631782	3.46454392215
253923	250	55714.4553399	2011.67623983	2009.27934614	23.3135426253	2044.6666192744817	1984.6400721753957	20.7360305977	3.46454456339
255354	253	55936.2565298	2002.06224226	2002.07172302	29.2173767617	2040.0655998131983	1951.6483537513068	20.7816282199	3.46453776861
255756	254	56076.7276719	2006.57051177	2012.4131409	32.104938489	2045.193938849106	1962.0424512756274	20.7841868592	3.46453500192
255903	255	56086.103745	2217.24001996	2231.70350729	37.4557026689	2265.955526228375	2159.191520678153	20.8193466938	3.46453585861
256000	256	56167.5357978	2169.2917964	2175.24300903	21.1390844107	2192.7495087719512	2133.656309802769	20.8466250188	3.46453253018
258583	257	58651.966054	2248.99330009	2216.52809687	58.5742227836	2341.4904796991545	2188.920674122837	20.8761391984	3.46526334965
262838	258	58999.5325899	2003.59717394	1997.63046439	33.205662275	2047.7115634045933	1959.481940087746	20.6716241805	3.46527235024
263436	260	59056.8525238	2038.66315032	2041.67154132	24.6627353847	2071.439304947881	2007.0842127643277	20.4492956215	3.46527417888
265304	261	59279.1190338	2257.49822954	2255.96421039	16.177336258	2280.0790345980568	2238.4639910927303	20.7786614034	3.46527932051
265521	263	59307.2505419	1883.62753322	1884.45523609	16.3073320263	1907.6417470325127	1858.572949759365	20.6652804915	3.46527904806
266117	264	59376.4509518	2005.06733391	1997.46241855	14.0912731373	2026.7271491943127	1987.141334614123	20.858214983	3.46528044959
266254	265	59382.0546579	1953.74962924	1953.66993885	12.752960154	1971.500205719012	1933.1305618429649	20.6344684224	3.46528191671
262952	259	59413.8786898	2082.05591487	2079.9728304	17.0676174832	2116.139395620125	2063.1808758403895	20.541020931	3.46527133283
266537	266	59461.3373239	1872.95919848	1870.72569648	24.810202299	1906.5009667945517	1837.965901817874	20.7194458388	3.46528115299
265442	262	59754.024879	2048.3205583	2058.03939121	21.9450021239	2075.48161402807	2021.2190879288455	20.8111412625	3.46527733281
268000	268	59895.9091899	1952.89852054	1951.3267214	12.052348943	1974.5413811511476	1933.023068009979	20.4438556037	3.46528614029
267909	267	59926.2624178	2332.67806246	2338.64557847	33.2692267473	2378.9191565966817	2287.4971388991876	20.3529449304	3.46528664614
271500	269	60763.1349349	2251.64407611	2246.30368291	15.7898778194	2282.1749355375127	2235.826064337915	20.803189558	3.46528234606
273049	270	60894.2587049	2067.7265663	2066.70145395	12.6111521078	2085.1694564934674	2047.3714149091131	20.5032934355	3.46527611756
274504	272	61108.426734	2082.28274011	2080.85215126	21.7008231203	2111.233636372907	2047.2392459115856	20.6509911305	3.465273338
273993	271	61192.082593	2118.84763549	2118.34990202	9.70775477205	2136.661013461121	2103.003999400807	20.4847619485	3.46527779267
275133	273	61538.106313	2665.71946948	2665.26761718	33.056849489	2723.598796861949	2628.55770904846	20.6546785737	3.46527723065
275494	274	61587.5565078	2148.21870867	2142.94801952	30.486406609	2204.2024379749478	2093.8548253217	20.8284050368	3.4652794475
280579	278	61779.899797	2031.70871603	2028.12922477	14.4890844747	2057.51562609143	2014.4823104151214	20.5745512025	3.46528070365
277101	275	61850.8358669	1950.65464903	1950.68005073	18.2710980566	1978.0883112484887	1920.47834295866	20.7250300945	3.46527918255
277447	276	61865.212765	2560.85527329	2562.64928028	38.607634761	2624.2233545887334	2508.1792004728695	20.7767069776	3.46527991138
283530	280	62115.0491209	2147.59536169	2145.08306107	22.2392495005	2179.2260869990355	2104.482831232879	20.6786361811	3.46527723056
280410	277	62171.2954299	1825.02547711	1823.87903327	6.82565483465	1839.2585308177095	1815.9140452950294	20.7505170649	3.46528160214
280748	279	62230.4653029	2180.6528447	2175.10845851	29.2636271737	2238.854079053041	2147.6991993801116	20.7437258611	3.46528060141
283678	281	62446.3769209	2438.30985431	2439.58005598	32.4355764157	2490.880993760464	2400.1275395331904	20.6072234592	3.46528007357
285542	282	62642.78544	2242.0286514	2252.83226044	28.7330789903	2277.3401970931604	2202.488052491005	20.7686435695	3.46527761934
285801	284	62673.0299218	1976.71271917	1974.36925698	11.9952903426	1994.6660013238206	1958.8477406061497	20.783311451	3.46527544496
285698	283	62692.2166908	2611.52197715	2612.493207	64.8793482909	2687.379875796626	2488.0259677111935	20.745834946	3.46527839496
287186	285	62944.0647218	2002.57095082	1995.05736052	24.8702620822	2044.064136001143	1963.8820061294116	20.8730707482	3.46527062893
287841	286	63084.4508369	1983.81416326	1977.52908974	14.6345294255	2015.0157887635364	1966.6571235760282	20.8202945766	3.46526638023
287880	287	63100.8049598	2131.84529267	2128.77910839	19.2909418608	2164.6145172643314	2103.2680917220227	20.8662654809	3.46527067819
288000	288	63190.4005048	2235.50011965	2225.46900278	44.1842348321	2292.8506707185556	2179.9007459551162	20.8238468672	3.46526917093
289770	289	65201.2072978	2162.16400931	2152.46537672	33.5593411192	2230.4192758321155	2117.931118251712	20.8680012207	3.46554243849
293255	290	65578.9211829	1960.21994155	1958.86199873	8.54241639382	1969.8762171606309	1945.6674251691857	20.6951162695	3.46553787603
293884	291	65623.0448289	1994.94478108	1988.70767014	20.094685198	2031.2974151281574	1968.713967589408	20.4830514135	3.46554248585
296320	292	65878.7917769	2267.47637969	2273.8818842	24.8905339327	2294.3308107435264	2218.1741452199103	20.8342540117	3.46554497432
296593	293	65910.2294629	1888.90757547	1888.44967712	6.02308069285	1897.7739343871667	1879.57400280274	20.723395845	3.46554577291
297472	295	66013.0379219	1989.31894964	2000.08585765	29.811282206	2021.6132748399552	1947.2956985759492	20.6625014023	3.46554702145
297389	294	66022.9219298	2051.31439557	2047.97310366	15.0623414146	2074.2420741594674	2027.7172063096043	20.8988346164	3.46554728161
298035	297	66052.9862509	1958.55426497	1959.08282326	27.536559724	2000.7025012087192	1918.6954148088398	20.6982013451	3.46555143209
297854	296	66294.7246149	2092.61657123	2091.49167932	18.6621123071	2119.3081744234037	2067.335247689749	20.6287992231	3.46554739609
299937	299	66437.1526878	2019.02560115	2018.58522079	13.3230587509	2036.080008833691	1992.461708484786	20.4212172895	3.46556151367
300000	300	66584.8995769	2334.59149457	2327.95778358	30.9724519376	2382.643932446053	2300.7369975721717	20.3264338759	3.46556136148
299573	298	66764.0539279	2086.72684355	2085.82597971	11.3897036751	2104.6137579920223	2065.484998464619	20.6597998675	3.46555639243
302523	301	67364.247844	2174.84596183	2162.57105974	36.2406789184	2225.891979785345	2131.204214832583	20.9438754361	3.46554780494
303151	302	67468.6054389	2095.51707494	2099.90166743	15.7946696896	2111.4720785178542	2064.7146997790232	20.5534837437	3.46554628818
304340	303	67725.1918309	2106.16607125	2103.92765573	16.1892106388	2133.443923439238	2086.119336845617	20.6250793766	3.46554517241
304763	304	67730.6778579	2133.00327468	2135.53763298	23.445252162	2155.786855109731	2082.3407531454422	20.4187947981	3.46554808668
309691	307	68334.5478508	2131.05647035	2125.54664226	50.0155992694	2225.8636709865877	2056.737460741075	20.5614266181	3.46552817219
307682	305	68482.9532788	2728.54060292	2730.89582861	33.4613288737	2773.402522479724	2663.0569184712012	20.6057291281	3.46553920624
308164	306	68573.9123318	2077.51188505	2078.15323923	14.0575146376	2100.1544507515914	2054.103124062023	20.8168524388	3.46553730528
312334	310	68716.5054529	2095.63129608	2100.28668437	17.5828620009	2123.4610273925864	2072.70360597592	20.7382007938	3.46553262004
310692	309	68845.9554729	2471.85340946	2483.01361708	52.5863310941	2534.847889141706	2385.0014892997337	20.7728671086	3.46553171001
310614	308	68877.307117	2010.98461625	1985.35491126	47.6665219739	2101.3118618799645	1970.7376219099258	20.7631530085	3.46553189582
313147	311	69207.9001038	1815.13007605	1815.21883766	8.88507728949	1826.3662543513788	1800.8460651953226	20.8151326579	3.46553543232
313645	312	69248.381887	2311.51746293	2317.73951166	26.3649337381	2342.443530340568	2267.1415935738373	20.8089915052	3.46553771506
315162	313	69414.3771679	2468.71499833	2476.66487168	52.8574460538	2540.7221823907416	2388.739878270064	20.6715143608	3.465543743
317137	314	69630.838799	2271.70621464	2261.89087717	29.7491779561	2316.560665854767	2234.654956711219	20.8364380438	3.46554610404
317450	315	69663.9490569	2001.86201518	2002.48302627	9.74353908306	2013.1026210529917	1983.7499704295203	20.8417795365	3.46554658274
317568	316	69672.3818748	2699.64861827	2678.62071409	80.6122957706	2801.998263670531	2593.2015937370747	20.8304471908	3.46554727806
319158	317	69940.8505189	1979.68363901	1977.65498408	7.56968186643	1997.5410774303527	1971.508390663624	20.8956726932	3.46554626848
319804	318	70115.344013	2033.8203489	2031.53627807	26.3647916448	2073.0286181476727	2000.8844570290878	20.8157278985	3.46554634458
319864	319	70125.9978299	2109.52427255	2107.72328205	13.453000284	2137.3722386272298	2089.2307612461805	20.8375751122	3.46554560723
320000	320	70227.2050998	2232.45386175	2225.64684542	49.0810308533	2296.1049108476145	2151.775032227488	20.7807869076	3.4655469557
321707	321	71655.669065	2234.36335849	2227.40210575	24.0103649269	2279.7591642715706	2200.3244459850516	20.8284256374	3.46564454242
324583	322	72093.1165559	1967.56778465	1966.10018238	11.1023121033	1988.096131467716	1949.2623816496516	20.6988330421	3.46563635136
325009	323	72230.9950588	2054.84846362	2058.2384283	32.0726484917	2095.3876793990175	2004.8258831677076	20.4541099042	3.46563846297
327495	324	72413.3984509	2310.93456534	2307.05234329	35.5503022061	2369.427413988834	2257.742780052288	20.9289127429	3.46563404754
327811	325	72450.4274478	1904.79149092	1906.42881801	11.6983869174	1920.9301476714575	1883.7236384802106	20.8327608748	3.46563101048
328696	326	72561.3547308	2018.51548279	2015.14403113	12.5605005154	2041.7356684407382	2005.5919601908718	20.7130267913	3.46563557991
329083	327	72600.7582018	2032.79442396	2031.75801087	21.7093374182	2076.0579200432703	2003.1140535701857	20.7678857139	3.46564150559
330458	329	72796.9792938	2041.74754137	2043.22427456	23.7513013233	2083.4715692408527	2014.073738808169	20.5680385727	3.46564118695
331146	330	72925.3070118	1994.75987765	1991.33155965	22.9125136767	2024.520083553152	1965.1815596498736	20.4361994163	3.46564727006
329181	328	73079.2317998	2050.39535835	2057.17744757	16.6214506776	2067.856926605608	2017.4902739000784	20.9442237474	3.46563548805
331656	331	73175.307287	2436.63928632	2450.86661977	75.9526405718	2544.5954234804067	2292.9646810694744	20.3135821527	3.46565260253
332077	332	73785.7661619	2104.07728263	2107.87267469	32.9000253686	2145.9442453145857	2054.795962872292	20.482243539	3.46565132173
334638	333	73937.531611	2191.12609362	2198.69342628	27.4471530752	2222.098125891828	2136.2357958970915	20.969351006	3.4656411348
335164	334	74055.1828349	2126.72244301	2129.20301482	16.1968313835	2149.166726007115	2092.7647520828395	20.5933970002	3.46564223325
336006	336	74308.3585918	2143.80063669	2145.19208539	35.5327608151	2205.662091025399	2095.483544106333	20.6641731452	3.46564801859
335993	335	74667.2065299	2095.05546555	2092.52366598	21.3344142444	2123.7839330734573	2063.667012881045	20.4410614115	3.46564923288
338909	337	74834.2495708	2269.49913311	2272.74067874	26.8994674216	2302.9023899747576	2220.016582488929	20.2029529853	3.46563756612
341692	340	75270.8592119	2111.77973815	2110.58224468	12.31231114	2131.740968725022	2095.7722608340287	20.815453122	3.46563648212
340372	338	75478.2041678	2793.01784171	2788.87338587	55.1939541763	2866.5855682885226	2722.387438505146	20.5789235168	3.4656423671
343098	342	75534.7456529	2069.77064091	2066.95899721	12.6913310269	2094.278976173254	2052.574304879132	20.9359647856	3.46563493646
340971	339	75581.2338588	2057.58054789	2058.03782184	11.1641701546	2073.906314863576	2040.8784692659774	20.8972016588	3.46563608305
342877	341	75839.1760459	2401.88922594	2398.40481326	18.1061218946	2428.651979808178	2375.086434319134	20.9414168048	3.46563458672
345603	343	76206.5573549	1843.71353085	1839.04185344	18.4581802398	1876.8891013077998	1822.554215996624	20.9093562655	3.46563600097
345865	344	76260.8341219	2355.86366835	2342.88362616	38.9063130266	2414.030515713559	2317.0044959884526	20.8429576208	3.46564101323
347050	345	76357.9514878	2499.4192021	2509.56594077	46.8388015107	2561.6476144199623	2418.9447880308653	20.68481013	3.46564589113
348897	346	76576.2251768	2346.63923601	2347.67900021	24.1925853624	2389.5724014618336	2316.959336379235	20.8475683057	3.46564418215
349275	347	76619.3843169	2032.83161855	2039.49614649	35.6388826065	2091.6925107579027	1989.3762920745332	20.8125544949	3.4656480515
349291	348	76648.674171	2820.73673597	2808.9279376	47.7790082992	2897.393635415476	2761.760925996086	20.811934334	3.46564589876
350986	349	76925.3701048	1976.69465424	1979.7173976	16.36364777	1998.1299427818792	1950.1029702063138	20.856797298	3.46564809938
351790	350	77101.6939969	2052.64057873	2056.90003117	19.2122198487	2075.8662895793923	2012.4289562732545	20.7934783505	3.46564918952
351839	351	77132.6637678	2184.49785704	2171.05455689	38.0092713366	2274.501330678525	2156.620489344598	20.7711755505	3.46564497955
352000	352	77247.7532928	2115.59331603	2119.18142306	17.841732765	2140.7654793069287	2084.6800284549663	20.7310774261	3.46564820747
353257	353	78154.3761289	2169.64161239	2169.74246943	33.3282289842	2223.3876057773077	2114.0128659827355	20.9388618447	3.46568251412
355976	354	78664.5839789	1958.37738527	1960.27761627	25.676409075	1998.4626500177321	1921.2005755617545	20.7367355706	3.46567637541
358893	356	79016.5777509	2359.3896204	2358.51459078	61.3112575649	2456.388448957197	2275.652311777659	20.9681264479	3.46566578257
359182	357	79069.03107	1893.17412703	1895.20063805	17.698273263	1922.3406098191745	1862.3142949475543	20.8373747152	3.46566310563
357518	355	79154.057338	2050.0214658	2054.3088376	28.3237715699	2093.6063103537617	2013.5306369070872	20.5188648651	3.46567174785
360017	358	79182.7165279	2027.66673855	2023.90428349	14.2202661536	2058.6599050320133	2009.2724325758431	20.6954203461	3.46566395195
360363	359	79222.9943628	2128.96926764	2128.71265182	29.8069380012	2183.1875530650877	2089.0288183004677	20.7339913151	3.46566685322
361635	360	79376.334173	2052.77258981	2050.53183971	14.6495324663	2075.7305536671997	2026.5915902407335	20.5476472799	3.46567375654
362233	361	79492.222389	1959.86067374	1961.45495001	21.3804762096	1987.510602041734	1920.9585942119736	20.4920206616	3.4656787728
362902	362	79835.8284538	1992.11836256	1991.35148958	11.8628566425	2010.643859988178	1974.866369746462	20.8881974041	3.46567777233
363003	363	79871.5822458	2540.08414484	2537.29387906	19.8885417432	2572.5829132533318	2508.977410343	20.4963627774	3.46568654125
365424	364	80363.5494218	2131.53612989	2137.0216739	17.8804980067	2156.6140410957773	2100.2095308625085	20.6277055243	3.4656854572
366587	366	80697.9075208	2130.48047269	2123.07703775	18.6651996675	2163.289630772357	2110.5624444965206	20.5339381577	3.46567953987
366184	365	80840.3268988	2233.29098945	2227.31016078	22.5674514601	2261.0934441894633	2202.2026362444044	20.9059023681	3.46567890718
367530	367	80983.241081	2288.14750764	2277.61837768	52.3983037798	2351.4932319492536	2218.4712487838274	20.664680321	3.4656806294
369280	369	81417.7389238	2255.55043363	2255.21107171	18.1155195219	2281.6877699853544	2234.5871477642727	19.9348692886	3.46567426144
368821	368	81657.6026678	2097.51431352	2093.06096598	43.3713305826	2162.045458956655	2044.6601216127324	20.1382775503	3.46568268973
371798	370	81889.659019	2171.30628386	2176.85594525	27.0789330962	2201.3085896084017	2129.4660707593785	20.5911164894	3.46567239782
373403	372	82199.3040469	1993.68735226	1980.32872098	45.1381517315	2081.0735572614044	1949.299856764042	20.9568372199	3.46567521511
373199	371	82384.304781	2790.36069452	2780.76771949	28.7063711915	2830.9831526260073	2743.770381893715	20.7866941965	3.46567945838
373594	373	82488.0033569	2074.46253723	2074.57733271	10.9304912335	2094.900670207756	2056.201946858842	21.1169149855	3.46567762047
374913	374	82750.8811889	2439.96613005	2431.84684951	25.8356724527	2479.4131713832717	2402.400532597148	21.1452853288	3.46567506954
377788	375	83160.1723468	1906.96189986	1908.56070328	9.7038817173	1922.448361386256	1886.4208654883366	20.9535534745	3.46567406819
378210	376	83246.0298638	2430.94362958	2446.54634091	41.4052735815	2473.522802920884	2363.1974829869364	20.8120174546	3.46568275298
378878	377	83261.6639538	2383.29272298	2391.90951281	19.9477796166	2400.8837211115515	2349.102161131392	20.6569091969	3.46568248191
380599	378	83511.6550469	2453.64839542	2456.80569108	54.8602415859	2519.829058041118	2366.5157673595604	20.8410516757	3.46567899982
380936	379	83538.6683269	2071.73249262	2070.31259373	9.7665246531	2084.575317496034	2053.391599959932	20.815125057	3.46567940533
381157	380	83609.2320368	2734.88646141	2735.77622344	40.6683099784	2801.249888909329	2684.097762558443	20.8161493264	3.46567862414
382893	381	83864.630533	1977.49023971	1975.19092487	18.4375098859	2018.5358963049541	1951.04363722361	20.7695134884	3.46567915796
383725	382	84070.2652128	2180.65476942	2180.65902027	51.3148905012	2261.163750309356	2097.466630469735	20.7730355052	3.46567155677
383824	383	84081.8593438	2365.93704849	2365.70595985	29.2603337806	2401.9956869505213	2318.2588347453257	20.6931109708	3.46567431628
384000	384	84211.2484438	2109.96331682	2110.52247413	23.1553285958	2141.218506625165	2065.9450568062803	20.6619084202	3.46567255045
385141	385	84667.5950358	2128.75439408	2126.95900298	12.2464250324	2147.9762807562997	2106.3765166723265	21.3218991236	3.46568599947
387134	386	85243.3926659	2044.70588252	2045.24715146	14.4879350476	2070.1054671156635	2014.1461859169538	20.7262668793	3.46567994181
390632	387	85609.5171378	2608.65689919	2606.29581242	111.961558433	2743.655469540908	2446.5834130980757	20.9364246592	3.46568137865
391169	388	85645.5702829	1886.78412463	1889.37971633	9.61007552297	1898.6133912687585	1871.2508091827822	20.7857561453	3.46567902838
392120	390	85789.9160719	2065.34675601	2071.05314457	21.3259673636	2089.586744433694	2030.285839196056	20.598681645	3.46567947882
392303	391	85844.8932309	2251.46808097	2247.85097833	27.1604360363	2296.0502645371926	2203.340749247934	20.6269021818	3.46568402178
393199	392	85968.4269378	2049.10679133	2051.05992118	17.4687058446	2075.966930883845	2027.0236947821884	20.4267685244	3.46568629046
393779	393	86049.3125908	1896.58645913	1898.30355868	12.4241061323	1915.061348517078	1875.4587382708025	20.3653360822	3.46569098066
392102	389	86107.6310208	1965.57804806	1963.99521779	14.6624514723	1998.7507778319234	1947.9633162818466	20.4505933829	3.46568522229
