steps	episodes	elapsed	mean	median	stdev	max	min	average_value	average_entropy
31543	3	6646.77150512	2082.37222897	2080.21125391	30.3549948719	2131.8273661854205	2041.6143525455554	12.7774944769	2.18945365325
31333	2	6653.18598008	2021.60635555	2020.3636789	18.6963173337	2050.140021154369	1997.9081604798255	12.7242720253	2.18944412503
31255	1	6673.93537807	2059.98668453	2062.94552234	17.2517100773	2087.652208293485	2034.925315584066	12.725688858	2.18946659842
31835	15	6685.78036499	2063.44247165	2054.87268251	45.4660616466	2147.8824395733686	2012.9998096927648	12.7096548707	2.18947729104
31711	8	6695.69638014	1946.85651152	1931.31066162	40.5758791084	2024.8292775681784	1906.1614428499101	12.7682848268	2.18947068612
31780	10	6695.90099716	2054.71788201	2052.52085102	11.3761031821	2078.4965119125904	2038.107946589649	12.7484384808	2.18948044447
31881	21	6696.78917909	2090.15474261	2087.55434913	20.7202279281	2125.5492675094274	2057.7103467038073	12.7267349709	2.18950078727
31678	4	6697.57933807	2044.69487091	2043.15639601	16.2953944912	2073.969387938078	2025.1872121301071	12.7966784622	2.18947857651
31697	6	6700.91008019	2069.7201285	2055.98408351	38.3543239777	2149.8137654854063	2031.8536455171038	12.7472512309	2.18949424661
31784	11	6704.02811408	2045.81788986	2052.57514873	24.3558256644	2070.0787361259636	2005.3289437159112	12.7497077789	2.18948599301
31687	5	6712.09617305	2021.44004821	2021.20055874	14.5861726698	2052.935548217651	1999.5498351115375	12.735951967	2.18948324598
31706	7	6716.51539612	2020.57116184	2024.40092291	14.7467706875	2043.345967435159	1997.2571195441683	12.7073974763	2.18946815095
31831	14	6721.64909005	2064.05525228	2063.1559921	14.490301806	2087.867975149469	2034.223878791669	12.7459997286	2.18950207976
31716	9	6725.88752007	2103.27218233	2115.4172679	47.9546420889	2156.901007625388	2040.5515055553792	12.7429663128	2.18946399197
31808	13	6731.23930216	1985.60960416	1977.34022478	19.1769975348	2023.6605974941397	1965.4565561303714	12.7561244673	2.18948974908
31858	19	6733.15524602	2100.84585678	2086.06234341	45.2345370411	2161.005163886992	2039.6860465666994	12.7341943379	2.18948133905
31860	20	6738.05745006	2063.16113237	2063.5915969	16.483064205	2086.8173399756865	2030.8247923362323	12.7264620634	2.18950911223
31905	23	6741.39644909	2057.06940843	2059.05176496	25.9154644615	2091.3555000193714	2022.9718851262908	12.7327753963	2.1895149029
31793	12	6753.08317709	2044.86780187	2044.80361991	5.61610016795	2054.5490271013255	2033.864736218939	12.7245661392	2.18948062684
31993	31	6754.8947382	2049.4776974	2049.02398478	11.4562865459	2066.190688479679	2030.1201791859955	12.7379743511	2.18958051492
31838	17	6763.24215102	2085.02178545	2087.17876235	20.5090443523	2116.363372938884	2050.233388953958	12.7169977101	2.18949543798
31885	22	6766.45862007	2062.59790273	2064.77221946	25.1179035088	2103.795068107844	2024.5372214893061	12.7293297664	2.18949545753
31840	18	6776.51092601	2051.49325384	2051.40531451	20.278878471	2083.038381723226	2021.4557480359874	12.7373337491	2.18950507848
31923	26	6781.55522919	2025.76260181	2029.59410398	19.4289053575	2047.344655366947	1983.3275084789848	12.7314370301	2.18952702341
31918	24	6791.21926403	2005.78716404	2009.05212515	23.779720526	2038.8321053785003	1969.6134238566274	12.7520884881	2.1894990412
31836	16	6791.46849608	2046.66759505	2045.23050689	7.16578744122	2060.6884059019344	2036.0191588054984	12.7587519669	2.18950419025
31922	25	6799.86484909	2046.83368433	2045.68895849	18.4796697752	2076.157333240674	2014.1279786712962	12.746967743	2.18951980715
31988	30	6812.40384722	2026.66906541	2024.22601294	10.3936854575	2042.0200185061021	2008.195372643245	12.6964134139	2.18954244918
31951	27	6842.69245601	2049.14812264	2049.84014532	19.4034359861	2078.7636494246503	2022.5327269742324	12.7373767416	2.18952507683
31977	28	6843.66093516	2075.34389145	2082.12570077	21.3105045839	2097.6653530180924	2033.3479565837724	12.7320918758	2.18955538131
31980	29	6846.13964009	2062.19917683	2062.83395508	35.6403721938	2105.280249583106	2019.7132606386717	12.695827931	2.18953713048
32000	32	6880.14854717	2049.67052064	2045.95206079	21.3298379796	2084.842399687697	2023.2685730443015	12.7063212347	2.18958458966
58825	34	13299.763401	2108.30709275	2117.76841412	29.2377783815	2150.714159012496	2060.8880602380173	17.3987549519	2.99599173232
58666	33	13317.1018472	2065.97414022	2077.39459681	26.8773794376	2094.4128348629965	2019.3241939419304	17.3845741571	2.99599516951
60170	35	13374.384336	2008.31797069	2016.28051924	23.7667966017	2053.8173034429356	1976.408366582577	17.4419376495	2.99600137151
61078	37	13378.7729712	2130.38147095	2119.5995886	55.569817975	2202.385067560638	2065.1414049835103	17.4445464922	2.99600624068
60444	36	13379.675745	2242.42049069	2215.98015536	77.2027926446	2367.919991001999	2162.6569442203518	17.413646474	2.99600694751
61102	38	13401.3600862	1934.59983568	1931.90797697	31.292755587	1984.1859302584294	1894.5663494285247	17.428744808	2.99600661093
61441	41	13401.5674052	2140.71989539	2144.39044875	17.3585696421	2159.205839463625	2103.4171466790012	17.3964128507	2.99601986921
61212	39	13408.8639982	2051.34166471	2050.29639184	16.5291496791	2072.312073732768	2030.2435953796032	17.4702009414	2.99600706912
61673	43	13414.718863	2040.64129761	2032.86368832	18.1679703741	2063.714727617162	2012.5558403757605	17.4022429673	2.99601628257
62048	45	13424.6356981	2097.646737	2092.33963543	13.3189947107	2125.008037503549	2083.8793361731623	17.4199044687	2.99602061322
61883	44	13443.8188672	2015.27176131	2013.97327082	12.4807208083	2043.558697149545	2002.973974610426	17.3630133686	2.99600938146
61556	42	13449.301146	2108.9526325	2123.83120607	38.2280382157	2163.4511679666534	2053.0427420141777	17.3991454961	2.99601488834
62295	47	13459.349158	2027.30345234	2014.55702307	34.2267992654	2098.6806904706973	1994.6320419082106	17.4396921837	2.99601416809
61338	40	13465.5306182	2038.03295599	2031.97325609	19.9330697305	2078.8740681289246	2014.9405331381956	17.3798579243	2.99601771633
62424	49	13470.224462	2030.3996316	2027.3278006	27.0950932061	2079.4179533426177	1996.734654346585	17.3713086425	2.99603185478
62163	46	13477.2100611	2092.55807437	2077.21564816	29.7506571194	2153.8182433856064	2070.431459985758	17.3826176438	2.9960101613
62804	51	13481.6251631	2099.20536025	2108.38735141	54.6265157831	2197.4260202363093	2029.0927298942074	17.4087912281	2.99601683917
62400	48	13482.2917161	2180.25739796	2178.38271555	19.7934175742	2215.536451460534	2150.0585234276564	17.3955967817	2.99601924634
62689	50	13492.156276	2074.04813892	2076.17981842	17.1451562898	2101.449258954222	2049.2094563188825	17.3585102216	2.99603097132
63103	54	13509.4362321	2215.05027936	2218.07834215	53.306338718	2313.5514246773814	2144.7746669402977	17.4021642306	2.99602786894
62918	52	13526.4708931	2031.3051243	2040.02063934	23.8543303382	2062.0670275286734	1993.165687475347	17.4305379984	2.99605647789
63064	53	13551.6431782	2100.27655833	2100.93725002	16.0158888882	2129.988814709634	2067.613466839519	17.39267056	2.99602751226
63398	56	13558.9963932	2026.78997414	2031.8250478	21.6795082928	2048.626492530027	1990.7203018459827	17.3573923622	2.99604578251
63508	57	13569.256963	2078.42899371	2075.49755871	18.0098533757	2118.739823217414	2052.5464851395595	17.4185924366	2.99603623568
63537	58	13569.3409371	2075.88777498	2073.4255254	31.9768599138	2119.079038756966	2033.9776286306899	17.4391558349	2.99603709199
63284	55	13575.3819442	2049.60224933	2055.4541543	11.4328113322	2059.0123927052223	2029.833883655017	17.3747068674	2.99603305316
63642	59	13594.9591351	2080.41372668	2073.89639112	15.5940336069	2109.2022969278455	2063.567818378512	17.3623997581	2.99604626363
63718	60	13628.124974	1976.12329549	1977.61910563	19.2469772235	2009.9549191470855	1949.6259496428195	17.3751901139	2.99606185532
63940	63	13681.3543901	2087.09538738	2086.67791913	10.2969030217	2103.6178239202027	2066.067500898618	17.3534536786	2.99607459368
63933	62	13696.4281321	2043.35906492	2039.67143175	30.3177481354	2102.486944265722	2004.4476961479106	17.3999452175	2.99607171467
63928	61	13699.467051	2128.11391841	2126.88850139	22.3750127119	2165.4314572764424	2093.9292267525725	17.4068438347	2.99608029116
64000	64	13737.1610911	2110.05225841	2112.72762417	14.6240346681	2128.5038073822593	2081.9281750111145	17.3993655577	2.99611210039
85276	65	19984.1060512	2178.63189605	2180.26827353	51.5408431879	2241.4885205206883	2104.4066641440977	19.0713972471	3.29276203312
86235	66	20020.493428	2036.84865143	2036.22945786	13.7002931429	2060.6546168899063	2011.8719591459194	19.1124444383	3.29275962817
89440	68	20091.2140982	2346.75981733	2349.96400676	21.1971502666	2376.0250088239804	2304.907230082674	19.1379105841	3.29275174189
89089	67	20100.84711	2054.42800396	2054.10540371	33.4327528725	2098.5415539285646	1991.8624428681196	19.1110344837	3.29274790711
89494	69	20108.1861432	2185.40328713	2189.27447562	19.0511899576	2211.0879915636046	2146.2131533713955	19.0783690179	3.29275272775
90428	70	20111.9089751	2171.75578973	2179.77080982	38.4075430373	2216.9396248544726	2107.7063871957594	19.0756923488	3.29276179486
92221	76	20122.8039491	2080.20300833	2084.01552288	17.1022516312	2096.6476748292	2048.933327058117	19.070954877	3.29276450415
91356	74	20143.8526771	2148.493127	2149.2136127	13.8367988618	2167.4618931658433	2128.4385246942793	19.1389001663	3.29276484213
90565	71	20149.759156	1987.54037928	1986.11813869	17.1204789158	2013.3738639024205	1952.9261068916016	19.0838891305	3.29275470185
90820	72	20151.6972301	2022.0956093	2020.53576837	15.7008001037	2041.1388929569912	1998.5802125235243	19.1492000541	3.2927532981
90994	73	20153.4598691	2006.83529598	2015.96237013	31.5520261506	2044.3856212293429	1945.2029795147853	19.0746247245	3.29276185246
92870	78	20199.9653881	2057.47811746	2058.21845029	20.8378950903	2091.0471640569094	2022.8510002909711	19.0666893403	3.29277204724
93036	79	20202.0867851	2157.22461351	2166.26029147	27.0310706729	2186.45858835395	2102.0951721257006	19.0651504037	3.29277182619
92151	75	20203.2016492	2199.67900515	2185.17774663	37.0064711838	2276.1624464936544	2164.0757828740398	19.1024934961	3.2927684822
93270	81	20208.2833922	2227.39736717	2226.29709646	22.2768176638	2274.6640890902577	2196.483752110677	19.1247081099	3.29277446694
93045	80	20217.3220291	2069.06359438	2068.86137534	16.5878800624	2093.726923189218	2045.8637981993575	19.0988584484	3.29277923532
93815	84	20217.992377	2246.76842054	2250.81977652	42.9457166371	2302.3172169723093	2181.7574775544626	19.1416705398	3.29278206608
92563	77	20232.7660122	2063.76870933	2066.28894214	31.16881709	2114.050748612877	2020.516106563417	19.1634981551	3.2927626903
93311	82	20259.554898	2140.04527311	2163.57298508	54.5928896573	2196.6848396384808	2043.2342599113172	19.1154170286	3.29277566576
94689	86	20281.6670032	2149.56148238	2160.11519151	61.609274013	2224.287428925316	2062.359521110236	19.0946655794	3.29279450547
93591	83	20287.2424462	2074.3428445	2079.3119699	15.9372230464	2095.0239476216957	2047.7753123043133	19.0203521843	3.29278561388
94944	89	20308.912394	2126.00454805	2127.65411606	10.4099607222	2139.936431367722	2112.074320105843	19.1635123401	3.29280410815
94922	88	20316.8393431	2175.3927559	2180.12020237	49.082275381	2233.4996108455275	2107.9335176089257	19.1538623078	3.29279914644
94865	87	20317.1717832	2007.29202826	2008.44217383	12.0793908842	2023.8370606162075	1983.1528844893464	19.0336742259	3.29281126978
95002	90	20326.3618212	2102.06754398	2103.19957281	27.3664897566	2143.019411208199	2059.2330813230933	19.042729701	3.2928049001
94304	85	20335.8725691	2046.68117928	2043.50527192	9.24952599031	2062.613585228804	2033.482787096284	19.1211274262	3.29280079589
95222	91	20347.0327642	2098.03210525	2100.94663729	13.9581181295	2115.4172325097743	2077.612827753975	19.091682145	3.29281583924
95486	92	20416.0930951	1961.43318803	1965.45665609	23.3175360274	1991.8035377399508	1926.7610248717242	19.0883681631	3.29283466156
96000	96	20467.4575851	2061.76466057	2062.08373014	21.5985070123	2105.862444580992	2030.3276898184909	19.161794115	3.29289263649
95833	93	20485.0409682	2105.19454797	2093.19808025	26.4097584638	2140.597858922371	2075.266262394922	19.09057834	3.29285652756
95915	94	20521.4246302	2102.16162946	2097.17438035	12.8017836324	2120.2829767171233	2086.165350413294	19.1316025045	3.29286199603
95938	95	20526.8791151	2187.8757489	2189.29476665	17.9613856915	2215.574549297919	2160.3771143885497	19.1119327876	3.29286865298
113714	97	26603.905828	2289.80831392	2299.43345804	37.2442211916	2329.3030893562996	2239.0958189158614	19.7572306762	3.40202679304
115374	98	26640.5823491	2045.56506117	2044.6518585	16.8737935876	2068.429415612149	2019.5505500662885	19.7766935516	3.40201543289
119183	100	26771.8996491	2005.3875811	2005.22144828	8.18976832386	2015.4894550754732	1991.6835613448618	19.7849790804	3.40198035651
118847	99	26772.2000232	2283.65075192	2279.46944437	28.8741951385	2342.526733747172	2247.8562071990636	19.8229576159	3.40198232126
119947	101	26777.9871411	2155.50736451	2153.32671962	20.3764364185	2187.9649077130894	2124.342287377996	19.7458412183	3.40198188322
121750	106	26818.5738111	1898.99900766	1888.99353789	23.4360787006	1939.1904769857874	1870.736149770202	19.7587520262	3.40196907066
121779	107	26818.658643	1950.23381813	1962.23801698	28.7620236666	1986.1687304134628	1905.975493401795	19.7478542908	3.40196807461
121734	105	26837.858994	2004.34576202	2002.12439035	7.6503198668	2019.7513086533816	1996.0171896141562	19.8164605747	3.40196424773
121355	103	26844.0878732	2138.20722357	2137.70241916	7.41340096589	2152.3087327870376	2123.3373657006928	19.7828681216	3.40197676837
121627	104	26869.350785	2119.74565047	2117.74846447	12.5193360577	2143.2941096633326	2103.086238460817	19.7504508528	3.40197690954
123566	108	26905.9456191	2241.63591995	2238.19547213	25.2284122445	2278.4114523539088	2200.255572557541	19.8180827422	3.40197139793
121109	102	26935.8629692	2087.34354075	2089.77167266	15.0962205738	2103.5790175833768	2054.25508317701	19.7418587228	3.40197885573
124479	112	26939.2546432	2048.103588	2052.8042904	19.7973906765	2076.368659009065	2015.4712899718033	19.8472237805	3.4019631415
125072	115	26962.4299531	2111.62050993	2113.90227812	28.6646566466	2146.145472821815	2060.6341404139093	19.8200652076	3.40196678721
124414	111	26987.3794181	2209.59542402	2206.43835964	28.6055933444	2258.433619489559	2171.6880924954603	19.7897335908	3.4019722557
124213	110	26992.1063411	2150.30148704	2146.33807958	22.0201215381	2201.119374128207	2127.8203963974715	19.720136608	3.40197501315
124585	113	27001.4828022	2063.42323495	2055.03194749	23.3160504892	2109.6804532273177	2034.4155163809332	19.7763205391	3.4019741265
123821	109	27003.1777971	2110.70715787	2110.37590422	9.78924471706	2130.4097727158523	2094.1656261937087	19.7288459796	3.40197532293
125638	116	27014.2658072	2090.67794985	2081.59957008	33.0395153764	2137.0960974859318	2052.6728741876923	19.6772839634	3.40197976579
124651	114	27016.0157492	2388.71743196	2390.66657179	51.1306763611	2470.4173536395238	2309.4533089470965	19.8321552968	3.40197414202
126918	123	27057.4821661	2012.61199736	2000.82508588	39.0418483523	2069.7905612633967	1966.1858314859794	19.7583491552	3.40199890439
125984	117	27079.6981091	2262.36098972	2259.87810456	33.7438434766	2310.011860993584	2219.882385503684	19.7518848905	3.40198318564
126446	118	27081.9899521	2113.4686597	2117.80469105	46.6228883701	2173.0751364540542	2055.5151529773616	19.7826779039	3.40198677188
126624	120	27131.0397742	2200.90567092	2196.17421394	23.0519036222	2234.9240559341147	2172.6911556611367	19.8212944008	3.40198566796
126527	119	27138.1033521	2135.98430878	2135.73794558	14.9251220256	2161.1702272909893	2114.25913008231	19.848264318	3.40198928809
126656	121	27143.991765	2076.25479052	2064.86441467	38.189854639	2134.5677208490933	2012.8123944870927	19.6787318431	3.40199007637
126701	122	27151.771785	2175.67225793	2177.4420819	19.1314360287	2203.9592090106503	2138.2040551566133	19.6865086501	3.40199389786
127473	124	27260.5886431	1961.03444093	1958.77921532	17.4657989195	1990.3998490643921	1937.1993712488834	19.7222369805	3.40201843022
127781	125	27281.184777	2058.25391806	2060.81008908	16.1673040753	2081.261141555582	2035.1922221444718	19.8194242626	3.4020439732
127868	126	27317.6618412	2087.81631047	2106.79453578	37.9824978449	2123.9092057320336	2022.8029108770636	19.771009554	3.40203597254
127989	127	27408.8528011	2141.06853392	2134.03351252	31.8809829421	2184.975189214602	2101.22981023218	19.7893260281	3.40204171545
128000	128	27417.6951821	2233.84389696	2234.78239482	22.6618809773	2273.7777481391627	2192.4610438346313	19.7110160304	3.40204707521
139778	129	33197.5906751	2355.14758311	2335.36808102	68.2646353344	2453.7559035841186	2282.118761846656	20.0429533636	3.44224796368
141405	130	33244.0489042	2025.99691239	2026.56081698	11.7656679555	2043.159306156725	2010.537626863162	20.0627568546	3.44223984785
147320	132	33366.810282	2348.8124417	2352.97213298	46.7426984643	2422.5894314667557	2264.9945880617934	20.1228331453	3.4422039122
147464	133	33373.2696631	2066.68734594	2068.49848406	27.3001420439	2115.928182670343	2020.3309277211217	20.0347192187	3.44220434993
147154	131	33420.101598	1998.36076435	2003.84071318	24.4864657623	2029.8568762720956	1962.795171930887	20.1239361942	3.44220367105
149265	135	33443.2047291	1950.32885221	1939.53798902	34.7890171247	2014.1261015316384	1913.8169478044667	20.0916053	3.4421981696
149132	134	33450.5576942	1899.06059687	1899.01197291	9.48995070803	1912.8526830523315	1886.3313449010382	20.0880713428	3.44219371199
150075	136	33459.915056	1991.85668258	1991.27940059	12.7791348828	2014.0126769548383	1974.2918737690527	20.1151425391	3.44219259229
150155	137	33461.3985991	2102.08487981	2116.27783776	37.504780541	2144.037308431402	2043.8160250967912	20.0965364798	3.44220178384
152633	139	33563.6819532	2273.40591247	2254.61347495	61.6004424209	2361.8742029024133	2200.9559850444502	20.1333161463	3.44219711297
154496	142	33567.7261312	2228.97684146	2233.56953741	32.6930114126	2264.946535919105	2154.8041352828145	20.1677720602	3.44219454191
153604	140	33595.3517342	2103.80240597	2094.16753784	35.25217726	2186.694979547349	2074.930730209374	20.1531931715	3.44219017798
151966	138	33664.9041011	2107.67909331	2095.13555441	25.4633037979	2152.4986315543324	2081.8975382187577	20.0729817647	3.44219944801
156030	145	33682.6757631	2163.19430172	2170.94171567	39.0457164808	2211.220577868139	2116.119755860484	20.0067873354	3.44220053434
156945	149	33705.1917551	1992.59940537	1991.56246029	18.90106792	2017.87205661534	1961.0868558324973	20.0933392366	3.44220455402
157309	150	33768.0887022	2179.91739224	2186.21828559	21.3898528147	2213.062863112334	2136.3492599988695	20.1060575795	3.44219732348
154357	141	33786.744251	2048.73977084	2048.98995631	9.94099377433	2063.9998189579856	2032.2951457725947	20.0784185365	3.44220188403
155856	144	33810.5416312	2222.02459706	2223.92589931	11.1352354356	2234.026924768371	2197.913328420775	20.0394096512	3.44219967971
155725	143	33812.1473	2361.04584793	2364.18760391	84.2784239982	2487.2727725065065	2233.532478126752	20.1149065066	3.44219717215
156032	146	33838.2090311	2115.48570184	2111.37061697	26.6351073707	2153.1525038817217	2080.532515587234	20.1075307214	3.44219966817
156414	148	33838.4111502	2377.15821461	2381.52628412	35.6930533809	2442.6916089729634	2320.2679819412156	20.1579480869	3.44219621313
156137	147	33859.0512252	2126.38668113	2122.39144422	36.4190412484	2169.767521282961	2081.2977470887536	20.0249506482	3.44220074488
157507	151	33943.8736351	2464.48491188	2465.19853493	104.75758789	2601.9022188014305	2321.421753401396	20.0736007098	3.44219705943
158332	152	33992.158673	2259.52713846	2272.25880801	37.1799384132	2302.4141752937394	2191.0776631248946	20.1176994661	3.44219697799
158362	153	33995.2876642	2088.38697021	2098.00889399	19.0464437838	2104.054162303154	2053.721476597524	20.1694506704	3.4422000713
158437	154	34016.646163	2158.04399593	2155.89493349	8.76274738631	2169.070607907713	2145.8714303161473	19.9737189917	3.4421991419
158487	155	34017.207294	2228.29747426	2231.63444599	36.3696326144	2266.580407556162	2162.630796605464	19.9759124821	3.44220341543
159368	156	34135.2000251	1982.45138365	1981.61808528	4.69628569562	1993.305751917376	1977.0451476373548	20.0610481206	3.44222741945
159513	157	34156.4470282	2137.54108118	2150.21214091	31.7105695871	2172.8937765811315	2077.586392718932	20.1726215766	3.44224039009
159697	158	34215.6831141	2016.14283472	2012.62177007	10.5816588864	2040.5250065970351	2003.1138610841613	20.1403947755	3.44223784264
160000	160	34291.6031792	2333.66453099	2343.36700856	29.6119390793	2366.9734098973863	2283.7739100955655	20.0146097016	3.44225333029
159986	159	34302.203922	2264.47546961	2261.772915	23.5248749096	2294.0628596399906	2211.3413325431816	20.1464310066	3.4422503234
168090	161	39831.5350881	2484.82317347	2477.46557127	65.5024628084	2563.7222395119893	2388.06231918458	20.2028697921	3.45707182201
169545	162	39890.6506371	2034.56851561	2031.87892262	8.43885536671	2048.790642927546	2023.4596880950733	20.2428664973	3.45706886239
173850	163	40029.3853581	2383.33196578	2361.79164091	72.2871828465	2480.538566793561	2301.5384641642527	20.2938444397	3.45704979575
173883	164	40034.1682642	2027.1137047	2027.05408406	24.7580677084	2068.9531662451236	1991.5851917254238	20.2281492866	3.45704985388
175391	165	40077.8920541	2058.50079062	2053.63317092	30.1940066603	2117.656077749517	2026.0477968163989	20.3416195394	3.45705017215
176440	166	40112.6044412	2011.64591053	2015.78148235	20.0171002819	2046.8602702685214	1985.5282938379057	20.2850926385	3.45704713167
176865	168	40131.0471182	2101.11183081	2113.41163918	46.1566972913	2157.4376091353274	2028.2711420147727	20.2841091832	3.45704586493
180247	171	40218.0444791	2289.41071897	2287.20215074	41.2157359512	2351.7402470882776	2243.2147292153695	20.3476494227	3.45703736194
176612	167	40243.2837782	1915.05497931	1914.58352249	7.55164578021	1924.7368531657885	1902.5072976297567	20.2555199275	3.45704368236
176948	169	40255.8599	2072.08143432	2064.88325895	36.7276135843	2117.8441310958938	2025.3276016571263	20.3098067604	3.45704188468
180085	170	40276.6982262	2427.01857661	2427.14936428	36.2539470652	2497.4381969938336	2377.4022125575125	20.277991777	3.45703862411
183145	173	40288.6751852	2084.1651901	2075.98876816	31.6991163395	2136.0121271865683	2045.2771339545336	20.2324566676	3.45703540004
181196	172	40292.0769022	2180.54532105	2186.03047128	29.4532837898	2231.491240238448	2141.439785580886	20.3105910292	3.45703177547
184501	175	40399.69032	2034.14576759	2036.28197885	20.4199686341	2063.5338249855263	1999.1986683132725	20.2799209431	3.45703411479
183865	174	40411.619514	2189.1538592	2199.4636828	30.7137880082	2225.5774347163465	2145.492636154372	20.1696400317	3.45703811354
186788	177	40475.5581522	1948.06066704	1947.98366087	45.0314655457	2018.3644287157088	1897.4578617745738	20.2713742299	3.45703611984
186228	176	40503.9455502	2093.18440316	2089.88864761	24.5558482985	2125.781354648407	2061.1715243926883	20.3005678697	3.45703525409
187031	179	40607.213129	2471.61851083	2473.73092795	22.2735268413	2514.537977967529	2435.372946977439	20.3226802535	3.45703238003
187552	180	40614.10131	2128.52703706	2124.46595958	26.1384108595	2177.248790181281	2099.4394366477677	20.299074929	3.45704078611
186957	178	40620.1229222	2217.13061151	2210.8060108	16.2153816154	2247.3004299209992	2199.0119219930716	20.2485245793	3.45703811572
187626	181	40661.4964681	2366.39170112	2364.48990214	17.2880648518	2395.3325805791274	2343.692718667532	20.3436422607	3.45703748002
187996	182	40685.6954012	2179.53985675	2176.98581054	14.8708781279	2202.496609015291	2155.423916865105	20.2399192006	3.45704154365
189407	183	40778.1590922	2676.00271643	2675.18658768	43.6819562787	2727.7595128149937	2597.295285377573	20.2591294275	3.45704480662
190059	185	40805.076185	2077.65172102	2077.01209058	26.1893857703	2113.2174529498147	2035.6659110256173	20.3555910536	3.45704915937
190010	184	40808.5994921	2228.58292732	2220.06358729	36.4931107444	2280.889707226955	2189.365416487529	20.3117932994	3.45704460255
190302	186	40835.6797171	2173.82291009	2178.0459621	11.8749769169	2190.758570919616	2157.818621026478	20.1371048961	3.45705051001
190332	187	40851.032701	2317.62002754	2324.13212959	17.9803639756	2338.6972614351293	2283.582083928359	20.1399341725	3.45705209917
191283	188	40973.6886742	1993.24774019	1988.6370741	11.7336500908	2015.311499611269	1982.465109988922	20.2468065864	3.45706733273
191456	189	41004.363271	2222.49265673	2219.8958565	29.8282181694	2270.7092478336594	2176.0815034261736	20.3211917398	3.45707164256
191723	190	41074.7192152	2000.62365429	1999.42820093	12.8232936173	2025.8695781793035	1979.2496615231298	20.3196362919	3.45707411175
191981	191	41155.4238122	2372.35732835	2379.05329979	19.0392033259	2392.830446923914	2341.8235575879457	20.1740960828	3.45708356956
192000	192	41185.7882791	2227.64648086	2239.97596134	46.8408573611	2300.4455310710414	2152.6079915596288	20.3248906532	3.45708227754
198498	193	46469.8183072	2553.39893193	2546.52442879	42.9678136147	2626.154506277783	2504.0032486717487	20.2950161186	3.46253615918
199990	194	46542.919986	2000.92642717	1998.91835521	10.4227464641	2018.7811979770383	1985.998077060232	20.3238934348	3.46253474431
203643	196	46685.459733	2020.00768516	2031.64419277	30.4799313409	2051.0645796374038	1964.9912080774359	20.2735187308	3.4625290308
203507	195	46692.9121192	2520.78787604	2532.51337867	47.4049856025	2567.6508540559894	2411.8684677153974	20.3186155758	3.46252937454
204707	197	46763.125725	2124.39634251	2129.44069069	18.393664703	2151.3131969358697	2083.8983796534844	20.3843026589	3.46252947227
206376	199	46859.906347	2203.40414797	2204.58061524	15.6010601493	2224.3634581386773	2174.2752281707963	20.3134551452	3.46252629235
205811	198	46872.9866261	2058.21222597	2060.53958886	13.771081945	2075.5619681004487	2040.0945919652384	20.3436924301	3.46252718227
208468	200	46912.9837921	2359.81039665	2367.92829507	38.2381415193	2418.621452726705	2300.7640874838826	20.3947509237	3.46251901961
210406	203	46952.7077112	2016.48904305	2011.8630866	17.4488750444	2045.1186452302845	1993.657127730649	20.2450297446	3.46251511362
210521	204	46987.8157382	2079.97495093	2080.2490698	29.7738554669	2121.525845601702	2035.0348925058572	20.3297498739	3.46251782229
210186	202	47014.6168711	2390.85214895	2398.88021285	25.5357618864	2417.1818868487658	2337.632836030945	20.2718531736	3.46251788085
210067	201	47025.9827871	1881.94468295	1876.02728144	15.8531018117	1911.1730694471007	1864.642747224124	20.2715554909	3.46251903446
210660	205	47037.0985601	2115.27337783	2114.16139343	28.3171703217	2151.7525742565213	2079.834821133402	20.2835773693	3.46251395163
213279	206	47107.3246832	1978.3125045	1977.69517517	16.4624820801	2003.6936905148866	1953.4044713420824	20.3312551368	3.46251159031
213486	207	47176.8202271	2148.33201309	2143.13870431	13.7727453502	2173.7292659907366	2132.4502288287395	20.197608026	3.4625127475
215006	208	47184.5709991	1909.3882486	1909.61781064	6.39464040252	1916.7427862565785	1896.7544733908392	20.3233017038	3.46250890492
215763	209	47279.195955	2144.0446724	2139.75555673	23.6519698716	2185.290202036468	2099.3304072108904	20.3316568419	3.46250943614
218403	210	47364.3396401	2550.05171967	2551.07346268	33.7447134411	2597.9677136150526	2486.9025353655734	20.3818225462	3.46250815573
218511	211	47371.1609912	2186.45951885	2178.31601287	23.3828071638	2230.7933312695036	2160.915616992992	20.3392784203	3.46251387604
218613	212	47390.3819251	2215.90358284	2211.32248425	16.1313983921	2249.039802846724	2197.006305748966	20.3369141997	3.46251250493
219415	213	47437.496654	2505.71397477	2506.97604884	55.3257539951	2571.4715676827027	2414.9276787850054	20.4055377305	3.46251174093
219815	214	47458.6107562	2239.98759239	2246.1371802	34.6619150067	2297.0641000621595	2166.6998570658375	20.3132690513	3.46251187806
221659	216	47556.106338	2037.58527467	2040.90686123	20.3625588749	2062.2820477821288	2007.7599990202816	20.3875004039	3.46251673861
221203	215	47561.495867	2838.95218385	2833.14027478	62.7875373235	2946.5193622542956	2730.219295962596	20.316280299	3.46251395556
221699	217	47570.3931322	2183.85138761	2187.05650309	18.337191413	2205.8767150736603	2156.8767092901116	20.3306831434	3.46251568422
222017	218	47623.0719051	2216.50073067	2216.64086782	26.63976712	2253.555447629472	2184.3853587320023	20.1711708142	3.46251945617
222148	219	47624.003154	2335.64255323	2348.67101625	30.8628531123	2378.4032248212743	2288.5409787497856	20.2036754618	3.46251802364
223171	220	47775.302721	2011.76011161	2002.98075899	27.3963859735	2058.5794683349527	1984.9372164432837	20.2666122762	3.46252762554
223345	221	47795.4617391	2270.46115513	2280.67460193	34.4195565592	2316.416267639044	2206.0997583727576	20.3617081244	3.46252798672
223683	222	47939.2270761	1947.12771904	1939.84144713	28.205119554	1999.031443007969	1915.4192933096078	20.3519595618	3.46252911948
223960	223	48002.3954501	2503.44788115	2522.83375203	48.2713634407	2552.698134989325	2409.8835055094232	20.1853948594	3.4625318612
224000	224	48012.3894761	2182.95899169	2183.43013873	11.1524310277	2205.8735898612003	2168.1367741470694	20.3731800138	3.46253314298
229402	225	53080.8885362	2479.20206332	2480.58678362	33.1174824984	2530.409322180109	2430.750877594777	20.3153366477	3.4645419937
230892	226	53196.8366342	1996.37216905	1995.37336028	10.6325530421	2009.0998718614778	1977.9468213576592	20.3204314917	3.46454217665
234296	228	53344.3800361	2623.03747883	2616.82744781	46.3058773713	2688.059460061161	2551.066986753736	20.3242653574	3.46453895619
235871	229	53425.8501332	2170.64153312	2167.90225655	20.4500500266	2200.691580589216	2141.516813604444	20.3760586468	3.46454089621
234089	227	53495.0908382	1965.45973558	1969.15179558	25.7450437721	1998.5368396171164	1929.4898095184524	20.2598070079	3.46454024535
239604	232	53501.6726682	2326.30381116	2318.10797137	43.9309803983	2418.03565739354	2281.2789289371676	20.3926687534	3.46453453563
238313	230	53522.8947001	2173.34747219	2186.48975116	33.4156182221	2218.815614952037	2123.8541429142333	20.2936110458	3.46453721489
240469	233	53547.860641	2053.25598395	2056.08216108	9.4186257515	2062.34620109173	2032.2643711753694	20.2200288728	3.46453076199
241479	234	53653.698158	2094.09399316	2089.82948233	18.3948988838	2118.621813313623	2066.466567825812	20.3560542359	3.46453147761
238380	231	53688.8773432	2087.18956158	2089.66437522	22.2672026723	2113.207139505866	2056.082189809028	20.3526473264	3.46453760143
242201	235	53719.1656811	2254.7603566	2269.03299416	50.2355515108	2316.3587375981124	2167.118259276885	20.2503537196	3.46453059666
244294	238	53806.4348071	1961.17272849	1960.43559353	16.0807004552	1986.0215432671719	1935.8100854049999	20.3311803047	3.46452703017
242257	236	53825.2850661	1887.37823578	1882.33959221	14.1308879656	1913.858825960883	1871.223548069028	20.318465231	3.46453139433
245887	240	53837.150342	1982.35843877	1983.63231204	29.626908762	2017.5638005451397	1929.729418559432	20.3471683727	3.46452555295
242500	237	53848.4018042	2166.65201441	2182.89628807	50.2620758982	2224.6606121117047	2073.924091857774	20.2806016092	3.46452799843
245736	239	53893.3885071	2151.58792079	2157.55964393	35.5235000747	2189.5710527446513	2097.3077176561465	20.1891719877	3.46452571241
247904	241	54005.1379111	2182.95406867	2186.9602593	15.9515609581	2208.3674402814454	2157.5482449100527	20.3511793077	3.46452604328
249699	243	54053.1480541	2206.75021713	2195.27069387	39.5198000936	2273.3672014073677	2166.237682262491	20.3879443149	3.46453023339
249526	242	54141.1528492	2403.61205853	2362.82171246	85.5436469089	2545.1215066184054	2317.783185054747	20.4194847964	3.4645274215
250122	244	54186.4778371	2187.56971494	2195.16546202	21.2378154776	2212.1367571399555	2151.0287056226985	20.3840357308	3.46453037127
250899	245	54223.044971	2704.97175446	2715.94307196	105.563297145	2837.4123475426836	2569.8622857296236	20.4505346106	3.46453120736
251361	246	54272.4882052	2312.57369843	2316.28682839	19.5295192746	2336.6357950271686	2280.257001387127	20.3670559983	3.46453239127
253115	249	54348.8093612	2094.1977641	2117.19328438	63.5252069504	2174.528084496085	2012.882712231899	20.352452545	3.46453353855
252881	247	54360.4396691	2040.68091153	2036.93141729	30.490551529	2084.2215506277166	2003.4865532330502	20.4179545455	3.4645337126
253018	248	54386.8125961	2791.46238228	2778.32161213	57.4052559974	2899.007016441662	2719.723987036362	20.3279901409	3.46453298535
253756	251	54433.8898132	2247.23103709	2246.08957217	24.7430615981	2287.2591259794044	2209.227921764929	20.232472469	3.46453615216
253711	250	54435.9591501	2255.3664949	2252.85935994	11.1550885521	2277.019534253066	2240.2234252332046	20.2051654868	3.46453613162
254969	252	54608.9724112	2044.08109347	2047.15931553	10.4102813263	2058.0519676004747	2023.3628228492419	20.3167678821	3.46454350247
255071	253	54663.7392571	2292.41663819	2291.37574934	12.8746667921	2322.0599978460336	2273.520866641836	20.3967426573	3.46454381775
255780	254	54689.2967741	1945.53104452	1944.78854937	17.8108059661	1968.7893933124146	1924.2627678921006	20.353518716	3.46454
255980	255	54877.194396	2418.62367392	2416.66505817	19.9043351605	2444.670270293152	2390.2737926671193	20.182425844	3.46453982314
256000	256	54894.7909811	2155.23672198	2156.35075444	44.5619965415	2219.983964433966	2100.5740008243124	20.4088511184	3.4645416138
260006	257	59664.233242	2429.19720268	2427.39973254	41.3681752276	2494.8982205703537	2381.562452246823	20.3119095963	3.46527206493
261981	258	59797.7519081	1993.38646526	1991.22907209	20.3975056235	2026.3703575547474	1964.5760265521128	20.3014552662	3.46527246709
265123	259	59960.4212551	2729.92578558	2721.90133092	31.9127965398	2782.8852895319505	2684.6839423115275	20.344857432	3.46527117072
266954	260	60038.4660671	2135.87801822	2131.93979807	33.2969300265	2195.476187711849	2076.2841012959016	20.4095746755	3.46527636385
268453	261	60039.233422	2351.09113794	2312.05770432	71.3556749415	2464.0943254520416	2276.0430009126676	20.42882088	3.46527485688
269435	264	60132.5269971	2024.77720052	2020.90358782	15.4827920622	2049.971503777854	2005.7714384742687	20.1866764501	3.46527358461
268484	262	60147.7846551	1948.92259847	1942.7831337	12.772703678	1975.2421297420512	1933.8385666195338	20.2388065886	3.46527569093
269075	263	60152.5938101	2086.87710882	2084.05713112	24.9407293024	2126.6673334839315	2049.4204568374935	20.2907418398	3.46527716248
271742	265	60298.0296311	2035.45049458	2028.46039523	40.6504674233	2089.839259741826	1982.0297366384902	20.4013491819	3.46527538075
272300	266	60322.5113852	2096.16261412	2097.10287453	17.2099026282	2123.7377893519956	2076.9198033318166	20.3613662534	3.46527945922
273025	267	60376.507997	2146.54897542	2146.19607656	24.6117998023	2180.546604978921	2094.9546728484793	20.2641478012	3.46527802222
274772	268	60426.5501521	1995.39028506	1994.00639153	13.2425877845	2019.3641607415288	1976.1846062442878	20.3379457879	3.46527789689
276576	272	60547.8139081	2156.73910072	2162.45188863	24.2556872722	2190.097563450943	2122.4810597382607	20.2053580821	3.46527658853
279515	274	60646.2460771	2244.76754388	2237.22745536	29.8730179321	2303.2671779721704	2213.9402845057425	20.4124673601	3.46527747945
274969	269	60661.2618852	1832.91259638	1831.43776649	9.23419414078	1851.733979481224	1818.3210476185259	20.3711894201	3.46527846583
278592	273	60670.5274532	2220.1850849	2218.41384786	26.2170620045	2255.729537111908	2177.3218581153715	20.3717924569	3.46527745491
275487	270	60686.3557682	1965.09944917	1958.42829555	33.3919559974	2020.3339140797352	1917.369896287188	20.3776059531	3.46527673782
275693	271	60717.344799	2152.91597991	2144.33810382	26.2298190845	2204.008959371902	2124.366753837878	20.3050247718	3.46527697331
281022	275	60986.9158912	2353.3254739	2365.14610584	32.607246367	2399.7008484133626	2308.385582304625	20.4240046345	3.46527884881
281901	276	61048.292906	2242.09530468	2232.51056348	42.3583452608	2297.020869526344	2189.55526465061	20.3877052204	3.46527985501
282466	277	61109.435673	2773.30558064	2776.85772042	55.3630566222	2861.2368942878074	2703.0215915521944	20.4630904026	3.46527843365
283222	278	61160.9011991	2275.522549	2270.20072071	18.6105552725	2301.4570549743216	2253.2366152028303	20.4123374322	3.46527741781
284606	280	61218.5561092	1990.71727586	1988.79309922	11.8677512066	2006.5832340334846	1972.046429120236	20.4389471442	3.46527344143
284446	279	61223.8595381	1990.09495833	1988.70523739	13.3592428478	2014.6087357133297	1968.4584395689835	20.4124654424	3.46527488461
284911	281	61287.2049711	2991.46388695	2976.28777105	91.907476236	3109.856281184722	2815.3593113497864	20.3653290315	3.4652750011
285492	283	61328.5406091	2234.75007856	2241.75442837	29.958117374	2275.502394042193	2195.4817879350626	20.2462441473	3.46527154707
285487	282	61328.7383361	2223.27988742	2222.23658045	12.7028713917	2248.296202329581	2203.9348570028874	20.2666789279	3.46527193177
286884	284	61497.4018281	2041.24582863	2041.89080256	16.6579835296	2064.328095916911	2014.3055696861627	20.3636046069	3.46527200013
287247	285	61595.7754612	2324.03948463	2321.89729392	16.8896833549	2354.2328111271418	2305.1766062255106	20.4787777874	3.46527278562
287376	286	61631.4299982	1966.83821722	1964.29972857	29.1029643336	2007.8002902897972	1924.7864271347516	20.4399198513	3.46527338681
288000	288	61829.9932802	2113.32090306	2109.35540993	11.612798011	2132.394764756707	2095.723384891011	20.4799048512	3.46527237178
287967	287	61847.8372872	2489.05942754	2492.9015099	35.1201077838	2537.294452043656	2448.509954019247	20.2530505514	3.4652717619
291627	289	66330.1283722	2437.07892394	2445.23341631	53.1305789157	2508.320550196786	2352.9199798078266	20.3034125741	3.46554527605
293577	290	66490.6234231	2001.84978283	2002.35018403	7.36231869363	2014.9597902699684	1989.5078922558469	20.3238169713	3.46554267305
296337	291	66650.3619151	2796.78197727	2797.67505125	39.0256383908	2850.2490493728847	2722.5985913794307	20.334041187	3.46553771082
297521	292	66684.091357	2238.38173458	2226.61112712	39.320966543	2318.6173216869415	2186.9050189119675	20.417258128	3.46554128573
297554	293	66775.9147651	2046.80084818	2045.12900299	16.9246337599	2079.550320809729	2020.483713290946	20.4080153134	3.46554216363
299149	294	66805.343008	2109.50543899	2101.82782169	45.2341435708	2192.7086066190222	2043.7769606930103	20.1304345099	3.46553875021
299643	296	66880.2832541	2051.31023982	2050.09971767	11.4728827244	2072.8357211999	2032.0776910856985	20.2202351782	3.46554159769
299591	295	66903.2400801	1996.67395284	1994.00500984	25.3980860698	2035.0188376671078	1964.553436875727	20.1543382037	3.46554239284
301981	297	67050.8374281	1981.45060972	1981.13395577	9.79810363815	1992.249921701651	1964.6419583409975	20.3447449454	3.46554325838
302350	298	67071.521759	2104.35242074	2107.09749429	11.9677244629	2119.365836643954	2078.5532884582617	20.2918738714	3.46554501922
303058	299	67165.858597	2075.84591911	2082.06609901	16.5050673346	2099.641343429296	2053.333256615669	20.1787626765	3.46554700572
303743	300	67193.0037482	2045.83630228	2018.10356724	51.9587486698	2144.730704940807	2002.6070679157062	20.2588073235	3.46554752274
305422	301	67339.6062901	2172.15876897	2178.51752993	17.5755261231	2189.445230292064	2135.446006458079	20.1830915901	3.4655483009
306869	302	67369.4760652	2377.76339003	2384.91241628	27.118354758	2406.3569363374786	2330.449023976284	20.4013492471	3.46554874391
307478	304	67394.9428091	1806.78012778	1803.61875692	10.0878750967	1820.700957976049	1791.7964962945202	20.4049579865	3.46555099601
308203	306	67449.2985511	2145.52746644	2146.77550107	21.4944368081	2176.690675967795	2116.1467087297874	20.360318751	3.46554947515
307890	305	67483.4814742	1923.73429733	1922.71046804	6.83625892626	1939.1876076217654	1915.3848574151866	20.4416180067	3.46554996403
307408	303	67494.7521951	2256.17285164	2251.9023191	20.7221891272	2291.4467276805685	2227.6488313717377	20.3939621849	3.46554986818
312222	307	67659.0267062	2372.65542588	2360.00988207	33.7934846274	2424.8554672280106	2333.574857694399	20.5013548684	3.46554866787
313364	308	67780.4287212	2233.82153347	2224.2245216	50.819610682	2301.958031170248	2152.0900953879486	20.4232118108	3.46554856806
314340	309	67848.0944471	2626.57708283	2640.31404895	69.57835788	2724.828517981101	2515.4274630662753	20.5248982951	3.46554987179
315078	310	67907.9638472	2284.8015227	2293.05043687	26.7130090205	2314.6205789954265	2233.0625269775023	20.5307866689	3.46554738482
315857	311	67953.2857862	2007.30421316	2008.54855595	12.943356541	2020.4842997214741	1982.0116721167594	20.5118532736	3.46554420261
315931	312	67969.9307282	2064.84522661	2064.72807777	15.4000059311	2083.8776848476655	2034.267408029252	20.5031275611	3.46554599031
316733	313	68028.8523531	3088.79293987	3066.15203379	107.829987849	3225.6940066855245	2937.8876090529907	20.4605587889	3.46554282833
317156	314	68089.927135	2247.54850222	2252.29134265	29.5048210768	2275.304577324344	2182.2739988049125	20.3354579043	3.46554321357
317164	315	68092.9196181	2173.57313891	2164.04268786	29.1674953519	2227.0201154688793	2136.63596372302	20.3581003503	3.46554374597
318519	316	68259.7520471	2074.83758539	2088.92359648	32.0285626401	2108.845924308123	2029.5210235342208	20.4325947304	3.46554466877
319142	317	68371.340142	2229.83620432	2214.8934166	40.7040455071	2288.903274949214	2181.663382598317	20.5923795073	3.46554469461
319337	318	68424.2433031	2065.61113044	2067.92432596	32.0548823195	2113.3724157728857	2016.3566943270364	20.5014996892	3.46554317271
319967	319	68631.3275981	2156.01878964	2153.68278584	14.9235965192	2179.8405961064286	2129.0564763757275	20.5585348811	3.46554963812
320000	320	68655.650074	2457.40849654	2439.34412482	53.8223178519	2540.958170753489	2391.548421019476	20.3150181774	3.46554972406
323375	321	72994.9117742	2451.71309725	2460.67489308	48.9806047014	2517.928233685131	2369.407537078849	20.2817793379	3.46564936357
325281	322	73243.1746032	2023.21952732	2026.01797674	15.0588701567	2038.3986802792692	1991.4082804580669	20.3403652114	3.46564348032
327745	323	73373.741951	2840.07176087	2856.6349433	78.9402630698	2935.2390030950905	2719.428441837285	20.317227336	3.46563785286
328062	324	73378.609859	2311.75218297	2308.23805798	25.9035921914	2361.229107886893	2272.165199342299	20.4164128613	3.4656385457
329913	326	73489.790251	2220.45980628	2223.65597311	24.4378716454	2254.178406962453	2176.997360231365	20.0487264873	3.46563864752
329499	325	73537.294759	2020.89954321	2021.6974426	10.614554553	2034.516338337134	2003.6304743109993	20.3620707661	3.46563809631
331244	327	73615.3075922	2105.91449281	2095.62237795	28.7590680165	2174.675973767701	2083.6950189257605	20.1605031226	3.46563957189
331690	328	73675.1458991	2010.98956483	2014.86153168	17.199009907	2031.6614831823208	1975.8645676405256	20.1214796416	3.46564039223
333972	329	73781.4367712	1983.21520449	1982.87517169	9.74927521578	1999.970976821221	1971.5683305758896	20.3081783866	3.46564266425
334297	330	73823.233248	2095.58502776	2100.21454703	17.4453519293	2118.618284982846	2067.1941215615234	20.2445517162	3.46564383856
335782	331	73920.2213962	2084.38708861	2082.4214162	11.8151025644	2104.3466878974623	2068.9986282278164	20.1703323528	3.46564786566
336074	332	73927.469866	2108.10393519	2104.3637229	15.2200615387	2137.0718553544475	2088.4446922048246	20.2722276315	3.46564757318
338689	334	74071.6441052	2415.61359962	2402.99589063	40.3412714565	2476.707425308633	2373.3241642992843	20.389354595	3.4656515628
339193	335	74097.7173631	1819.85969551	1814.96799158	15.9069981741	1847.0115547174023	1802.4641219436896	20.4530534874	3.46565104135
338264	333	74115.8820672	2219.82342739	2224.61327198	22.0466595746	2248.0157108197286	2172.9592138435983	20.1995340439	3.4656501408
340038	336	74214.7073851	2090.76072215	2094.71290591	27.3740428245	2135.8950946957266	2058.2380101828094	20.3855499392	3.46565139744
340498	337	74250.8457692	1913.81695375	1915.05114276	13.3953429913	1932.497299237021	1893.4672058757178	20.4729626243	3.46565123091
340769	338	74324.089071	2317.70336699	2317.61602027	49.2990699604	2405.4926371724055	2251.0959010957527	20.436649345	3.4656513034
343156	339	74403.363698	2458.85537288	2460.31749709	27.272562038	2506.7501042702584	2424.0634156708766	20.5194836223	3.46564746013
344899	340	74496.740674	2109.10931167	2114.10660983	20.8455336451	2136.8585901766096	2073.519379205378	20.4347023555	3.46564841237
346020	341	74629.5217061	2523.96456415	2521.98687426	25.3551817142	2559.0000534081732	2489.142300985767	20.5802133993	3.46564613616
346902	342	74647.7512021	2316.85155	2310.12553966	36.1437370506	2381.083229678914	2273.7156502450866	20.5646069321	3.46564547223
347474	343	74713.1655262	2025.36007067	2031.5770182	32.5347778675	2077.993894519901	1985.9256323667305	20.5252593872	3.46564687526
347674	344	74733.6327941	2038.91071786	2035.71197114	25.4442771044	2070.913350269213	2006.5876951380117	20.5319014137	3.46564410485
348263	345	74785.639775	3271.80543501	3255.25481883	70.1846100701	3388.8180981988394	3178.136582135449	20.4800705952	3.46564381241
348870	346	74849.256423	2199.32213597	2196.83929493	25.3941416215	2234.049308659807	2165.270042481076	20.3087952617	3.46564537776
348924	347	74872.2107291	2241.63627469	2243.52407126	35.704988436	2290.123353339876	2186.2658647244325	20.3732319461	3.46564401578
350301	348	75086.5316572	2104.46744445	2099.14638923	16.1490167589	2134.700371802406	2085.968947803323	20.4219432455	3.46564296799
351037	349	75160.2182441	2246.8829795	2252.90297663	30.2158003852	2283.703951002228	2188.0473003660622	20.6087125908	3.46564038529
351281	350	75213.369915	2148.99443803	2149.02813167	25.7417046685	2201.407492734142	2115.763634724285	20.4989615734	3.46564363712
351949	351	75468.7637022	2126.72266858	2133.21297945	24.5744686255	2155.177283986458	2081.402174416711	20.6348049869	3.46564559914
352000	352	75482.6264632	2542.66037421	2559.55080868	83.064849877	2659.664423523065	2380.4377514146554	20.385331498	3.46564844398
354655	353	79629.2820661	2322.19062841	2327.58375646	29.4843921899	2350.8644559916233	2267.253024261345	20.2107503546	3.46568268087
357579	354	79909.554682	1997.24202898	1997.66911537	20.9471052842	2033.5850709748722	1960.0727252234244	20.320867813	3.46567355535
359585	356	79979.1904192	2216.96786592	2213.93442838	44.0462851715	2288.6518111611163	2148.8358169057506	20.4227633644	3.4656741556
359483	355	80062.9618521	2767.41303938	2768.8929155	23.2794812053	2796.168994478476	2721.856304368776	20.3404790159	3.46567364552
361040	357	80145.4337182	2205.20368678	2206.10894341	16.7725914057	2228.445488763838	2181.630509855971	20.0219216307	3.46567101129
363026	359	80293.892725	2236.83957699	2231.05689445	16.8299416439	2262.6498208418507	2213.2049722303454	20.1539252031	3.4656713909
361780	358	80369.1934712	2034.86760749	2034.4014576	10.279767734	2052.5626113275202	2019.6171299868722	20.3480174282	3.46566978867
364020	360	80392.1448672	2130.66251093	2133.43505778	48.3986950737	2207.625821004389	2051.229418280638	20.1440775603	3.46566954243
365638	361	80461.6877842	1954.97695441	1956.35336723	23.9069519301	1983.9109827503776	1919.0716719776194	20.3299379172	3.46566967123
366343	362	80503.1022601	2091.84739725	2096.824727	16.3505063808	2112.9802644628935	2063.9656950468448	20.2276821332	3.46567392535
367807	363	80557.4195671	2142.9166586	2147.21433331	27.6255663232	2175.465837081804	2102.3387557246783	20.1547342466	3.46567690489
367964	364	80631.1250031	2025.08767501	2015.30445721	47.9316624744	2117.570964746737	1975.448202577595	20.2860367438	3.4656757113
370333	366	80728.056601	1868.69572611	1869.64423244	6.93089685467	1879.9644597997274	1852.9988893809484	20.4385174609	3.46567807421
370009	365	80747.1516042	2481.11798407	2496.58271608	44.1965557033	2529.2410591363955	2410.2166236936323	20.2901165816	3.46568253314
370769	367	80806.3907542	2228.16658359	2225.30620103	23.7467471206	2268.432923133991	2200.530609203573	20.1883000403	3.46568113741
372052	368	81030.0666761	2100.88106017	2098.77455777	17.1715792857	2125.813714959801	2069.767624184814	20.3743880477	3.46568274322
374149	370	81046.9145231	2514.42526633	2500.05191821	67.9979469874	2595.956508732207	2423.7131616496636	20.4936599068	3.46568502099
372572	369	81089.3401072	1904.66591594	1903.84218069	15.7364679226	1939.2037537462866	1881.02911868962	20.4388703282	3.46568371755
374837	371	81202.4115801	2585.40644725	2595.89703897	61.6700084574	2658.048149674707	2485.4329608647477	20.5013929626	3.46568160687
376178	372	81354.649379	2083.11983643	2086.68219581	26.6435214026	2122.0001697223383	2031.957977876368	20.4204958854	3.46568162687
378051	373	81475.2405381	2547.56793621	2542.43344163	24.0751482499	2586.1249536500113	2509.339118525044	20.613668132	3.46567809313
378324	374	81503.4776311	2356.6748426	2356.23932713	62.0863530169	2453.404622830131	2271.54971705889	20.594755566	3.4656791928
379229	375	81590.9411411	2056.3100763	2056.27740421	9.46193560156	2069.1026715630023	2039.5686371557088	20.4980530115	3.46567932353
379402	376	81614.9860761	2006.00119684	2008.83827593	22.6790092837	2037.0860942579986	1965.3485241545657	20.5098855779	3.46567664789
379946	377	81664.5685222	3138.80668518	3137.99213304	60.5311368304	3235.5081722508166	3061.9080879502835	20.452116305	3.46567956197
380614	379	81729.4509602	2217.20339263	2223.75279518	44.3472315885	2283.472933737935	2158.6242517905825	20.3102203063	3.46567859312
380454	378	81730.2702851	2207.55531284	2202.63074757	53.8514800918	2288.4500812614783	2141.917819469979	20.2703169448	3.46568049575
382461	380	82002.782135	2111.68515553	2105.47001053	18.1396564839	2146.280572005946	2090.7872047510523	20.4189637157	3.46567859399
382871	381	82071.8488331	2296.59806624	2289.20651838	27.51009063	2330.079655309214	2257.6345007544073	20.6254664025	3.46567839879
383164	382	82142.7987761	2276.52755573	2275.31298126	41.6016550035	2351.6826503936204	2222.783438644274	20.4976888917	3.46568047654
384000	384	82429.542088	2644.76127275	2645.53995559	24.6780039449	2682.065916851755	2609.3871031415038	20.4669637708	3.46568772081
383974	383	82434.0307372	2041.88562884	2041.81430159	9.51092848438	2056.3695277500765	2028.7491839469228	20.7192566078	3.46568236232
386358	385	86261.5455291	2239.60881713	2232.48516616	28.8841449181	2289.502859720175	2197.7420317623523	20.1853922842	3.46570457062
