steps	episodes	elapsed	mean	median	stdev	max	min	average_value	average_entropy
30641	10	6366.45047593	1966.2249148	1966.64985651	18.7552139521	2002.804805907467	1937.198876281265	12.787345647	2.18957804225
30580	7	6375.55092597	2027.38206283	2026.12978103	22.5806930436	2060.69639572668	1990.4528400019933	12.7946563761	2.18960216042
30417	3	6380.10689783	2019.2864278	2016.23778055	13.7575431705	2040.6685843035118	2003.005225984894	12.796627853	2.1895787332
30358	2	6380.16799784	1979.88194167	1977.2841556	23.9993995249	2020.5507600330104	1945.07913324389	12.7828441976	2.18956921936
30506	4	6382.95963979	1998.13819972	1994.7994318	21.4526710243	2027.4691862704126	1961.1757402659387	12.7763700989	2.18956306295
30348	1	6396.13441992	2028.39756904	2024.39860456	24.0647780893	2063.3513701955976	1982.665299229847	12.7849103833	2.18956872878
30635	9	6404.36731887	2052.20432333	2048.61870483	15.8013887366	2075.916252773877	2030.1230758769268	12.7636461161	2.18958361331
30608	8	6408.61391783	1980.77463809	1964.90133934	35.7640770221	2039.7226075765457	1942.9874650048591	12.795336469	2.18955680348
30922	13	6415.11088896	1967.58608404	1956.47663774	29.5497897579	2022.9326218885324	1936.2649548581867	12.7884035842	2.18957456679
30573	6	6415.24138784	2004.20100765	1993.69010765	30.341919996	2048.845014525524	1966.8538855097102	12.7968152205	2.18959268355
30654	11	6428.41698885	2045.62651963	2054.45716562	26.4292000157	2074.411224535262	2005.547292257524	12.7748556972	2.18959058966
31263	16	6432.17130589	2033.56506355	2027.65631261	24.5398990054	2083.109783141868	2006.2984951275305	12.7718337125	2.18962332329
30888	12	6435.45039487	2004.83645247	1998.36894466	29.3408665889	2046.1193135122617	1965.9094401242498	12.7447391215	2.18961275313
31060	15	6480.66915393	1995.02894042	1997.31081998	21.5259750691	2036.0814839704449	1954.686278189283	12.7903766249	2.18966970836
30969	14	6485.81863999	2032.5640761	2039.72979099	16.8551458709	2049.7363130895724	1995.8417542825455	12.8075750976	2.18963276244
31990	29	6572.06841087	2036.62607651	2028.70779381	23.2819432586	2068.867278223579	2004.894946401077	12.7312349773	2.18971675386
30513	5	6614.77323389	2023.48895402	2030.75886969	27.660198893	2062.6246551850973	1970.0940151691107	12.79268178	2.18958470258
31871	19	6728.53226399	2021.99925918	2021.24238713	21.8355109739	2053.3474924864126	1988.8560372828574	12.7737487277	2.18966996703
31895	21	6729.10055399	2019.63111556	2018.95033172	19.8667176101	2044.9410170458332	1989.7689633761784	12.8123692726	2.18966844742
31922	24	6742.61107397	1944.50091087	1930.65164401	44.0837551174	2028.2566369606423	1896.5977129790801	12.804562619	2.1896730087
31947	26	6745.04390788	2015.1233469	2015.62774522	11.0627934389	2038.3208146470408	1999.4403116206693	12.795793669	2.1896878586
31807	17	6746.78991079	2024.24219194	2017.88166563	33.9839228858	2068.679989307701	1966.0413760355757	12.7657097634	2.18966275779
31913	22	6750.56947494	2029.1512503	2024.49881995	14.5558250728	2054.200576910517	2010.2966897891413	12.7793389605	2.18967270738
31920	23	6751.10614586	2035.40672514	2035.23492285	17.3346468332	2062.860366262012	2008.1821256762519	12.7957871889	2.18967834586
31819	18	6772.32842684	2095.52579573	2081.54334208	45.5510667246	2158.9302437820998	2036.6996079627534	12.7509453513	2.1896707463
31886	20	6772.85007882	2060.58258153	2049.82181541	29.1070182144	2121.4813404181746	2027.8836590950034	12.8044570937	2.18967593812
31998	31	6774.5167439	2023.65372049	2023.13431124	7.21383563755	2035.6164673554679	2012.581088518574	12.7668073329	2.18972199622
31953	27	6777.75255895	2050.56159166	2050.69606273	10.7596342627	2064.854786029901	2032.6660031275485	12.8152928709	2.18969489585
31945	25	6783.34619594	2043.55852373	2041.3644755	13.650696388	2066.376860734158	2027.3316684759573	12.7945020154	2.18968924015
31973	28	6798.77459478	1997.44752342	2005.75987389	26.3857076084	2030.3994812201242	1937.1772271464451	12.7932326502	2.18969442593
31995	30	6826.63923883	2032.29199576	2034.74508227	16.693421744	2056.5768937876687	2009.7821092709928	12.7573114098	2.18971656492
32000	32	6830.71956897	2047.46061964	2047.99826364	13.7568972188	2068.5386260007085	2026.4641784115424	12.7773720705	2.18973688697
52016	37	12708.8490729	2056.70673568	2059.49927921	20.1619631134	2095.9580290666427	2032.5495101344382	17.5158916618	2.99610992265
51862	35	12713.8634589	1916.92755297	1913.66331783	13.83862671	1941.8537429222154	1903.955325468868	17.5207229043	2.99610734024
51426	33	12731.0167089	1966.00856661	1965.7788103	11.3710020244	1978.3602678263155	1946.7162407986018	17.5106233099	2.99611510725
52796	38	12758.1042469	1970.07646508	1977.69979298	24.17689082	2005.7215678038297	1922.091165700463	17.4978236438	2.99608952144
53126	39	12771.1573479	1986.80377051	1971.17265847	30.5585011763	2050.4455404894356	1963.2047344442078	17.4971050233	2.99609729072
54252	43	12773.9152868	2130.61508361	2113.8630995	44.7806063944	2209.078747013237	2080.727301914969	17.5115974078	2.99610420755
53169	40	12782.6471739	1991.30848337	1993.30948592	15.1246689895	2012.53216792364	1966.2569316451397	17.5018530168	2.99608667498
53983	42	12803.183295	1949.11854926	1945.59627833	18.9270655602	1980.673443800727	1925.545581874927	17.4961397542	2.99608996919
53595	41	12809.0351679	2033.12797071	2049.45033116	37.1348485913	2082.743171039867	1979.270536625919	17.5284172236	2.99609642931
54429	44	12840.7156348	1979.77166592	1969.3189342	23.5806086418	2016.9961364668904	1956.3181195888512	17.4555549472	2.99609904863
55971	46	12911.34024	1904.61623925	1905.20766326	20.3083773154	1940.5082051265397	1879.1584347378623	17.4831013408	2.99611231411
58508	48	12988.762996	2023.2451334	2022.5452752	8.73526822158	2038.8348646222503	2005.4090623948389	17.4779697736	2.99612654351
60264	49	13032.8929338	1953.94933582	1964.74526131	26.0234697854	1980.6252415383078	1909.9971192548612	17.5071879037	2.99611045171
52002	36	13072.742111	1955.59868755	1950.47399641	18.1582057771	1982.5072185094846	1936.504837650629	17.5291645452	2.99610329153
56114	47	13080.484149	1977.98075914	1977.94945912	25.2380558977	2012.0037065345339	1942.4889424650396	17.5203632574	2.99609848263
51854	34	13108.450166	1924.20941691	1921.39897539	15.3366180406	1961.1490854601661	1909.5893414583552	17.5492850986	2.99611587123
54868	45	13186.152025	1976.58764259	1967.08058223	24.2375863831	2030.199661508306	1950.7545262318486	17.5090508113	2.99608293009
63425	55	13203.858042	1969.57183795	1966.8308602	20.2129610062	2000.8170602411312	1939.8181578917045	17.4874982483	2.99621754238
63910	62	13317.032378	1955.8502051	1957.11298129	9.94317554027	1972.5529045659728	1942.3446806697132	17.4528093194	2.99624029195
63016	51	13423.5970099	2004.64873028	2004.9196935	31.3595503137	2067.0690508340635	1967.6060224198416	17.5283113886	2.99618534452
62973	50	13490.001195	1970.04511413	1971.20465976	13.0789635696	1990.7794723222744	1953.8064219151315	17.4746648928	2.99618742808
63323	54	13509.7807419	2013.1067093	2004.17398748	22.1606412504	2041.0755008501367	1989.1236961352956	17.4791288387	2.99620375213
63319	53	13515.3501618	1917.30383284	1915.63906734	27.2153618995	1958.8182533172305	1881.0262084471105	17.5025770284	2.99619582919
63296	52	13516.727685	1947.49937913	1949.16322284	11.6290440598	1963.0122961241784	1928.4234147349302	17.4771586418	2.99619693994
63501	57	13523.4424889	2022.75721115	2027.05009561	15.6592910888	2041.620193316845	1998.7769690328632	17.522736804	2.99619777461
63709	58	13541.7932408	2132.33620407	2132.67191534	11.0691359422	2146.625830758441	2112.327113482637	17.4759508895	2.99621181296
63435	56	13548.3188109	2042.84496852	2031.53578749	36.8883272232	2092.8666079946747	2004.902842226035	17.4985427981	2.99619318916
63739	59	13562.2509799	2093.21416252	2101.02914345	21.104618715	2119.2091100850084	2050.9300420122413	17.486356347	2.99621545222
63814	61	13571.7768979	2022.4376329	2016.26940381	20.5892845858	2061.1383980451033	1998.8417851976828	17.4572490082	2.99622589734
63798	60	13578.5770788	2037.05594101	2033.84185029	16.746233231	2074.6002494550257	2015.6321150475665	17.5069600203	2.99622412713
63995	63	13649.8405938	2067.32788425	2065.89041858	13.5934413855	2091.9317139446257	2046.278204516668	17.4800324311	2.99626817198
64000	64	13686.5579548	2061.0462646	2062.33190032	14.0234920785	2079.500244323334	2038.601261848094	17.4751055177	2.99627339599
75901	66	19058.471674	1951.97266191	1955.47548486	19.5990388537	1973.6245517880595	1921.9443753643661	19.2615072048	3.29299078981
75849	65	19075.1741009	2056.04619899	2058.6761078	32.6154861712	2095.6619623758165	2004.3341579299988	19.3155782853	3.29299134529
76586	67	19114.2224329	2022.85583556	2029.41350659	38.7645735275	2065.911925694809	1967.2109065400532	19.3319960232	3.29298930658
77127	68	19124.651341	1982.57737663	1990.15432138	50.247840018	2049.5771329783265	1914.168116944219	19.2849828769	3.29297676984
77588	70	19172.8569889	2033.16545233	2037.46369295	21.3722860841	2056.292204128598	1986.2318930037025	19.2516651493	3.29297796542
77527	69	19175.177032	2200.40710935	2206.70188096	20.4587287011	2224.9164764023426	2161.4490263146226	19.317950953	3.29298214513
77795	71	19197.477535	2028.08938642	2027.16878961	39.5087128657	2079.1071947418422	1970.5734150092055	19.2592867559	3.29297323911
78340	73	19258.3422289	2150.99514084	2129.0804356	57.5523513866	2262.0476106793494	2092.8740372304133	19.3268105638	3.29297062303
78829	74	19273.4891849	1987.32289246	1983.92896682	16.6717798334	2011.6355575435507	1962.5917546870621	19.2638650317	3.29296952866
78179	72	19360.402601	1976.63516289	1976.18732282	23.6870336435	2020.4451256327561	1943.3734890745604	19.2691311312	3.29297126814
80066	75	19375.9137208	1893.27717185	1898.03960276	20.9539338108	1919.8939007534705	1861.1132724836998	19.2541970587	3.29297082797
81886	76	19421.0556259	2036.40521028	2028.88517037	20.3963895746	2064.5247954115057	2013.8223144696904	19.288589471	3.29297728127
83450	77	19438.7162738	1907.62051887	1907.35028549	15.1572920613	1928.7379205792956	1880.7956371047517	19.3006780702	3.29297085451
88125	81	19669.9675028	2001.03014528	1996.13840695	12.8208933861	2022.7841706389486	1986.623083172442	19.2611553496	3.29299424701
90632	83	19746.3609469	1926.43747579	1930.00827563	10.0152908564	1937.960695348332	1906.2703674092968	19.1932602788	3.29300954683
85657	79	19753.3821619	1974.50964264	1973.64858496	8.40201094843	1986.982781568681	1963.7789967231556	19.2761180165	3.29296488454
92823	84	19768.0563729	2095.71705612	2091.65283892	23.9246978136	2144.318356527823	2060.7221840930342	19.2745186905	3.29299549577
85394	78	19809.673589	1993.75148533	1998.1887898	10.041399368	2005.3696980668094	1980.8162020690725	19.302044	3.29296617555
86384	80	19889.8179688	1945.10392749	1944.38466709	16.6230977441	1967.9691809798805	1913.6537751705514	19.302493834	3.29296446277
88208	82	19901.6599479	2011.67829334	2014.61599119	21.7320327487	2043.242643526278	1979.6159372433087	19.3043095104	3.29294168905
94678	85	20236.6914279	1997.21600606	1997.49482192	22.8639479338	2032.3898399260165	1960.9254582863052	19.2096876642	3.29300466986
95099	88	20260.3419089	1953.65165739	1950.23781538	15.8806591748	1972.9298384518954	1930.5270395193245	19.2812724184	3.2930119249
94918	86	20263.0718868	1978.27454512	1984.94392234	23.631675807	2001.0285662781223	1931.3800861532973	19.2491343537	3.29301414274
95074	87	20276.5914278	1967.25125726	1966.72159519	15.5078464988	1993.673806291563	1937.8067048895023	19.2679394595	3.29300858752
95186	89	20282.3447919	1993.83251201	1998.68540904	15.4195264073	2017.4498963744823	1970.305746902012	19.3118343988	3.29301112109
95389	90	20289.3569078	2087.20516213	2107.9569236	40.6114667722	2126.255038484285	2013.729454080522	19.298673011	3.29301876714
95464	91	20292.1563618	2084.30037817	2086.05470566	13.1587234508	2100.777656540412	2056.7619575164513	19.2618935471	3.29301120829
95614	92	20307.8139119	2116.15903199	2126.23469134	35.7942042709	2155.8895642967577	2056.251703064326	19.2577012234	3.29302155689
95689	93	20351.0706098	2003.37095554	2006.95023182	15.6921269544	2025.4228338106532	1977.1804519343043	19.2086661954	3.2930260959
95691	94	20355.6481948	2070.39382168	2069.2922436	12.1266616275	2089.6522817698	2052.724142745636	19.2881326283	3.2930252995
95945	95	20489.831126	2018.63186674	2018.18441473	15.2813892143	2050.3656509210364	1997.3212805044507	19.3022211218	3.2930483469
96000	96	20520.8340969	2100.11712475	2103.5264696	16.4639763041	2123.4407421213064	2072.937010148555	19.2570535712	3.29305087953
105014	97	25386.440701	2014.04482547	2008.63658814	22.8704087534	2048.7024430612764	1986.496435012359	19.9747898506	3.40217851792
105502	98	25431.6334789	2191.71111097	2197.50376373	42.1289902024	2251.560156121321	2119.195892505683	20.0962450655	3.40217607362
106172	99	25439.718266	2056.20562627	2055.17739994	11.249940491	2073.2674685150773	2039.2956112371096	20.0760028777	3.40217523313
106348	100	25478.9588449	2078.99614034	2078.30516412	27.2464006577	2116.2643949566723	2043.414182141696	20.0076923037	3.40216812123
107272	102	25528.172689	2188.03195191	2182.30418427	20.519221066	2221.0480370666955	2150.289101473357	20.022930698	3.40217523477
107249	101	25555.149812	2045.1708315	2041.95676911	17.4992728436	2086.683007249081	2027.0561838225053	19.9435281913	3.40217448652
107734	103	25583.0123038	2115.84606608	2120.87697004	29.7874563993	2149.08328913257	2076.756209999671	19.9607746958	3.40217195094
108781	104	25665.5327549	2229.18816687	2225.97118929	28.0183686504	2266.9692492127133	2184.581861038611	20.0592260519	3.4021748871
110858	106	25806.2789459	1903.99007975	1901.11516536	19.2655536532	1935.5839793651678	1877.5501257879291	19.9317136278	3.40217919007
111787	109	25806.4010489	1902.60953963	1902.75147678	13.0957341772	1921.5483970295645	1883.3014016270893	19.9721199084	3.40217650158
111563	108	25842.4282968	2021.52188059	2033.45020933	29.8691905761	2051.144158132634	1971.1756281268315	19.992584474	3.40217878439
109022	105	26053.039248	1934.19262596	1926.46058286	30.0663439707	1981.1708230997874	1897.5196941851557	19.9890827625	3.40217460347
114446	110	26093.8403769	2046.55591303	2038.15422085	30.7248540407	2090.097630635663	2011.0288947960141	19.938903347	3.4021983804
116289	113	26100.20522	2113.20273662	2110.68896731	30.6695289357	2164.2426012777632	2077.0947004552568	19.9272669747	3.40219845493
115905	111	26123.3111088	2007.44225405	1996.82492575	41.3369069707	2067.659907605463	1938.830311279611	19.8413205647	3.40220539065
111099	107	26183.0043619	2051.1210763	2050.45634254	10.0520013092	2070.40533279656	2035.8419655641499	19.956950194	3.4021776025
116010	112	26188.06303	2045.39773432	2047.83610103	46.8263890601	2109.4525334121126	1990.5387041974557	19.9337331699	3.40218873954
117881	114	26563.7742169	2014.60484338	2011.53413528	13.3063718108	2034.2245620939598	1997.9289350029383	19.9655288539	3.40218216502
119884	116	26674.629884	2042.86440369	2036.27693753	22.2971525235	2087.805455227673	2019.450076386996	19.9766550114	3.40216859302
119638	115	26689.1114869	1947.29852078	1948.31508585	10.5477805879	1962.1226177697245	1929.7259204317093	19.950917564	3.40217813232
126698	118	27005.8819809	1971.8122025	1965.51692033	24.8610289815	2020.7008649660559	1944.4009616375743	19.9984663711	3.40219424233
126995	121	27017.7013738	1992.09260177	1989.00049821	9.01365614148	2010.4299429841017	1982.1925489573969	20.0025384506	3.40219240321
126343	117	27024.2316258	2057.21619685	2057.82288687	14.6484810676	2078.5155776648744	2027.5704479848405	19.8781711427	3.40219167542
126793	119	27026.2932098	1891.5494151	1882.10141661	22.389380758	1927.088669361657	1863.683562092264	19.9647850895	3.40219418649
127020	122	27031.0269959	2086.79480204	2093.85503202	30.2647478905	2124.7987974123193	2030.8650113421752	20.0248263081	3.40219424907
127094	123	27032.479455	2018.01864084	2018.4772612	13.140988386	2034.3763732084162	1990.4512383596175	19.9513848089	3.40219221484
126925	120	27035.4066229	1944.06225346	1950.09638897	25.2369367568	1979.5181576570983	1904.7575538467893	19.9363042618	3.40218919246
127217	124	27076.6255469	2126.5711747	2126.63440564	14.1627666695	2145.251284616716	2108.744600160608	19.9494498995	3.402194515
127506	126	27117.9994059	2085.51757441	2085.36943209	6.23350893681	2098.721738660827	2074.0494364476885	19.9827428421	3.40219636972
127504	125	27144.2161708	2025.94946852	2019.9136358	27.2715378444	2064.4808448033014	1994.1380369577103	19.8699877624	3.40219717932
128000	128	27247.8631499	2131.44455499	2132.22387455	14.9108728847	2158.8615665445654	2101.502558010091	19.9539027436	3.40220430577
127953	127	27322.704494	2022.29798055	2025.38605883	13.2423880462	2044.3271676720585	2002.6406110141304	20.0281595693	3.40220489395
135278	129	31699.6645968	2027.57111003	2017.45497642	22.1163681561	2065.640170301496	2006.0312179045918	20.2217872214	3.44233350994
135940	130	31769.8478019	2198.24780246	2205.91275316	32.1110493121	2252.4438234158697	2149.349203574625	20.3728088152	3.44233562854
136082	131	31770.5008109	2119.54621249	2125.40979471	27.5314899753	2148.0268085114776	2068.124344228274	20.3207898789	3.44233417393
136599	132	31824.9948049	2236.46245417	2236.18008749	74.9014218473	2335.3369054539835	2136.7569514705447	20.2832145488	3.44233401731
137350	133	31864.555877	2269.11784521	2270.13570015	42.6773740772	2338.5361530325576	2195.283988198616	20.3079685182	3.44233652894
137783	134	31927.112968	2100.70812314	2101.34647037	9.06222560313	2112.2264969639846	2080.8356675398463	20.2284151505	3.4423392314
138285	135	31957.0788379	2202.07509539	2182.18036315	69.9453288318	2297.658881233336	2131.5032814127476	20.2579655603	3.44233718766
139566	136	32041.8815908	2254.42841857	2235.18039077	58.0606367755	2339.6431479768285	2186.2273951078646	20.3604583398	3.442342156
141789	137	32163.2580299	1895.55895399	1893.85803805	12.8297270406	1911.4113456495932	1880.3025953754895	20.2894954895	3.4423463531
141814	138	32228.1913619	1918.76478487	1917.60760842	7.25341259597	1937.04528808951	1912.6716476733773	20.2461278177	3.44234811689
142198	139	32237.2199399	1957.85932979	1958.23554114	9.93806439904	1977.61821718283	1941.677880088019	20.3364017566	3.44234718465
144909	141	32410.7377038	2256.89853322	2259.61334564	69.4788158497	2362.085661924893	2150.686800574478	20.2788963509	3.44236000157
145170	143	32464.7284698	2077.87379283	2076.62989486	7.71651831162	2091.762021140682	2067.670397022799	20.1731146927	3.44236125736
145787	145	32580.5388329	2112.08317731	2119.00912361	22.8222213397	2146.061777389571	2063.9696310092986	20.2698284209	3.44235393147
144471	140	32830.3915858	1915.75510799	1917.24169568	14.1725470645	1933.369290439641	1889.160128941863	20.2840525324	3.44235055422
144936	142	32981.2724819	2151.50051006	2148.91741418	17.7679952323	2177.845014674234	2114.733293981398	20.3057521246	3.44236006574
145745	144	33011.5225329	2057.15716093	2052.97759099	26.689678436	2091.754837229092	2027.0441670826972	20.2310071049	3.4423514942
149544	146	33368.3619549	1973.70386183	1978.19544905	13.853725138	1991.4182611003132	1948.7674664147298	20.2434125896	3.44235243009
151810	147	33488.175292	2105.34620338	2099.29817849	30.2966175885	2175.341504248485	2074.637169445178	20.2476031317	3.44234544812
152136	148	33566.9116988	1970.48718988	1973.86620378	28.1662290947	2007.5274407789493	1934.3481733825297	20.2508471487	3.44234614023
159812	159	33662.0310879	2225.30010369	2239.15140066	33.5086247162	2265.3687631454322	2171.556361657923	20.2532731626	3.44233840638
158823	153	33695.398217	2220.7674141	2220.13972072	41.4884028369	2271.678376712934	2137.9596503588923	20.359337413	3.44234509388
158828	154	33826.427073	1995.14643137	1996.05105386	8.4143998089	2003.3409841435637	1975.844076236734	20.2822316624	3.44234398731
158543	150	33843.2935178	1994.52583626	1991.15251662	20.0507263033	2031.8960662953757	1967.907053946283	20.3371300587	3.44234375566
158399	149	33849.6942558	2021.8730065	2016.40152023	24.9647449206	2057.0937789233567	1989.6812316664705	20.3376967682	3.44234572758
158672	151	33856.777879	2097.75654475	2101.07105451	30.4120320833	2132.6816411396117	2043.336679731802	20.1596006397	3.44234415001
158684	152	33864.1902189	1902.1434809	1899.05814853	11.9634015798	1924.0880105215665	1881.242832582858	20.2928170052	3.44234280053
158847	155	33885.5480778	1959.71753956	1948.72625906	41.8017759762	2036.3993176599097	1918.6769020808608	20.2790380944	3.44234212413
159171	156	33919.339577	2079.01777666	2082.79023655	16.5467804247	2106.7142126101166	2048.4422879048193	20.2580735877	3.44234237161
159461	157	33984.837899	2071.58693004	2080.97959243	23.8762118559	2099.061291685397	2032.5592605958107	20.3044853076	3.44234180223
159583	158	34027.2403018	2093.4505503	2101.38892934	38.0885931935	2139.6452339580305	2047.6370972531997	20.1838144155	3.44233919478
160000	160	34204.2072299	2087.98888775	2101.32512124	31.678412795	2120.641465052042	2029.6890835365255	20.4918717216	3.4423372096
166203	161	38053.8953109	2023.77909572	2017.87145219	23.9130718874	2058.0193901614193	1990.7923272101727	20.3392197868	3.45709134526
167410	162	38098.0113659	2208.82369263	2204.47433829	15.8013535123	2235.2086823530844	2187.5980664179365	20.50002873	3.45709171788
167484	163	38122.909724	2096.58594803	2085.76799382	24.9965366129	2133.3499309495164	2068.426725124794	20.4542484263	3.45709166701
168160	164	38215.151438	2421.91034874	2435.35159427	44.297722185	2480.8684542035335	2333.9969565419087	20.4362242813	3.4570946295
168733	165	38257.4961569	2311.71143152	2298.69539829	58.6513999031	2390.092193377722	2247.1548209121665	20.45680071	3.45709509775
169948	167	38356.2424829	2333.20693794	2327.95290722	52.4012179052	2395.681245621981	2254.8696706556166	20.442404074	3.45710192637
170931	168	38479.55952	2428.60682618	2446.38793393	51.1331231824	2514.27659487009	2355.7132423788726	20.550427852	3.45710767397
169513	166	38502.0861118	2102.95322883	2101.88049203	14.8200651223	2127.8876986475752	2086.6637675549073	20.4567791387	3.4571014173
172104	169	38539.855037	1904.58860529	1904.03935337	6.60625639644	1913.979194513372	1896.9169455393453	20.5265961958	3.45711353849
172686	170	38666.6095259	1929.16757289	1929.9459289	10.4477647131	1945.9324605294441	1912.2595913204002	20.4796196917	3.45711635493
172752	171	38669.8039038	1949.56103804	1943.84359352	18.0470072587	1981.487337896917	1924.63428370745	20.5867621967	3.45711799345
173885	172	38762.5638268	2359.18802406	2362.93693264	26.4133260626	2398.6605735603525	2318.018983047246	20.5026654964	3.4571235507
174329	173	38876.3862209	2089.47839624	2086.19168294	7.45769315592	2105.277690173412	2083.0509237608608	20.3285980467	3.4571262797
175118	174	39058.9742558	2042.53077285	2042.22630146	19.1936958801	2075.268905575227	2017.8215047815304	20.4132552666	3.45712489748
176576	175	39559.8187318	1952.97934823	1956.16014279	20.1463615256	1978.5670874702294	1911.7578463488376	20.4434480694	3.45712319592
177796	177	39802.5221519	2116.82121697	2119.50062525	19.9012630917	2149.5609684146402	2090.1528266705036	20.3671280892	3.45712319332
177625	176	39819.578578	2122.95737667	2129.02992399	29.7429056661	2169.1364817046774	2074.448778624632	20.454041555	3.45712769631
187694	182	40087.3273818	2321.14821717	2313.08452448	50.9992129234	2394.5777449877237	2264.4681208177276	20.5267584562	3.45711074879
181917	178	40131.2283139	1970.73074307	1975.85911017	15.2624524712	1990.4005172454893	1946.9478943657955	20.4056132354	3.4571207304
187343	181	40225.8573599	2293.17890345	2295.08237884	19.9319181106	2329.323095381999	2264.6279149914203	20.3448225221	3.45710926448
184409	179	40251.614167	2199.71700236	2192.38330133	23.646187299	2249.541022022629	2176.3562475093377	20.3867523064	3.45711503806
186063	180	40380.4425659	2034.18089016	2029.27351572	30.7653750652	2092.832243960223	2002.0420988527314	20.4776940121	3.4571134199
190400	183	40553.1587198	1928.48560589	1926.71131757	34.2466673209	1982.0358366266753	1890.2087270130316	20.4675116907	3.45710868354
190667	185	40592.4772279	2038.6104763	2031.68650509	23.6489698211	2081.402153539154	2014.2554169130196	20.4903845788	3.45711158624
191581	190	40608.1165459	2098.37493707	2110.56708279	46.5075767035	2149.914101819646	2024.1754778724535	20.5018418223	3.45711025304
190642	184	40609.168458	2092.18255947	2085.9927889	36.8959852199	2136.373199129822	2043.8204828697608	20.5036596222	3.45710916584
190736	186	40623.9893658	2182.14551667	2185.21917164	21.26066483	2209.9470954759677	2139.492687757858	20.3127594535	3.45711079567
190852	187	40645.6818218	1920.69686461	1924.57715786	8.13869266698	1929.9755329783031	1903.9376537298851	20.4401154861	3.45710821642
191034	188	40666.9976599	2042.33330509	2044.90308683	27.5720386826	2093.881500471772	2009.3137752858388	20.4757862638	3.45710871748
191248	189	40672.0377669	2066.28825443	2074.70059134	30.6782045029	2112.213241747676	2019.7375538563906	20.4473989306	3.45710922814
191713	191	40845.4009359	2123.18453288	2131.20083603	25.2111958086	2155.4255988234568	2087.142531376548	20.3702069884	3.45710925255
192000	192	41045.259825	2178.74266517	2176.56735328	29.4213794266	2225.308598278341	2131.6847270225394	20.6430316173	3.45710569024
197245	193	44408.31511	1967.80568969	1964.50145793	16.2440297869	1992.2617771782113	1947.471160367867	20.3383707375	3.46253011804
198003	194	44459.5003119	2325.04027195	2327.5755356	38.2138007586	2369.2320295033146	2261.200617792084	20.4865938782	3.46253210397
198393	195	44515.196131	2061.57611901	2063.17007932	16.5278105318	2087.9184441437196	2035.464844649612	20.4515180621	3.46252938901
199656	196	44641.1860578	2567.07791759	2569.25019865	36.761516885	2629.441686912404	2500.836076096671	20.4699480256	3.4625343927
200281	197	44662.7957759	2467.32764099	2475.79644808	54.1548340271	2526.3956198957667	2351.882609278644	20.4905023556	3.46253090987
201540	198	44764.8729999	2394.85283178	2393.00029415	30.4418958141	2442.8432037299135	2351.305286452613	20.4829738227	3.46253727376
203565	200	44934.887074	2126.04210383	2127.6468199	17.0468932992	2156.928035081845	2102.143576742606	20.5540519837	3.46253693741
203780	201	44951.023042	1880.66412361	1879.43366879	8.75662853439	1892.8801792905729	1868.8288149346952	20.574767619	3.46254093294
203103	199	45061.704968	2430.69201489	2435.94036254	18.7924203683	2453.8153547121715	2392.6067359836297	20.5771341215	3.46253963203
205300	204	45118.4057379	2453.92344572	2460.38381757	33.8061256306	2501.547242637867	2390.2332339868253	20.5293874002	3.46254427912
204869	203	45129.098068	1915.72528041	1909.75062147	25.7039454259	1962.4139263117465	1886.728104240762	20.6179724028	3.46254276419
204844	202	45153.7168448	1955.17646231	1947.25117736	24.8012233456	1997.8588786898856	1930.9037566048287	20.4903222605	3.46254278964
205690	205	45310.029897	2149.26291531	2146.54547219	25.7282042035	2185.068763614704	2116.3674962776126	20.2883739276	3.46254296005
206158	206	45513.6952279	2097.80405115	2093.29377898	24.1200580021	2140.747029075008	2054.7719960572194	20.3229725397	3.46254275721
208389	207	46312.0990739	1911.99322255	1912.41731737	14.6089515447	1935.5554053786814	1889.609682842646	20.5091569507	3.46255438607
210939	209	46360.6219459	2090.17315341	2089.36400887	11.8110149071	2106.6984801730005	2073.6053003397274	20.5703407734	3.46255784755
213375	210	46452.8939028	2402.46414213	2409.37339462	45.616519023	2472.441224548643	2335.0593691555637	20.6021120199	3.46255131023
210749	208	46602.2897258	2217.40978427	2224.43055039	35.1971622377	2275.0979800210785	2142.936138327963	20.4836888226	3.46255723691
214939	211	46884.6414869	1943.76172676	1945.05956289	19.0164793843	1971.457171864381	1917.3561721077717	20.493656286	3.46255432561
217105	213	47038.9405768	2145.10954011	2140.75014225	35.1084796251	2193.689091003803	2101.1064892641643	20.4159522998	3.46254901802
216781	212	47098.413728	2425.34442298	2440.17550751	48.1768613049	2479.4741020848546	2347.0497026679636	20.3505819925	3.46254623206
219164	214	47196.147758	2094.87688513	2100.02903268	17.8923177607	2120.556127601987	2055.592683560179	20.5660401788	3.46254936537
222440	217	47246.3919249	2206.20258692	2203.69243089	21.1745835626	2237.353838511374	2165.83948576389	20.4850488	3.46254491983
223117	222	47258.691895	2070.70039961	2082.80630424	30.1550874745	2100.32203915314	2015.5019172123236	20.454540938	3.46254369049
221839	215	47304.2049179	1910.34079228	1910.4928634	6.02824393207	1919.2059016000917	1899.795933803618	20.5005818973	3.46254411647
222595	218	47367.1479459	2096.07064355	2096.63949715	30.0926373802	2136.3250370657734	2050.823348154431	20.5234324897	3.46254586525
222435	216	47372.7323868	2079.46635368	2072.05788685	16.9209039669	2112.279833980594	2063.512079160256	20.4833525841	3.46254675853
222737	219	47393.5026278	2203.8082404	2215.16837263	30.1437877002	2239.966996189129	2156.5843177012857	20.3477078309	3.46254645976
222942	220	47429.9043849	1881.03867939	1874.70275369	16.3394074221	1911.2100857054115	1863.2292908712384	20.4416794897	3.46254287476
223106	221	47458.5073309	2109.78017112	2112.96875363	16.2618763467	2129.4551363429214	2088.002852389836	20.5092737346	3.4625424973
223678	223	47669.0699818	2090.26596266	2086.56638013	12.5797700722	2110.725984854343	2074.0749181771353	20.3883468161	3.46253855708
224000	224	47904.3168688	2225.45794989	2235.02610584	29.8027337601	2262.7608399729766	2165.683545963646	20.7143187897	3.46252996622
228489	225	50779.5888629	2002.53469863	2005.73748492	9.54330069036	2012.7555394900626	1981.7592568527637	20.3071942699	3.46453127196
229051	226	50801.6882629	2481.40502397	2491.58267564	82.5157577026	2582.425117288668	2371.943706623809	20.5030288174	3.46452987783
229719	227	50911.5547299	1981.20463668	1998.42609751	48.3454019918	2042.9495470998536	1918.9276341455056	20.4815557135	3.46453077447
231741	228	51077.1088259	2584.00863228	2577.44843918	40.5359778484	2639.0868608983733	2520.712662497874	20.5269010106	3.46453190414
233000	230	51161.9364939	2367.54462343	2372.16354436	25.6794892174	2402.0621542135855	2326.8785976753793	20.510211038	3.46453553942
235029	231	51332.9914589	2115.51139848	2120.73855169	19.4492742831	2136.818128423358	2082.2575805154775	20.5873656446	3.46453528942
231788	229	51371.052881	2532.42290696	2529.41833176	36.5154065175	2594.791697955952	2483.008973606702	20.4864828986	3.46453295571
235243	232	51375.5580258	1874.57317836	1874.87406683	6.64080140268	1882.6833181293143	1862.12558991716	20.607572729	3.46453811582
236919	234	51527.1909969	2329.87691819	2291.79315407	81.1242269045	2461.7226849272765	2249.0818342438292	20.5523890548	3.46453954792
236981	235	51559.6946239	1914.04911812	1913.82295194	15.9523632898	1934.5168301454207	1895.1708826151257	20.5753888819	3.46453689076
237122	236	51638.879401	1987.87191382	1989.35169583	9.49362614921	2000.395051795771	1967.749339982075	20.4453146626	3.46454266484
237647	237	51731.4482079	2189.5032668	2186.79226217	11.3836245193	2209.7184816634704	2172.954218342132	20.1920255933	3.46454193648
236680	233	51800.2835808	2298.3737198	2314.4698101	57.8617712454	2367.9279807352427	2198.8145442291693	20.5249284429	3.46453755906
238000	238	51994.3448999	2140.40527891	2143.51572211	14.7555646689	2162.871080797697	2117.26343631657	20.1582113991	3.46454083949
241926	241	52819.888021	2357.57430102	2347.55408981	41.7382255637	2446.991693778595	2313.0005301159013	20.7075320869	3.46455042259
241537	240	52840.078862	2077.68369056	2082.66066367	34.4821052322	2123.8013315744806	2032.3418968414271	20.6781827661	3.46455373793
241381	239	53018.2239649	1896.00932301	1893.75824451	13.9135725138	1918.6707648445677	1874.5812925063155	20.5730199518	3.46454946895
243108	242	53379.573175	2300.94267139	2298.02397142	22.3897490558	2330.1555486443876	2268.1114824334445	20.5620851975	3.4645540898
246792	243	53606.5996239	1935.52033186	1932.69387292	22.1912914644	1968.777457821567	1909.882037889692	20.4750503851	3.46455013337
252894	248	53695.1246738	2015.25645946	2020.91476529	32.8330898173	2055.1087972394575	1970.3256789144982	20.4105800623	3.46454083716
249619	244	53774.0205338	2206.6808861	2229.47381146	60.7596218206	2269.6914553592756	2094.2878551898434	20.3857329199	3.46454470547
252640	247	53805.1480758	2186.90892616	2204.02305662	38.0591535909	2234.0742484250914	2128.187552369017	20.4602882978	3.46454026938
250811	245	53945.1920979	2350.87905001	2352.37515884	14.5760561158	2378.323824307396	2331.333566557644	20.3143753954	3.4645432897
252242	246	53967.573462	2135.42332208	2134.39241744	16.5526432952	2160.102299971578	2110.1613907415244	20.5560199763	3.46454410576
253587	249	54023.4384799	1981.68752998	1982.30407138	29.3519020007	2018.0361628289154	1930.273739874971	20.509324608	3.46453956942
254366	251	54098.2180569	2123.1337174	2121.7229124	17.658234711	2146.8135496380974	2099.7251374615557	20.5571607712	3.46454176588
254358	250	54103.1800408	2090.01034925	2078.12240714	35.6173769378	2148.849977652861	2053.700130516008	20.4861491428	3.4645421188
254531	252	54131.786886	2135.23288008	2134.00947368	16.0084436329	2156.867998901622	2108.5613901161273	20.3427648423	3.46454186427
254777	253	54180.31617	1878.84440058	1870.48511843	18.6197477457	1912.2821596070178	1857.0961564916126	20.4968915085	3.46454245848
254934	254	54204.5248008	2122.84196578	2119.47471131	14.5920122921	2147.8167263328714	2101.838073718378	20.5322315576	3.46454015556
255615	255	54437.8558569	2083.62534179	2089.89203686	27.2018390096	2113.261895149319	2040.0328102649705	20.3525549426	3.46454060501
256000	256	54745.8085978	2242.48464508	2243.92382328	11.0392853441	2262.364904597927	2226.2768960110875	20.757391115	3.46454082326
259839	258	57081.1756039	2549.29896815	2552.71127845	39.1875849551	2611.404095837689	2496.120304643789	20.3979298254	3.46526946101
259616	257	57112.0739689	1984.48835217	1981.56580774	14.2409382306	2011.218905595019	1968.3485375455857	20.2349223034	3.46526956175
260951	259	57240.6390958	1899.44868142	1897.71876863	11.1027670595	1918.5380669672213	1881.2338905822246	20.4385566628	3.46526771187
262828	260	57441.614547	2692.377845	2691.05091574	35.3908427016	2755.89595142782	2653.4446353846615	20.5314013785	3.46526698608
263918	261	57539.114399	2327.06604229	2324.21776189	34.7568150968	2383.0519742940246	2288.3010346229503	20.5177918409	3.46526786382
266206	262	57688.0528989	2176.59534752	2169.07706651	39.9836271486	2228.185388880281	2124.916496412923	20.6111566241	3.46526885744
266650	263	57732.0292959	1868.77375645	1866.59271149	15.3458893266	1893.1333435925042	1846.9208638233167	20.6201389731	3.4652714665
266719	264	57749.8146739	2689.55810455	2674.2215054	68.7896889579	2781.6107975913696	2562.3376292370845	20.6156672284	3.46526792573
268108	265	57909.0572159	2270.07738201	2276.98661533	26.3532894219	2310.9226985196447	2234.1080443145015	20.6109623706	3.46527333394
268431	266	57950.3279469	1931.83513642	1930.62625961	25.2475501629	1967.995917890936	1895.1318053731527	20.6303172625	3.46527378374
268962	267	58055.7037568	1988.70684385	1988.87427826	14.4538896907	2009.1810275269406	1966.0179302404067	20.4648555918	3.46527112888
269404	268	58103.2036109	2166.54916804	2168.21031691	31.5852683804	2209.636233434742	2126.478405341281	20.2443844306	3.46527362634
269710	269	58580.402674	2186.276759	2182.40014061	26.9006086551	2224.3680653528636	2136.1579540897596	20.3711973035	3.46527270829
270000	270	58704.7803638	2175.20087055	2173.63344214	25.135641307	2210.6727634108092	2134.180775228981	20.1534517315	3.46527579062
272574	271	59109.8499999	2379.26571602	2339.29531819	71.7414423666	2492.2632134935975	2303.177935144518	20.7288196528	3.46528345426
272715	272	59242.0440259	2039.91453481	2037.89654559	7.76975751063	2053.7230513724767	2027.3267327023211	20.7220560256	3.46528706665
273473	273	59746.829901	1928.92029981	1928.70410414	13.8605886829	1950.8561956048245	1905.4982278748923	20.6685661029	3.46528625727
280361	276	60123.4335649	1990.44057794	1983.65595378	13.4955896601	2016.9400708477938	1975.650465427447	20.4255066574	3.46527440361
275959	274	60191.0529678	2281.451045	2278.13007489	17.1676465146	2305.220036872808	2260.819870749576	20.6415283237	3.46528805221
279135	275	60389.1933298	1900.79160183	1899.92343453	10.8453286235	1914.7937986171585	1884.145188858362	20.4940186729	3.46527947289
281981	277	60551.9438338	2221.71206081	2218.96044488	20.8109831649	2262.7666358134366	2198.5991219862917	20.4188450834	3.46527464929
282426	278	60601.5312059	2096.137123	2091.72487809	22.3519518199	2133.7386206202773	2066.3664917949695	20.4685170304	3.46527540306
284553	279	60683.9386008	2426.87381246	2430.14588955	32.1345032849	2471.828680292942	2385.8042115172184	20.3181289792	3.4652714506
285330	281	60798.3106818	1965.52386899	1958.47173551	34.3333653769	2022.1419113418838	1916.6302915970286	20.5224516985	3.46527390314
284764	280	60804.8149569	2092.66040636	2089.68262805	32.1515329865	2150.571294534499	2035.0941141098817	20.5687428859	3.4652719765
286134	283	60866.527087	2128.10099297	2123.32939852	26.5308448157	2181.061696574081	2099.591327123523	20.4781737396	3.46527553255
286122	282	60886.6713359	2084.65768329	2077.19611191	39.9064193351	2136.909953612166	2031.8970069788406	20.5618286537	3.46527236173
286340	284	60899.379359	2115.33879777	2114.87922074	7.23635859724	2127.802357577485	2102.303828615873	20.306574505	3.4652743728
286672	285	60965.1687109	1831.58723086	1829.69073128	7.80399413946	1848.1617651719948	1819.9801650998922	20.4880454726	3.46527360489
286759	286	61013.3032558	2126.77959284	2134.30549488	22.0971679111	2154.596147612128	2099.567080898247	20.51006873	3.46527685554
287521	287	61271.0010698	2090.57538951	2092.56847134	14.5201595079	2110.9400120813616	2069.020289204172	20.3756674703	3.46527993637
288000	288	61596.922421	2262.39832935	2260.79906321	16.4319051816	2292.401027528407	2243.064447815441	20.9720677442	3.46527141119
291294	289	63422.7891228	2463.32142035	2470.07484781	51.8563957056	2531.615845834029	2378.055431284871	20.4038924668	3.46551067234
291468	290	63478.617409	2081.36794282	2075.30067227	47.2239960015	2170.7610841509995	2011.3529849701083	20.2337658279	3.4655029004
292674	291	63607.4619508	1975.38247494	1977.13540321	20.0060815659	2000.9289636976778	1933.8272509820413	20.4151934431	3.46549925498
294714	292	63835.950218	2769.95304277	2777.15994494	37.7987864543	2820.741481281825	2692.353627810407	20.5434864951	3.46550348938
295820	293	63935.696007	2349.33547018	2358.71559683	46.3914978816	2410.0855963101076	2277.4595609951757	20.5123584596	3.46551451619
297664	294	64100.534776	2183.6500141	2175.2034825	41.450012547	2238.8139986607116	2116.588861954542	20.677706255	3.46552715718
298226	296	64139.1010008	2790.78437006	2760.02808701	107.79544428	2932.2224136018303	2663.9796296616682	20.7244414036	3.46552710868
298112	295	64140.4468949	1878.14118856	1878.15813112	6.72303313617	1889.0337588605944	1865.8056160766628	20.7076915424	3.46552715718
299304	297	64291.8757319	2284.4315461	2269.79069968	35.3807115308	2337.809503719201	2245.5994029632334	20.6755488367	3.46553706328
299530	298	64379.8076599	2031.41586126	2035.66725841	37.5271426954	2085.076581171494	1975.7454025255688	20.6754297344	3.46553746804
300173	300	64523.1232948	2108.12823159	2095.92375251	29.7867537649	2161.0856973000473	2072.345175679544	20.3237678175	3.46554180801
300059	299	64548.0840759	2033.09993833	2046.93227336	35.3317783849	2071.4211946803757	1983.6311805136754	20.4764617376	3.46553950396
301902	301	64953.7942059	2118.79667625	2125.81761359	18.1244142964	2145.7862766898215	2094.498036215956	20.2649263479	3.46555118002
302453	302	65191.357373	2217.01805121	2212.74592045	19.7079012823	2250.5951923013745	2188.817384656539	20.2757623828	3.465551956
303727	303	65454.1875758	2265.8636085	2256.69551929	39.917305494	2345.9497606853797	2211.1564464562252	20.7198593094	3.46555635249
304193	304	66072.7073359	2077.5994877	2073.24138224	16.9789635991	2104.8476853538286	2051.1207998735317	20.7139470166	3.46555823708
305691	305	66482.6028638	1977.08216942	1952.67257468	44.5322704533	2061.731208569909	1940.069685945425	20.7366973554	3.46556038398
307820	306	66516.149061	2042.70361447	2038.64914628	26.5559808909	2083.8811062532905	2009.181345023568	20.5849207532	3.46555565251
308714	307	66988.7147069	2301.55892562	2308.01815025	25.4206318232	2331.715890269614	2251.981226185276	20.7108857062	3.46555810307
311215	308	67166.4289448	1914.13269476	1915.21510559	8.02846248573	1923.6040522138	1897.7799364972866	20.4983003661	3.46555697212
313880	309	67306.6850078	2235.19038074	2232.67683489	22.8527624052	2268.847825848307	2204.419207679017	20.3980916991	3.46555423427
314662	310	67410.78334	2060.91058723	2060.96265486	11.5211551122	2077.690976857481	2040.1408183778847	20.4249547858	3.46555415872
315839	311	67537.0244908	2413.54315124	2399.98486291	41.2781137746	2476.2004559332695	2366.9975597624443	20.3502161039	3.46555300665
317147	312	67549.93344	1932.81566828	1931.65270123	5.37599780237	1945.1124669224928	1926.5468170489944	20.5162907242	3.46555324231
317263	313	67597.2067609	2006.45322339	2004.97821115	15.9078143787	2036.9651484985077	1982.4766967784237	20.5972683848	3.4655518375
317863	314	67611.5791008	2242.36920633	2247.80047922	19.1022523487	2265.586475051623	2207.9677893143485	20.4641684108	3.46555315241
318028	315	67635.0249529	2035.4282595	2035.89496026	9.4593886441	2045.7480139970514	2018.4240751546251	20.5297221059	3.46554945139
318101	316	67658.4214749	2135.20505611	2139.90897364	21.0095317178	2154.274490921958	2087.51306069006	20.2515106583	3.46555171825
318424	317	67730.0445919	1819.60607949	1818.80732159	9.63151750831	1832.9447134025095	1804.1882312318069	20.4151665016	3.46554665659
318630	318	67791.3686228	2155.08869584	2153.84949439	12.1964393283	2174.2605247675842	2132.6661584399903	20.4453919982	3.46554838957
319481	319	68096.3611889	2117.04311095	2123.18975552	16.7467241159	2131.122014833919	2080.778468627095	20.4022152174	3.46554249158
320000	320	68445.9975839	2185.74762122	2170.84912506	33.4839192922	2236.3636064722637	2148.0637555237913	21.196806123	3.46553776649
323006	321	69800.9027569	2411.75057785	2408.85663081	15.3187336111	2439.162947648799	2389.739184624344	20.5191198571	3.46560356598
323353	322	69835.1134288	2211.24726453	2213.75547201	24.4246077694	2241.788066056692	2166.2537129228526	20.2297919733	3.4655951818
324407	323	69995.5822599	1968.29401051	1964.91559454	22.0772175484	1996.1221137765192	1939.1565207943456	20.386422521	3.46559116429
326575	324	70198.4869909	2861.88034959	2849.02901179	55.1452009363	2936.86251797534	2798.6432640170356	20.5512431845	3.46559732093
327649	325	70346.992682	2389.26380707	2399.22736502	42.5370478922	2443.042336637782	2314.7004270418006	20.519378575	3.46560634575
329548	326	70486.7521839	2078.48331864	2081.98102757	18.9196429288	2103.474471909015	2046.3535770529375	20.6770054952	3.46561385635
330004	328	70546.7986779	2998.59727562	2998.45976921	43.876883666	3070.9274977199157	2936.1097873563494	20.7775907866	3.46561792367
329937	327	70548.2778988	1898.80719471	1901.26455697	12.7408039372	1915.30164908686	1874.6385094503755	20.7847177191	3.46561426986
330970	329	70695.0087979	2374.39454911	2374.97707464	25.5150398152	2420.5240560303255	2343.5310769899543	20.7118082057	3.46562772
331522	330	70842.0728998	2116.27230742	2115.3002666	24.0082004009	2165.9047424345054	2086.43479630135	20.6684570621	3.46563209914
332220	331	70930.3751118	2174.60902116	2177.25076559	26.198158381	2210.4061397195737	2135.0353891836817	20.3540891823	3.46563842816
332323	332	70999.105731	2066.25651237	2062.28503332	15.678974868	2095.7607607486625	2049.186853714743	20.4238290045	3.46563784388
333725	333	71308.0230958	2134.51949854	2132.09395072	15.032432342	2160.015977720741	2116.519495374499	20.255514939	3.46565152801
334566	334	71635.348455	2275.42415836	2275.28924449	44.5054587228	2353.4680238538585	2217.1924271665957	20.3732624484	3.46565340662
335000	335	71767.925452	2333.99712538	2331.60901643	25.2271299372	2383.7520163186323	2294.3084204636525	20.6908962843	3.46565329346
336656	336	72909.9417479	2064.35403095	2071.80870215	19.8321555488	2086.138977479531	2026.0633781707777	20.7791426633	3.46565960493
338197	338	72949.2889938	2057.18522274	2059.54700729	17.7095032029	2080.133172798438	2022.3080342308824	20.6973569265	3.46566018137
338158	337	73193.9718268	2033.65983879	2030.493309	11.2882590388	2055.631950379575	2017.6363662981896	20.7887864196	3.4656583936
340776	339	73774.0784619	2352.19975546	2346.62242945	41.1398838073	2421.5053692651495	2294.87356404878	20.7069827402	3.46565725447
343285	340	73894.2790878	1940.97999674	1946.63024241	31.9468301682	1994.0438564081137	1902.877856310139	20.4620785052	3.46565949403
345541	341	74086.4615278	2157.346273	2158.90295824	32.8331345339	2216.442561170344	2119.218242107324	20.4111688879	3.46565428873
347092	342	74221.4894538	2117.74377291	2104.43430699	34.7609792854	2200.511611815965	2093.2428067157	20.3545427654	3.46565205587
348924	344	74285.7350738	1930.33632053	1931.56027326	15.0609874171	1950.8171366351858	1909.0711091636697	20.4685725676	3.46564841158
349577	346	74372.094419	2263.25198014	2250.33048127	37.0787869054	2321.4526891536216	2226.868454745395	20.4210646127	3.4656487341
348843	343	74384.802537	2525.3163412	2543.63329096	88.5442258018	2650.1674686663378	2358.195468762629	20.3309809342	3.46565132688
349825	347	74412.772398	2049.40590454	2046.09889276	13.5843479894	2074.9887512932887	2029.6884591786375	20.5096882059	3.46564606501
349477	345	74418.8061419	1989.06941785	1990.46279451	9.2655959034	2003.9046893991144	1974.9719206965785	20.590098157	3.46564825187
349950	348	74422.128063	2103.24833506	2101.30994301	22.7402063817	2136.638077385213	2077.208712691005	20.1762000377	3.46564941743
350307	349	74510.9525359	1841.31103595	1836.65538357	17.8704268551	1871.6880745149479	1821.2712060630888	20.395752876	3.46564447878
350506	350	74600.0941658	2167.21141028	2171.04460237	28.50007024	2203.435968524797	2121.48083930006	20.3602670406	3.46564521519
351434	351	74910.2100668	2165.33725441	2170.78492729	20.3928772317	2190.3621864615093	2120.856180125122	20.3603494522	3.46564524235
352000	352	75290.8679309	2211.06634469	2218.43890525	28.2649286485	2243.676119064008	2154.9667508135462	21.2229107696	3.46564129075
355013	353	76148.2515929	2465.2049425	2457.42972056	26.7876255377	2505.211226094638	2426.1379638516714	20.5413504623	3.46563837945
355234	354	76167.6310248	2205.09640398	2205.72940846	18.4548455956	2230.047566937607	2180.188647681178	20.1838824595	3.46562950582
356298	355	76344.7045958	1941.29561049	1943.77742531	20.3817875835	1968.8312488277227	1904.7143305378574	20.3160537738	3.46562233189
358197	356	76543.5693789	2866.31195204	2864.54689622	22.6366714209	2898.002569174039	2823.0529049109255	20.5518590884	3.46563032746
359562	357	76723.5398839	2279.61173371	2285.65993047	21.5370332916	2301.078274365276	2242.445202327781	20.514491279	3.46564510665
361204	358	76848.8531058	2061.71965971	2064.11141522	24.0860774108	2095.2275942754795	2015.204719736744	20.6639697505	3.46564711707
361820	359	76937.5828819	2912.14653996	2914.53891231	49.4833415343	2996.4981425508604	2850.329145608154	20.7656334584	3.46565200004
361823	360	76966.2923028	1880.66292473	1883.45743092	18.6487357831	1911.4226930716732	1848.4821716616932	20.7987500301	3.4656480648
362805	361	77084.962786	2478.5824155	2486.15341676	46.9323320522	2534.8321354191635	2400.624622147025	20.6783171465	3.46565838277
363784	362	77292.122113	2236.59871553	2237.07247852	37.6770941103	2303.651769455438	2186.2197979399507	20.5709361195	3.46566043881
364221	363	77359.9996428	2144.56155824	2150.47150708	39.142449601	2202.319388984523	2088.389528078587	20.2862756777	3.46567160792
364483	364	77430.0963209	2068.62907197	2064.68985321	17.0794313469	2104.650519209182	2046.6548087577248	20.3518935331	3.46567163869
365664	365	77663.566319	2191.21373018	2198.62920253	23.3577140952	2215.322298956814	2153.2971117799616	20.2210103126	3.46568350338
367000	367	78064.237119	2233.3892899	2230.78383499	45.4043176647	2306.7260189833714	2160.7256244585437	20.7271075228	3.46568949507
366794	366	78065.1560948	2460.32555098	2447.05776801	67.2604883446	2542.5202440536546	2371.0159954748146	20.4801096533	3.4656875106
369550	368	79369.6023669	2172.84189239	2177.15903567	44.7128390441	2242.908696283386	2096.596162664326	20.7454775111	3.46569588894
369572	369	79736.0452778	2002.99451148	2001.64995953	13.7522728301	2024.6600152095723	1982.9121063287894	20.9072614984	3.46569362027
370051	370	79896.1978559	1963.32624009	1953.960182	42.5423854524	2046.331127534574	1920.4365970236402	20.7389686995	3.46569674668
372846	371	80534.249413	2400.17044173	2400.04002224	66.6640258279	2506.094362247631	2308.095756416247	20.7786384213	3.46569161629
374434	372	80604.7173958	1973.26003818	1973.18622924	7.1936142704	1982.0543841735648	1959.4901153974092	20.5031289743	3.46568882093
377377	373	80801.8799298	2164.7835187	2161.77678433	18.0795964545	2193.6396150688006	2134.690038360404	20.4100066421	3.46568745758
379382	374	80973.7092679	2274.83117708	2271.26363471	20.5759746598	2300.3407174741405	2239.449299507607	20.3391877828	3.46568621479
380140	375	81001.938633	1923.14722889	1920.3876138	17.1627646092	1961.4306013176456	1898.9174286525777	20.4207278598	3.4656857547
381275	376	81066.2330139	2305.14423821	2310.00626265	26.4483244829	2338.839371037997	2267.1113903557193	20.3583139763	3.46568455272
381705	378	81150.8505239	2022.8019477	2024.07117075	27.6589972912	2057.073831697152	1981.8739651783196	20.5300512856	3.46568237169
381769	379	81167.6639729	2108.85336031	2106.59422728	42.8430694947	2169.912854094678	2054.9609115629064	20.1778077301	3.46568555963
381479	377	81187.811487	2639.6404974	2635.94870775	23.6900949664	2672.484167697032	2601.7411630852466	20.3445119296	3.46568546842
381792	380	81198.535151	2003.92690528	2003.8095508	9.76228918302	2021.6424530752336	1987.8592111673956	20.5597206461	3.46568418021
382211	381	81276.3853588	1896.49080165	1897.63721462	7.5244190507	1907.1611363883808	1878.8494710868988	20.4192224326	3.46568097289
382507	382	81356.1922359	2178.33948391	2182.294195	19.9748944862	2203.883441335293	2145.911152133184	20.314320695	3.46568473746
383393	383	81673.168041	2165.07311054	2161.42456528	21.8589076665	2201.5319070991195	2135.598962365444	20.2897667602	3.46568004187
384000	384	82094.8742568	2252.07088833	2245.85385123	26.2888253202	2284.1522434797034	2214.867960046462	21.2085524321	3.46567125449
387091	386	82492.47908	2230.30277934	2245.87302085	31.4510811983	2261.017266093215	2181.570833064541	20.1690034611	3.4655940686
386953	385	82503.6838779	2841.58816357	2830.21924537	228.498879099	3150.8715087100977	2547.6162989697	20.5576488014	3.46560269187
388153	387	82707.3094599	1895.53271564	1896.28969452	8.01489043077	1909.4278211541002	1877.9256048352438	20.213863981	3.4655760072
389824	388	82888.7838249	2813.72783195	2809.08778616	70.0196698312	2913.179773734883	2715.5974968554096	20.4594995781	3.46559964039
391431	389	83118.4404249	2213.26269116	2210.06659516	24.4596964805	2253.0617793888723	2174.8690469698677	20.4849430649	3.46563621479
392631	390	83233.385046	1960.90674768	1952.78455891	40.105898445	2021.2821421692583	1908.0835252405552	20.6384040033	3.46565114584
393536	391	83318.1843479	3030.38160684	3025.02971635	126.644501088	3203.206762029807	2844.567390385867	20.76924403	3.46566492885
393801	392	83372.9498849	1872.0188038	1874.53131129	10.2584760663	1885.685859194643	1855.7008253873182	20.7907784445	3.46565820747
394592	393	83462.1426959	2672.24377452	2695.19712679	43.2353191648	2709.490285775051	2589.1818340388404	20.7109435043	3.46566835251
396024	394	83724.2272129	2398.86561326	2387.92789237	39.373258638	2462.4974724084004	2329.910216380702	20.5311183657	3.4656738903
396369	395	83758.4114149	2030.88648998	2029.39083128	15.965412446	2066.9322743822486	2011.868039088589	20.2111349551	3.46567770854
396621	396	83854.9770339	2116.28054252	2122.97186953	25.0076904413	2143.43384743662	2076.1739913974434	20.3288348946	3.46567154079
397608	397	84005.616709	2291.94663112	2303.04528149	31.8406326026	2334.4813976068003	2239.958942133046	20.2592512382	3.46568516483
398969	398	84374.1152139	2167.04644009	2164.20045158	13.5796226711	2188.8918601587097	2146.4476855863154	20.867573151	3.4656913026
399000	399	84513.2558589	2451.82761294	2441.01092548	48.4091575131	2523.2960431725387	2389.1440242764356	20.6791569769	3.46569155747
400487	400	85761.801271	2298.74259723	2303.31229018	26.3008734176	2327.9349028609654	2249.3985174145914	20.7723029855	3.46569517371
