steps	episodes	elapsed	mean	median	stdev	max	min	average_value	average_entropy
30655	1	3171.54616404	1954.8454645	1953.82486151	4.53085891033	1967.0968051477316	1951.7906398033897	nan	nan
30715	2	3180.7108779	1955.15185844	1954.37939297	3.74929523161	1965.1177272301927	1951.804687468407	nan	nan
31057	7	3184.29490781	1955.08188962	1953.82800571	4.48312873121	1967.3200415737915	1951.0173760143127	nan	nan
31211	12	3186.96795487	1954.80394624	1953.52217749	4.35891597548	1966.5227856578438	1950.475403029643	nan	nan
30886	4	3188.06565285	1954.53582874	1953.52821532	4.41289154259	1966.6615943873283	1951.2533099299383	nan	nan
31073	8	3190.35836196	1955.37844464	1954.42272442	5.03824748067	1968.7027119343863	1950.816223059751	nan	nan
30901	5	3192.85671782	1955.04852176	1953.84041625	4.76989459704	1968.2136952672186	1951.6423098770645	nan	nan
30830	3	3193.97174191	1955.39450489	1954.75970489	4.28598885245	1966.363995804818	1950.4606497728873	nan	nan
31185	11	3195.00812602	1954.85564456	1954.41235381	4.56498311298	1966.7117863779642	1950.3344365282105	nan	nan
31002	6	3198.53334093	1954.86361976	1954.38065333	4.82841229334	1967.830894137908	1950.2366305429562	nan	nan
31176	10	3200.74574685	1955.19531025	1954.18804412	5.01976883929	1968.6220521913506	1950.5624062252118	nan	nan
31871	23	3215.68681788	1955.59186895	1954.45848603	4.87155034318	1969.0180877907273	1952.0859989469247	nan	nan
31096	9	3226.98428202	1955.18945574	1954.2781841	4.57655421954	1967.3814859315405	1950.0866737320316	nan	nan
31540	14	3248.12592483	1955.74975334	1954.29396616	4.83135326019	1968.8873969207332	1952.6999176022798	nan	nan
31383	13	3254.73248887	1955.67859066	1954.12394957	5.08246175516	1970.005857780775	1953.1308994224557	nan	nan
31730	16	3271.25642085	1954.96545998	1953.69131916	4.57321423958	1967.4181962792663	1951.5471970510628	nan	nan
31636	15	3315.115587	1954.998545	1953.95989632	4.47454994768	1967.2166580557973	1951.457108727421	nan	nan
31934	25	3329.83537698	1954.89379552	1953.79035713	4.57780074571	1967.3596928804018	1950.7409908474353	nan	nan
31778	17	3336.16059685	1955.06363157	1954.11978169	5.03754109873	1968.5487383395057	1949.8972037793922	nan	nan
31787	18	3336.66839886	1954.83593846	1953.64473137	4.42480254811	1966.735802855442	1950.975900117942	nan	nan
31811	20	3338.64070296	1955.15410965	1954.15671983	4.6766062769	1968.00744789219	1951.473793124495	nan	nan
31910	24	3346.71902895	1955.42302195	1953.67655393	4.71699963763	1968.3696827854762	1951.6256972582107	nan	nan
31837	21	3353.57931685	1954.44576042	1953.52382151	4.75651916648	1967.694102854986	1951.3895543166102	nan	nan
31947	26	3357.26527381	1954.77246723	1953.55614293	4.68460437074	1967.6140547638047	1950.9783343847826	nan	nan
31965	27	3360.36431789	1955.15457267	1954.78840894	4.45988744776	1966.7222665923607	1950.7644686268866	nan	nan
31792	19	3361.08129597	1954.9610426	1953.82586757	4.456553144	1967.3618570842054	1952.2891119281717	nan	nan
31860	22	3364.99862289	1955.35024659	1954.34935238	4.40318545958	1967.5149723419477	1952.595611927315	nan	nan
31989	28	3368.65149999	1955.11786909	1954.20400729	4.76347172382	1967.9315006301124	1949.9365716872285	nan	nan
31997	31	3369.12654281	1954.81535404	1953.74296468	4.45049752666	1967.2971943263967	1951.838983514167	nan	nan
32000	32	3371.39954281	1954.54751318	1953.23580945	4.99405813339	1968.3840174357988	1951.1874795059266	nan	nan
31992	30	3372.86690497	1954.92100758	1953.54790923	4.57506483906	1967.16491390925	1951.2577393166907	nan	nan
31991	29	3378.82945299	1954.95818091	1953.50413098	4.67755482806	1967.8961495854353	1951.6224705922446	nan	nan
53834	36	6355.45840883	1955.92880205	1955.9917441	1.26689801334	1958.5701685881556	1953.7294038264608	nan	nan
53157	34	6373.026443	1956.19110993	1956.30135438	0.965398346302	1957.442155391895	1954.2841201452711	nan	nan
52495	33	6375.87761283	1955.53129445	1955.64643993	0.83854677554	1956.7396903331992	1954.0098583680733	nan	nan
54355	41	6379.30152583	1955.7471833	1955.81243037	1.28769397797	1957.0883078640136	1952.7245416549058	nan	nan
54312	40	6384.20259595	1955.77476295	1955.51212592	0.725484484585	1956.9478961353593	1955.0832460142458	nan	nan
53538	35	6390.86546183	1955.56835921	1955.40344983	0.853760040858	1957.6115105589618	1954.8176950721609	nan	nan
55040	43	6391.71513891	1955.95685254	1955.65505987	0.975707529161	1957.6446577785412	1954.7700515646325	nan	nan
54131	38	6398.698488	1955.8809279	1955.40110821	1.14805711518	1957.832716016647	1954.632006761846	nan	nan
53988	37	6401.65048695	1955.42322675	1955.58279363	1.24943959369	1957.1512920993325	1953.3694317856023	nan	nan
56127	44	6408.27488995	1956.08890749	1955.84306284	1.35296926989	1957.8624270572693	1953.6299375326846	nan	nan
54179	39	6413.46195483	1956.30992315	1956.21957028	0.740180142298	1957.6024337412077	1955.1566154321977	nan	nan
59063	48	6425.04991293	1955.77985237	1955.63260812	1.27777141444	1958.485721897286	1954.0232424487854	nan	nan
56700	45	6449.65458989	1956.05071925	1956.27725722	0.776689746352	1956.7499824667145	1954.0666665876618	nan	nan
58438	47	6462.12702584	1955.90636399	1955.777801	0.947109598623	1957.1145824852742	1954.2795866218391	nan	nan
58178	46	6502.92394686	1955.89794762	1955.93679392	1.12677641081	1958.1481710363676	1954.075981484291	nan	nan
54810	42	6531.80175686	1956.08022737	1956.20462656	1.19115366894	1958.2764123638908	1954.2861846420512	nan	nan
63908	60	6626.32480001	1956.22437543	1956.2489092	1.06212336266	1957.6782640482988	1954.3917557981947	nan	nan
62871	51	6668.488096	1956.01338885	1956.00805041	1.01315438624	1957.4053082405453	1954.309671041026	nan	nan
62579	50	6671.94014287	1956.01524782	1955.86351659	1.21510858013	1958.6642066642537	1954.0453718951358	nan	nan
63020	52	6672.34850693	1955.8928009	1955.80606782	0.885099686061	1957.43561522377	1954.9060912232646	nan	nan
63021	53	6686.30385303	1955.75656251	1955.75571932	0.702648559806	1956.7261661509042	1954.5045537786102	nan	nan
62267	49	6689.46693087	1956.42037092	1956.22602115	1.28160578851	1959.0221448928155	1954.6157700606439	nan	nan
63297	54	6689.49267483	1956.00276809	1956.01110957	1.1279819547	1957.8938299942154	1953.9967621108378	nan	nan
63614	55	6697.76766396	1955.85967744	1955.92534586	0.98537446715	1957.235385002916	1954.032479418324	nan	nan
63616	56	6704.93085504	1955.70880461	1955.98201839	0.867982512225	1957.3852593715037	1954.4805186921365	nan	nan
63781	58	6711.72637081	1955.70462687	1955.53581173	0.63187400961	1956.7466691600011	1954.6929600457897	nan	nan
63704	57	6714.26748681	1955.79264977	1955.44097597	1.05829195432	1957.641415274782	1954.338258747634	nan	nan
63876	59	6726.18508983	1956.16702059	1956.22051366	0.910817928795	1957.785406953486	1954.8735730769677	nan	nan
63929	61	6744.948807	1956.02702093	1955.91175823	0.808148533786	1957.5881503664	1954.7817586809463	nan	nan
63970	62	6752.85922599	1955.75087201	1955.76664454	0.560180290242	1956.555015356483	1954.845019154039	nan	nan
64000	64	6758.47219396	1955.87015529	1955.88540285	0.892121536841	1957.0193534919413	1954.3975433775558	nan	nan
63984	63	6769.60602903	1956.04164741	1956.14430773	0.955037547839	1957.8355883004465	1954.9301809717406	nan	nan
76769	65	9508.71851587	1957.25014519	1957.56109343	0.83789126253	1958.2133218796055	1955.8656193445768	nan	nan
77702	66	9512.62707591	1957.15264444	1957.21168971	0.858461600677	1958.331004528253	1955.1626377878201	nan	nan
77881	67	9531.28976488	1956.84530274	1956.71298026	0.87577191485	1958.1485296795777	1955.2459218677056	nan	nan
78540	70	9534.12834001	1956.70729204	1956.32272649	1.34192061018	1958.944314657416	1954.7677535882026	nan	nan
78399	69	9537.3847959	1956.9611217	1956.9147482	0.756251415363	1958.700102241235	1955.679258383491	nan	nan
78362	68	9543.29458284	1956.90186192	1956.62206034	0.710445072695	1958.359038618994	1955.9795046071586	nan	nan
78844	71	9553.41884589	1957.65506711	1957.5881189	1.29998484715	1960.2689243325265	1955.8851408388887	nan	nan
79445	74	9561.04597497	1957.13585723	1957.05052936	1.1220749111	1959.5028947133778	1955.8550173902909	nan	nan
79976	76	9567.06208801	1956.39867004	1956.34618444	1.20135470765	1958.4708699308392	1954.8132015591834	nan	nan
79320	73	9569.11881399	1956.93093666	1957.03961461	1.26600947198	1958.168380704357	1954.0649575861964	nan	nan
79722	75	9577.2333889	1956.80224997	1956.93257648	0.833411675106	1957.905034372165	1954.8240965094385	nan	nan
81479	77	9617.61357903	1957.03768806	1957.38889891	1.12023796425	1958.4011030865327	1955.1933301529186	nan	nan
82077	78	9633.28781295	1956.26212163	1956.52181864	0.811594282935	1957.2173521309312	1954.44362543174	nan	nan
84495	79	9699.36577702	1956.85998912	1957.13937334	1.13360838922	1958.3155908797114	1955.2317288917513	nan	nan
79089	72	9794.13049102	1956.75893616	1956.80675962	0.878345772757	1958.211882181907	1955.614478699986	nan	nan
90954	81	9794.66813588	1957.10349432	1957.00678174	0.840488111981	1958.1929595536399	1955.3326797636737	nan	nan
87247	80	9944.4072299	1956.89215589	1957.21220477	0.747739175401	1957.6356473193318	1955.5493249339586	nan	nan
94029	82	10067.4262619	1957.21331766	1957.46921516	1.0103184698	1958.542723377676	1955.4751538867295	nan	nan
94213	84	10073.6355729	1957.0972212	1956.96217792	0.942779255364	1958.447518556929	1955.6682218748397	nan	nan
94113	83	10080.7022159	1957.58567039	1957.79089758	0.928131306587	1959.1813350574882	1956.2569734106678	nan	nan
94782	86	10089.821007	1956.93277882	1956.74465833	1.00138621767	1958.7159972388517	1955.425901331745	nan	nan
94671	85	10099.367821	1956.44638563	1956.49484665	0.930434957156	1957.9202384464038	1954.703771382503	nan	nan
95076	88	10106.564821	1957.34029793	1957.44780852	0.538575707263	1958.239734323007	1956.2859266245066	nan	nan
95117	89	10108.1178238	1957.10201612	1957.31846615	0.979492530985	1958.3586288723739	1955.3884470077714	nan	nan
95410	91	10124.43347	1957.19222088	1957.37214822	0.738967263035	1958.0690941529763	1956.021706137922	nan	nan
95583	92	10138.102335	1956.71393982	1956.57011257	0.711965958317	1958.0374829334664	1955.841347544889	nan	nan
95383	90	10138.93557	1957.56376276	1957.58598786	1.29394429372	1959.490094455552	1954.81758339381	nan	nan
94882	87	10144.8209798	1957.04092016	1957.06696404	0.974853497683	1958.4719678015904	1955.3223083192272	nan	nan
95904	94	10168.191617	1957.04928896	1956.94171096	1.07853933703	1958.510339700604	1955.336658862596	nan	nan
95871	93	10190.5992539	1956.87206268	1956.65916938	1.09687102723	1959.3203695818404	1955.3921451318174	nan	nan
95966	95	10203.975153	1957.01798402	1956.91867473	1.00511861371	1958.7552861476595	1955.2058618503543	nan	nan
96000	96	10210.233129	1957.04317718	1956.73076455	0.937795988331	1958.7654421718992	1955.9067852908117	nan	nan
107428	98	12683.789093	1957.21987357	1957.07887465	0.964787842379	1959.0549149371193	1955.8252475889733	nan	nan
108376	100	12702.195549	1957.69658163	1957.58350436	0.831633593335	1958.8469052430805	1955.9330166711675	nan	nan
108308	99	12712.8788259	1957.58673648	1957.56403482	0.762909904847	1958.7265927062997	1956.4889908436603	nan	nan
108773	102	12721.6677508	1957.35225453	1957.73457455	1.12373582656	1958.7568883051235	1955.3381437579862	nan	nan
108516	101	12722.095628	1957.46509974	1957.21269729	1.44199906213	1960.0175196308812	1955.2873389649565	nan	nan
109572	106	12729.77528	1957.88979165	1957.88693698	1.0239497758	1959.6509515438804	1956.480127725466	nan	nan
109137	103	12738.6752748	1957.57729527	1957.51357833	1.0246420929	1959.255609119549	1955.645057316093	nan	nan
109320	104	12744.2469339	1957.41943816	1957.19995519	0.762059364526	1958.8080891431714	1956.5249616452886	nan	nan
109535	105	12754.961946	1957.64097722	1957.50869736	0.635393541345	1958.6176706792671	1956.460418799897	nan	nan
109761	107	12780.5022628	1957.38024076	1957.487594	0.61208355673	1958.0977342826964	1955.9371946705676	nan	nan
107201	97	12801.7806308	1957.67211242	1957.90704765	0.761830588277	1958.6157077828252	1956.0220798943362	nan	nan
110414	108	12820.1641769	1957.28985511	1956.88129307	0.752151024678	1958.5236045836923	1956.6386615396964	nan	nan
110615	109	12842.5181758	1957.57244549	1957.49642091	0.779999379127	1959.1426911986932	1956.5215018003785	nan	nan
111506	110	12931.7724938	1957.73394382	1957.61394665	0.785138190977	1959.0723680133867	1956.7125043542194	nan	nan
112868	112	12992.4256399	1957.69188508	1957.49240916	1.40006528027	1959.410131249605	1955.6306378192223	nan	nan
112671	111	13002.8778279	1957.71506273	1957.8533942	0.708084999447	1958.8472879846531	1956.6814891082793	nan	nan
119048	113	13335.1768398	1957.61580499	1957.40269387	0.709820711519	1959.1790713267912	1956.7612647865808	nan	nan
124838	114	13448.951272	1957.92073664	1957.86191002	0.453266416542	1958.5974408846018	1957.3642152848577	nan	nan
125090	115	13462.2808809	1957.46113551	1957.68630723	1.02410011113	1958.631340133598	1955.7361445970905	nan	nan
125426	116	13468.3041508	1957.58668378	1957.42374222	0.972880091718	1959.3638525079798	1955.9941542652057	nan	nan
125888	117	13485.4477959	1957.94976754	1957.96621657	0.39129059674	1958.700538370818	1957.2847293552365	nan	nan
126237	118	13492.49792	1957.39436547	1957.49417303	0.707108745216	1958.531336864642	1956.4266961412266	nan	nan
126470	120	13500.427866	1957.14793184	1956.90050931	0.71187443193	1958.2879300819743	1956.025966941352	nan	nan
126428	119	13507.702826	1957.35821275	1957.33880952	0.823448300482	1958.7703906799786	1955.8490989047593	nan	nan
126912	121	13519.0382149	1957.4566105	1957.43004313	0.956731730559	1959.3630528611172	1955.8297587765244	nan	nan
127275	123	13544.437526	1958.07914114	1957.95012202	0.580860658344	1959.26027617063	1957.2998246833185	nan	nan
127638	125	13547.99735	1958.14943415	1958.45319211	1.1852855719	1959.9296326756505	1955.8984939893191	nan	nan
127268	122	13554.4913628	1957.155513	1957.35846758	1.05666416788	1958.59154765105	1955.219006008644	nan	nan
127417	124	13584.3450379	1957.57859843	1957.94386296	1.07904315127	1958.6754423531745	1955.1157518080058	nan	nan
127886	126	13612.5153699	1957.63547724	1957.98397038	1.01506213548	1958.7679669197184	1955.9352868485541	nan	nan
127982	127	13626.1541209	1957.63119998	1957.29663531	1.26447695442	1960.3948585167946	1956.3008189771765	nan	nan
128000	128	13640.8729248	1957.82892726	1957.93093316	0.761034683531	1958.8476180599946	1956.2169615137752	nan	nan
138132	129	15868.734596	1958.32763882	1958.40940556	0.779221605406	1959.1661759112817	1956.6183114155228	nan	nan
140193	134	15896.187614	1957.95416291	1958.0714839	0.925651476247	1959.312150442915	1956.5869691526384	nan	nan
139032	130	15898.9448099	1957.77720151	1957.83400116	0.807783729558	1959.028343038775	1956.4690099494933	nan	nan
139436	131	15900.803653	1958.06704097	1958.40429812	1.34340148876	1960.1236300396677	1955.3283804219132	nan	nan
139960	133	15918.1738839	1958.43404694	1958.26629956	1.10675678393	1960.7725757234402	1957.2263983535602	nan	nan
139908	132	15927.500736	1958.28788846	1958.34081204	1.03032816556	1960.0697792424176	1956.4841155485942	nan	nan
140605	136	15950.128289	1958.06590314	1958.02710159	1.00501545596	1959.775943296104	1956.4112312189495	nan	nan
140460	135	15952.5938919	1957.61067042	1957.7570809	0.847319897808	1959.1676046132602	1956.4966746563073	nan	nan
141028	137	15967.603518	1957.76867666	1958.0035238	0.883875859217	1959.0501399506913	1956.3112094697274	nan	nan
141576	138	15996.0043209	1957.91049212	1957.81080087	1.12446885832	1960.0840562000913	1956.2154174320806	nan	nan
142182	139	16024.256665	1958.27054989	1958.27699701	0.855748840294	1959.3059001452625	1956.6747570695363	nan	nan
142307	140	16051.3776469	1958.09918935	1957.99330739	0.963669516741	1960.1275245522565	1956.7163100853952	nan	nan
142638	141	16078.8471119	1957.5521053	1957.24928218	1.40704548967	1960.3055582377665	1955.0883240306787	nan	nan
143959	143	16190.6515419	1957.81539658	1957.67749794	0.518317677359	1958.764965332489	1957.1887158637242	nan	nan
143602	142	16191.347564	1958.63703684	1958.6723481	0.961170283092	1960.8049071592757	1957.108033448466	nan	nan
144000	144	16232.5190918	1958.39377125	1958.5843824	1.34923691226	1960.3299327368297	1956.465198886056	nan	nan
150641	145	16699.8027279	1957.84803515	1958.05346591	0.892814620466	1959.2353054666921	1956.5744721746757	nan	nan
156052	146	16821.694443	1958.22376772	1958.14450158	0.806848252534	1959.3639995310975	1956.7884181630448	nan	nan
156466	147	16839.6464789	1958.28530103	1958.30039188	0.471327648336	1958.8431038502868	1957.3803625748224	nan	nan
156909	148	16840.6829419	1958.197903	1957.94305686	1.04560409456	1959.978385330432	1956.3213296171616	nan	nan
157540	149	16863.8824649	1958.34345765	1958.15036521	0.682841259867	1959.4978718559512	1957.5289098923076	nan	nan
157964	151	16872.9931178	1958.44807758	1958.57007492	0.755440185795	1959.418531557867	1957.3658446363277	nan	nan
157683	150	16873.674686	1957.90908196	1958.16012721	0.722423117604	1958.7991291846615	1956.5397549985787	nan	nan
158201	152	16891.0351019	1958.24668672	1957.94739468	1.09921234794	1960.1750674349917	1956.9474929998503	nan	nan
158434	153	16902.3296819	1958.22240329	1958.32514196	0.554527066676	1958.9310971160542	1957.3346048885892	nan	nan
159053	154	16915.2403979	1958.12870037	1958.28312738	0.906570125975	1959.6326794183578	1956.4978475338798	nan	nan
159077	155	16940.1573858	1958.69095379	1959.05448002	0.918159122222	1959.7210754260514	1957.326870594825	nan	nan
159171	156	16943.847167	1958.40342604	1958.53645732	0.962810275236	1960.018757937846	1956.6907474424015	nan	nan
159596	157	16991.2404509	1957.99989606	1958.19940684	0.725955556603	1959.046401756805	1956.8121554032296	nan	nan
159855	158	17002.6572289	1957.91043671	1957.92429739	0.558032557655	1958.6859215226152	1956.990097237531	nan	nan
159936	159	17027.9894979	1957.32793468	1957.31910098	0.963191591861	1958.840338728744	1955.8309216620682	nan	nan
160000	160	17051.6481719	1958.76917626	1959.10922999	0.913259246175	1960.0770618030904	1957.226545276152	nan	nan
169159	161	19039.8876829	1959.00432736	1959.08254059	1.18488833829	1960.546362636603	1956.5943434320195	nan	nan
170162	162	19071.494926	1958.25998816	1958.56038511	0.904964508561	1959.118097653315	1956.5066750779665	nan	nan
170328	163	19088.547605	1958.49250781	1958.73608099	1.14279341218	1960.4879000605433	1956.1756060819068	nan	nan
170556	164	19094.2906618	1959.01735932	1959.10991863	0.526274079313	1959.7029272044606	1957.8234549974213	nan	nan
171083	165	19104.52175	1958.31577583	1958.32911232	0.801685019234	1959.7966398146696	1957.0206722356522	nan	nan
171411	166	19133.1361768	1958.73344004	1958.67913537	0.650457811652	1959.7674364091781	1957.7074882525094	nan	nan
172136	167	19152.8500068	1958.21811826	1958.18092494	0.881219402913	1960.0051173974011	1957.245101530997	nan	nan
172140	168	19173.317286	1958.69594908	1958.9435925	0.990000731051	1959.7912319236355	1957.059106802588	nan	nan
172587	169	19176.7881119	1958.88948316	1958.9030871	0.517060401103	1959.4615933680702	1957.9291395914797	nan	nan
173350	170	19209.1846609	1958.52647045	1958.52700576	0.632532078373	1959.3506881872595	1957.4559713019503	nan	nan
173826	171	19210.9396899	1958.8146025	1958.74573218	0.635835419272	1959.8359322124288	1957.8611324933267	nan	nan
174426	172	19270.5285769	1958.45646971	1958.61322661	1.08068215958	1959.8988628547224	1956.987102885176	nan	nan
174719	173	19298.2784429	1958.44600532	1958.34306766	0.660579266418	1959.3888502891994	1957.5416497383867	nan	nan
175848	174	19361.3044188	1959.14940023	1959.21699311	0.831124378607	1960.2363130810043	1957.6739307418354	nan	nan
175872	175	19425.854142	1958.79206949	1959.09315752	0.951041119092	1959.9642068917428	1956.7805948998541	nan	nan
176000	176	19437.745779	1958.52167346	1958.16676702	0.846087915473	1960.2938231307312	1957.7975602522183	nan	nan
181804	177	20065.089474	1958.26751549	1958.24701722	0.659090295551	1959.4416568486422	1957.1110789167958	nan	nan
187424	178	20197.7013478	1958.69328168	1958.60542429	0.864546723309	1960.0285971017433	1957.1986942457586	nan	nan
188149	180	20203.9208229	1958.64076234	1958.47478329	0.947350024902	1960.8078870487834	1957.2734852863032	nan	nan
188102	179	20204.2399569	1958.20394462	1957.92187305	0.842604468543	1960.1956096702884	1957.3697167779353	nan	nan
189324	182	20245.0004609	1958.21283973	1958.34531687	1.1268140425	1959.98676415009	1956.40523528498	nan	nan
189045	181	20249.6630619	1958.44012933	1958.25207915	0.83280645548	1959.8754416845816	1957.3204476253193	nan	nan
189383	183	20251.4493308	1958.41015963	1958.33924717	0.444680253199	1959.2022726877542	1957.8783909854353	nan	nan
189899	184	20276.046608	1958.84217197	1958.75738532	1.11580510878	1960.7100786522337	1956.427500711985	nan	nan
190175	185	20284.9105799	1958.41851177	1958.48633863	0.812895393821	1959.8368071005507	1957.2627989726077	nan	nan
190459	186	20289.8719108	1958.49389811	1958.5739076	1.13482334612	1959.9621341484758	1956.6991108686227	nan	nan
190999	187	20321.657346	1958.5860506	1958.71775733	0.969138905899	1959.6338558001003	1956.3257829375584	nan	nan
191043	188	20336.3417389	1958.72300415	1958.65762791	0.99301015628	1960.3648476976994	1956.9006094671088	nan	nan
191776	190	20380.9572849	1958.05271992	1957.89832606	0.758537234882	1959.2040021141497	1957.0996794486455	nan	nan
191694	189	20402.7625508	1958.41236057	1958.44872136	1.09834506067	1961.0951577892654	1957.2101621368379	nan	nan
191927	191	20432.590415	1958.662936	1958.6791364	0.929893186632	1960.672475195341	1957.4010320582595	nan	nan
192000	192	20470.182291	1958.69615376	1958.53848237	0.927321820526	1960.8681415924166	1957.3965590176056	nan	nan
199863	193	22232.3155289	1958.39723287	1958.72349522	1.19102000249	1959.6220123342214	1955.751204985949	nan	nan
201183	194	22266.2068319	1959.3883983	1959.78393555	0.779698440092	1960.1750300887013	1958.1168981632384	nan	nan
201817	195	22296.583076	1959.04160855	1959.11932208	0.609178046289	1960.015494211678	1958.2466867515072	nan	nan
202500	197	22304.3455548	1959.04034282	1958.89346929	0.753838025667	1960.2436779101079	1957.8601045268788	nan	nan
202172	196	22315.3621979	1958.86776891	1958.96439056	0.589717630103	1959.8514425372045	1957.6044258542545	nan	nan
203352	198	22346.239908	1958.86436457	1959.41952157	1.18602129266	1959.9542502842326	1956.4545300945333	nan	nan
203981	199	22361.153115	1959.18211578	1959.5279816	1.66002624341	1961.4466214271886	1956.5100032919247	nan	nan
204689	200	22392.5231659	1959.12108829	1958.95861518	0.925577312297	1960.8682345481263	1957.8652858373441	nan	nan
204760	201	22396.787931	1959.14350638	1959.19405422	0.825184011221	1960.760427324471	1957.969716349592	nan	nan
205495	203	22424.342566	1959.14806243	1959.14482115	0.677718422592	1960.1947755568528	1957.8529698928126	nan	nan
205479	202	22425.4663079	1959.06914367	1958.8697282	0.801253149509	1960.5262648716262	1958.1401585587337	nan	nan
206542	204	22494.780206	1959.11120674	1959.27701292	0.698205572034	1959.9949111872693	1957.7118323001537	nan	nan
206907	205	22534.4958909	1959.13981821	1959.19461842	0.919848072322	1960.546101326167	1957.7955832765235	nan	nan
207493	206	22542.9173439	1958.68038287	1958.82179052	0.980957524927	1959.9358567821282	1956.854680963172	nan	nan
207959	207	22661.030185	1958.98499328	1959.18518264	1.13466121654	1960.8286802659677	1956.8734580951395	nan	nan
208000	208	22661.7358279	1958.56357283	1958.76557128	0.932155089222	1959.6458090855326	1956.874315774415	nan	nan
213138	209	23444.4480829	1958.71487141	1958.89826391	0.676031130277	1959.5494286712812	1957.2511519991222	nan	nan
219189	211	23568.391506	1959.62742046	1959.55097172	1.11525383273	1961.2798844605366	1958.1906630122844	nan	nan
219249	212	23574.444535	1958.53267045	1958.90344907	0.736792652875	1959.353781707542	1957.1571705494366	nan	nan
219034	210	23574.911643	1958.82512427	1958.86539869	0.966198172569	1960.5146132912416	1956.8510901422896	nan	nan
220601	213	23613.5534768	1958.83619376	1958.62831461	1.30953482844	1961.0987679545844	1957.2729603730884	nan	nan
221031	214	23627.6024909	1959.08217097	1958.76777433	1.06766361052	1960.7717953022398	1957.891474410471	nan	nan
221065	215	23641.6581068	1959.41578616	1959.36186124	0.7411324143	1960.7431707342844	1958.5694310616345	nan	nan
222026	218	23652.4569819	1959.25932205	1959.35576647	0.941105756114	1960.4531351564904	1957.457307241283	nan	nan
221873	217	23659.7121189	1959.1952851	1959.16878527	0.939912822983	1961.1512393979324	1957.935197019598	nan	nan
221725	216	23663.6304469	1959.03866824	1958.83531644	0.899358447326	1960.138473900284	1957.865927252522	nan	nan
222690	219	23714.0800269	1958.98461862	1958.90518851	0.80425744317	1959.9908737386284	1957.5025454810132	nan	nan
222890	220	23737.2860808	1958.90576517	1958.94474281	1.04149452298	1960.5843412435095	1957.2969956825873	nan	nan
223518	221	23796.7554269	1958.97541384	1959.01761934	0.625813515522	1960.0001922571053	1957.926691728876	nan	nan
223700	222	23816.857971	1959.17425083	1959.23489004	0.576093375194	1959.9244554004852	1958.0909644846529	nan	nan
223895	223	23824.6955268	1958.62714886	1958.50082752	1.17181056851	1960.5387419273945	1956.1823428965215	nan	nan
224000	224	23889.620111	1958.78011202	1958.68146846	0.873969856487	1960.7130190907883	1957.7269998331965	nan	nan
230946	225	25422.4984679	1959.26027651	1959.09299105	0.668365812361	1960.1679460256128	1958.3899486734795	nan	nan
232545	226	25465.5068488	1959.23677877	1959.58872607	1.06982590319	1960.694458344495	1956.8746085373202	nan	nan
233590	227	25496.339824	1958.97659524	1958.96907625	0.464848222546	1959.788780350053	1958.4087772589926	nan	nan
233933	228	25500.4923019	1958.98531733	1958.93270776	1.30012888013	1960.8983670041675	1957.163953582422	nan	nan
234422	229	25528.87115	1959.13531022	1959.14377249	0.555638164866	1959.9187868614938	1958.248879796761	nan	nan
235300	230	25548.5985959	1959.08388308	1959.10245072	1.18682586711	1960.9148934909163	1956.4129307359715	nan	nan
235706	231	25557.5329058	1959.2968655	1959.17565525	0.941252261644	1960.4002089437365	1957.3666940015846	nan	nan
236641	232	25598.108171	1959.33712118	1959.43821185	0.667204628565	1960.1676416477	1958.436256583402	nan	nan
236739	233	25625.009037	1959.60710166	1959.55590888	0.647983964696	1960.5934361993782	1958.528115649821	nan	nan
237412	235	25638.5745399	1959.04031682	1959.07695879	0.929671444644	1960.5245832945259	1957.4087274908302	nan	nan
237380	234	25638.85058	1959.02074298	1959.18901036	1.06329624033	1960.8220921741413	1957.333145183252	nan	nan
238533	236	25703.9022229	1959.14242325	1958.77402296	0.962685392174	1960.98299790584	1958.300952898176	nan	nan
239130	237	25707.837817	1959.19200092	1958.98845039	0.543325230018	1959.9142175821582	1958.5121840025006	nan	nan
239156	238	25787.6254718	1959.35944882	1959.06994042	0.84264128588	1961.0007850185507	1958.3397130519422	nan	nan
239984	239	25897.202513	1959.21622868	1959.39171079	0.866222159529	1960.5239874040585	1957.9970514060087	nan	nan
240000	240	25924.8509839	1959.67252119	1959.50601078	1.04077266676	1961.5024457692305	1958.1536389325133	nan	nan
245055	241	26804.8366339	1959.09749039	1958.85093575	0.611068375668	1960.42310254336	1958.3651429151473	nan	nan
250386	243	26928.6681569	1958.8707767	1958.85028183	0.889359798476	1960.7575819765818	1957.453052331992	nan	nan
250405	244	26929.6726408	1958.56887142	1958.59122074	0.800414026093	1960.2593150948603	1957.413935928353	nan	nan
250132	242	26936.855093	1959.05575609	1959.05092011	0.636391680002	1960.0069646469137	1957.8422375525606	nan	nan
251810	245	26961.4144549	1959.42079898	1959.44327986	0.7476899872	1960.5373244204172	1958.173257069146	nan	nan
252349	246	26980.5615098	1959.11089242	1959.35261428	0.934452245939	1960.0918399674151	1957.19836497411	nan	nan
253121	248	26994.6100459	1959.26744246	1959.17225076	1.08239999698	1960.8402881859017	1957.1230862823218	nan	nan
252884	247	27005.451149	1959.33790044	1959.31471442	0.666932119758	1960.6903561101926	1958.6303661534532	nan	nan
253454	250	27045.2026939	1958.93151233	1958.96079213	1.05392449351	1960.3164530871802	1956.9846829625405	nan	nan
253389	249	27045.7887089	1959.02936252	1959.07553679	0.478670050561	1959.882422881789	1958.130096441895	nan	nan
254375	251	27092.1340859	1959.8432741	1959.76870529	0.969554280186	1961.8271542532734	1958.4635527145008	nan	nan
254752	252	27105.8940549	1959.49266838	1959.49350803	0.788508969804	1960.4182323056377	1958.2423059205223	nan	nan
255543	253	27196.5664408	1959.51330652	1959.57236889	0.978779243535	1961.5606129532305	1958.0610249228691	nan	nan
255767	255	27229.26667	1959.80293675	1959.86670867	0.911142961469	1961.022165394308	1958.6062917394834	nan	nan
255732	254	27235.6254539	1959.23808239	1959.09833863	1.05272010286	1961.0111700737548	1957.2837869077166	nan	nan
256000	256	27305.025147	1959.31249436	1959.53794439	1.01246954571	1961.1235060958052	1957.9831375505946	nan	nan
262687	257	28642.832113	1959.29989145	1959.32773739	0.578552524444	1960.0318040020604	1958.4921850689338	nan	nan
264118	258	28652.9592059	1959.81296439	1959.52229269	0.975769002953	1961.304791431442	1958.6926414911998	nan	nan
265411	260	28699.3326778	1959.6080418	1959.66048751	0.89253315229	1961.163267706333	1958.1753287417164	nan	nan
265278	259	28711.8402059	1959.89586656	1959.73456812	1.46831202871	1962.3139157382332	1957.0656377770586	nan	nan
266452	261	28737.4640739	1959.53413453	1959.62528406	0.828348457346	1960.9190228728423	1957.8271476296227	nan	nan
267074	262	28751.2613199	1959.75541282	1960.2112767	0.955414912236	1960.8358978786537	1958.063858101	nan	nan
267284	263	28760.0424218	1959.25773964	1959.40987173	1.24793217111	1961.5258255248953	1957.716235429847	nan	nan
268237	264	28816.17645	1959.04620564	1959.05047368	0.463780748196	1959.9833847259085	1958.4569838317866	nan	nan
269150	266	28840.978482	1959.55408503	1959.4015548	0.613516482826	1960.5820194055623	1958.8709782021265	nan	nan
268808	265	28844.318439	1959.4973514	1959.57605466	0.926846012581	1960.7910347798443	1957.9031229858062	nan	nan
269261	267	28864.425355	1959.41096365	1959.2020578	0.979139411261	1961.25989806199	1958.2732376926729	nan	nan
270340	269	28887.3205659	1959.33050802	1959.32277685	1.18554036165	1961.1677779166314	1957.6501168501982	nan	nan
270282	268	28949.3753178	1959.3326481	1959.51445624	0.900447246667	1960.4759714747613	1957.627251142154	nan	nan
271218	270	29037.080951	1959.77032426	1959.61573672	0.661450975001	1960.9006496959068	1958.9543910168088	nan	nan
271898	271	29109.1043799	1959.81257233	1959.86442049	0.75128144535	1961.054265929988	1958.5714784813938	nan	nan
272000	272	29187.796793	1959.46336792	1959.48403665	0.930708360241	1961.096416689446	1957.7084611128735	nan	nan
277003	273	30174.0675778	1959.15574819	1959.06253314	0.830455335244	1960.3734626276675	1957.8943762684632	nan	nan
281523	274	30296.9498909	1960.02367555	1960.43801533	1.27945128762	1961.8062294493677	1957.9771381879425	nan	nan
281720	275	30310.956758	1959.39102404	1959.37269216	1.15237308466	1961.0368337620962	1957.8366299274542	nan	nan
281848	276	30315.9672718	1959.62022481	1959.74272947	0.716690579677	1960.86306569105	1958.4304904866708	nan	nan
282811	277	30347.7283559	1959.39089208	1959.54084194	0.837715521509	1960.4021551922517	1957.7708907265696	nan	nan
283798	279	30358.5073209	1959.36909415	1959.37603707	0.868124673332	1960.9157433606392	1957.819119563361	nan	nan
283403	278	30369.2727599	1959.62369706	1959.74527439	1.27109583634	1961.518543237388	1957.329164170337	nan	nan
284193	280	30388.3851249	1959.43767304	1959.51554015	1.25375309272	1961.606344244239	1957.1090047773187	nan	nan
285157	281	30434.601527	1959.76958758	1959.95097994	0.784223111355	1960.6089936270093	1958.3441973675747	nan	nan
285186	282	30443.949008	1959.73743277	1959.51610739	0.663441785146	1960.6339941590968	1958.8920327201124	nan	nan
286072	283	30479.8075888	1959.11860161	1959.27874352	1.02992511009	1960.510459573398	1957.1171371089154	nan	nan
286228	284	30514.1577079	1959.29017334	1959.33951486	0.803896028306	1960.7838962414512	1957.8609819109533	nan	nan
287464	285	30619.2252929	1959.52127689	1959.18409482	1.15415901942	1961.8809826417391	1958.2756960778456	nan	nan
287740	286	30647.5697489	1959.81327733	1959.79141157	0.680007422522	1961.0737376209115	1959.1438489286547	nan	nan
287796	287	30648.5077579	1959.47352417	1959.85422727	1.06978493523	1960.4474206359505	1957.2526335250996	nan	nan
288000	288	30706.4628139	1959.66506099	1959.48908639	0.892671024872	1961.2460123034095	1958.2735023818732	nan	nan
294837	289	31824.882664	1959.73526514	1959.49606376	0.67361938104	1960.6760593897604	1958.857245293892	nan	nan
295322	290	31832.8187828	1959.53255502	1959.33843733	0.834884620703	1961.080537237291	1958.3852750439098	nan	nan
297402	292	31915.7435689	1960.4491493	1960.48838875	0.555288744597	1961.119998555871	1959.7078507217514	nan	nan
297002	291	31922.9624588	1959.24095878	1959.22013235	0.961808283962	1961.312057078629	1957.6504018781766	nan	nan
298283	293	31946.4351618	1960.02532268	1960.02752376	0.769176467097	1960.9556410548557	1958.7789143173234	nan	nan
298608	294	31958.5474639	1959.96295471	1960.31952107	0.656936345624	1960.6101067384084	1958.9392084839676	nan	nan
298873	295	31959.193188	1959.59719831	1959.51559175	0.741979680907	1961.2964574956395	1958.5615850991906	nan	nan
300812	297	32023.850596	1959.6134721	1959.53212666	0.877183302646	1960.909359719496	1957.8729532182601	nan	nan
300256	296	32036.436528	1959.62247585	1959.73903131	0.446988684728	1960.4029078964888	1958.889087636908	nan	nan
301486	300	32070.8081398	1960.01545778	1959.58553341	1.08487964382	1962.2753819067523	1958.9912065933006	nan	nan
300956	298	32072.302177	1959.17801907	1959.30943257	0.754634786134	1960.2928184137754	1957.495372854728	nan	nan
301252	299	32087.6321979	1959.89080403	1959.67262183	0.957849103806	1961.5874128656958	1958.931741949181	nan	nan
302350	301	32158.151571	1959.75804795	1959.47402936	1.00403654681	1961.554909965317	1958.505680872396	nan	nan
303275	302	32275.8420019	1959.97079114	1960.09066884	0.863431667871	1961.0978623462051	1958.4678556773044	nan	nan
303714	303	32333.8839419	1959.25236297	1959.21118799	0.629149621316	1960.7491833755698	1958.259609479526	nan	nan
304000	304	32434.0945909	1959.20644787	1959.3021734	0.589040286518	1959.9542652941484	1958.4281361651022	nan	nan
308635	305	33556.9146428	1959.91916359	1959.63935641	1.04565691958	1961.5554148827996	1958.4172029607869	nan	nan
312782	306	33675.233202	1959.82034691	1959.94565969	0.714364365557	1960.750791859929	1958.4148037611853	nan	nan
313495	308	33690.5950749	1960.00861981	1960.04361581	0.80824213769	1960.927203115414	1958.775111552987	nan	nan
313211	307	33694.023613	1959.96626723	1960.01700691	1.17513443352	1962.1669660983068	1958.3902087189679	nan	nan
314748	310	33720.204767	1960.04150869	1959.88367056	0.739108035445	1961.3402287119814	1959.2187489463524	nan	nan
314464	309	33730.227118	1959.36380047	1959.42454794	0.379461053963	1959.8173729487362	1958.5890877560548	nan	nan
315170	311	33757.3679869	1959.82281515	1959.77545895	0.687587044884	1960.7315099863322	1958.3470630686827	nan	nan
315642	312	33786.9728498	1959.54894704	1959.64247553	0.9146625661	1960.8354008408844	1958.0166091276353	nan	nan
316733	313	33818.430917	1959.82220573	1959.72796186	1.04371540079	1961.6762541731969	1958.5887071825405	nan	nan
316966	314	33827.975852	1959.54493707	1959.4102288	1.03314271054	1961.1585256765381	1957.7566098187076	nan	nan
317692	315	33877.145577	1959.61433923	1959.50296067	0.935261009864	1961.173464542816	1958.164938011102	nan	nan
318199	316	33909.1486728	1959.70457896	1959.63110819	0.910876272508	1961.208347454349	1958.60048746873	nan	nan
319547	317	34038.2281408	1960.05195469	1960.17593661	0.600368931684	1960.9461543808059	1959.0344923896748	nan	nan
319801	318	34059.531431	1959.45606916	1959.55042852	0.715808262255	1960.4081990648363	1958.455500965045	nan	nan
319821	319	34065.096041	1960.01941982	1959.91386097	0.845048025026	1961.5851136043038	1958.8232868368723	nan	nan
320000	320	34118.9128499	1959.85298647	1959.84477383	0.724034150918	1961.3492391686589	1958.9069421903785	nan	nan
326247	321	34996.275903	1960.19825829	1960.09092529	0.925069102756	1961.8599023602474	1958.9892602269786	nan	nan
326450	322	35016.4265468	1959.93589876	1959.79487962	0.617821505084	1960.8844476463828	1959.2564953395504	nan	nan
329399	323	35122.4328079	1960.1803136	1960.27606164	0.8044023091	1961.3332371473007	1958.788922323824	nan	nan
329538	324	35137.1319289	1959.99471478	1960.11656967	0.727579052038	1960.8968318451753	1958.4112302934761	nan	nan
330364	325	35163.1329429	1959.51960077	1959.29304477	1.03720778149	1961.4085138660273	1957.9753260837215	nan	nan
330615	327	35164.1779959	1959.78376893	1959.90936658	0.913901633282	1961.0841714222247	1958.2202835228925	nan	nan
330610	326	35165.9091198	1960.06704154	1960.47893637	1.20424640654	1961.5847809725706	1957.8269670399563	nan	nan
332134	328	35218.6938598	1960.50972936	1960.27121415	0.921183979868	1962.3495710046436	1959.3500319759462	nan	nan
332395	329	35243.7165599	1960.39401128	1960.61808926	1.25746558053	1962.383547931977	1958.2927621153722	nan	nan
332991	330	35252.186831	1960.25316326	1959.92162736	0.784119016088	1961.8079635551312	1959.406331267441	nan	nan
333108	331	35299.5810719	1960.16870777	1960.16398031	0.497225318438	1961.0961087260125	1959.4246453596663	nan	nan
333329	332	35312.5988719	1959.81739812	1959.46337527	0.793283415188	1961.0107495159502	1958.9377013379274	nan	nan
334070	333	35363.8750379	1960.12859693	1960.08412915	0.837530394159	1961.5114402060938	1958.8157314507669	nan	nan
335287	334	35528.4022379	1960.28836069	1960.06099398	0.7193791278	1961.599673497755	1959.413566050658	nan	nan
335662	335	35556.4272799	1960.2319899	1960.1936238	0.462633567299	1961.1058752877511	1959.6421228869792	nan	nan
336000	336	35684.3306749	1959.85628103	1959.97597588	1.05617978259	1961.3349692681668	1957.8471871103948	nan	nan
340604	337	36948.3314769	1959.79863443	1959.84403888	0.625267393328	1960.7958750862892	1958.4577368383145	nan	nan
344595	338	37060.8943999	1960.1752706	1959.86988119	0.775943361514	1962.0037861144287	1959.5216964947526	nan	nan
345033	339	37066.5236628	1960.01255363	1960.11228439	0.841232606103	1960.8844922216438	1958.6204182088534	nan	nan
345280	340	37083.6025059	1959.78522136	1959.82721204	0.488889633195	1960.8826101049883	1959.1421266948269	nan	nan
345746	341	37096.4411409	1959.98477237	1959.98686467	1.21865384725	1962.1255438754458	1958.447005888617	nan	nan
346104	342	37127.0093429	1960.20462954	1960.12229873	1.20840103204	1962.030349908695	1958.103448436327	nan	nan
346759	343	37155.0485148	1960.12046084	1959.97186744	0.84121388761	1961.360165798412	1958.7492153884311	nan	nan
347464	344	37191.67063	1960.43983386	1960.24241105	0.950781800209	1961.5007310625456	1958.8285419028616	nan	nan
348303	345	37237.118058	1959.92308673	1959.85963424	0.893465875119	1961.8836409317119	1958.8429067429151	nan	nan
348448	346	37241.2216818	1960.38650235	1960.2513453	0.684470422635	1961.501263086588	1959.1195199965948	nan	nan
349468	347	37275.9786789	1959.78651139	1959.68593982	0.348918658301	1960.5625736097847	1959.459758592456	nan	nan
349952	348	37309.8611069	1960.4242597	1960.15097374	0.848360176273	1962.2742937081346	1959.590683989156	nan	nan
351601	349	37453.407686	1960.15463113	1960.27934098	0.8884914833	1961.5420697924878	1958.9144729475734	nan	nan
351789	350	37469.513381	1959.42335587	1959.26873291	0.981681238092	1961.5212389947405	1958.302584891622	nan	nan
351823	351	37499.066999	1959.75065588	1959.63160281	0.762520438706	1960.9818996650572	1958.8516445450373	nan	nan
352000	352	37549.9526708	1960.19032916	1960.32981569	0.755942473704	1961.6540003345915	1958.893257072713	nan	nan
356849	353	38182.2627339	1960.32632217	1960.22723858	1.55440134748	1962.1069451704602	1957.7608816164588	nan	nan
357494	354	38186.9275289	1960.68576224	1960.93420986	1.08741325195	1962.6253544514511	1958.7572996000733	nan	nan
361802	356	38325.613529	1959.99633666	1959.81064935	1.18945298032	1962.4291229477187	1958.1522843179873	nan	nan
362546	357	38341.3892848	1959.85351674	1959.80251241	0.865410331799	1961.810309805629	1958.7710301065993	nan	nan
362674	359	38353.384191	1959.93683217	1959.87226904	1.05245476908	1961.299205843225	1958.054901012636	nan	nan
362590	358	38358.4789929	1960.50146702	1960.44709842	0.538169264075	1961.709004702836	1959.8279869050104	nan	nan
363706	360	38402.9952109	1960.27115108	1960.33413558	1.02298145633	1961.7053094019825	1958.5005633803528	nan	nan
361204	355	38407.1911759	1960.30123856	1960.06371953	0.797182114555	1961.6021385562267	1959.3747259860454	nan	nan
364269	362	38409.47944	1960.32657226	1960.3961248	0.954912735425	1961.7703050448292	1958.5318668605512	nan	nan
364155	361	38436.7558298	1959.60186465	1959.72198685	0.700430326876	1960.9574883011717	1958.5812419017425	nan	nan
365266	364	38510.4643149	1960.02600714	1960.04530749	0.870181984414	1961.2901147532689	1958.8716850855772	nan	nan
365070	363	38511.7420678	1960.34053381	1960.49104469	0.856750634403	1961.2312379429789	1958.6946823375113	nan	nan
365816	365	38565.1518738	1960.40630811	1960.20510261	0.702769031609	1961.4717775766592	1959.1472681708494	nan	nan
367371	366	38746.7718918	1960.1582281	1960.19466777	0.874778636432	1962.09858341316	1958.836008690089	nan	nan
367545	367	38775.8935409	1960.41853401	1960.4129271	0.991905793216	1961.7580707972613	1958.593005789198	nan	nan
368000	368	38926.0426688	1959.71688022	1959.70342263	1.59954133754	1961.922709302105	1957.685460529722	nan	nan
372527	369	40323.9596729	1959.8604244	1960.18845028	0.947541937524	1961.1398721470755	1958.205902883163	nan	nan
377124	373	40327.3099589	1959.98490452	1960.15781033	1.05983029674	1961.1210147312697	1957.494614885517	nan	nan
376448	371	40444.999414	1960.54439173	1960.55234679	1.13372774109	1962.5986175158948	1958.2515917203073	nan	nan
376321	370	40456.095232	1960.29471977	1960.37228498	0.892963240783	1961.4657952491339	1958.4914209299802	nan	nan
376991	372	40463.9081118	1959.99087933	1960.03395307	0.725101700571	1961.5536776460456	1958.7816515463824	nan	nan
377913	374	40504.684427	1960.09716878	1960.0249898	0.573838498245	1960.9843492270772	1958.876846085821	nan	nan
378486	375	40538.2958179	1959.7559594	1959.46191177	1.1008401987	1961.4384036089452	1958.5523687435393	nan	nan
379350	376	40588.3595369	1960.21087528	1959.99067712	0.808598116131	1961.4798780828569	1959.1421756690477	nan	nan
380272	377	40633.8077259	1960.32509098	1960.2045368	0.629104164517	1961.5634953625804	1959.3254101997913	nan	nan
380459	378	40636.76881	1959.97843798	1960.15069547	1.20793284873	1961.9998289383116	1957.8508993638477	nan	nan
381148	379	40669.1660109	1960.56076536	1960.41032225	0.621000891154	1961.4675658135939	1959.786280225257	nan	nan
381652	380	40701.7997148	1960.50458756	1960.50710434	0.852017493789	1961.9119324710466	1959.2638409674198	nan	nan
383527	381	40858.240664	1960.30933022	1960.43061358	0.633272131035	1961.0387261908202	1959.0447129021682	nan	nan
383629	382	40869.244159	1960.30345295	1960.20376714	0.787219101326	1961.6387641245008	1959.043569524478	nan	nan
383847	383	40925.193301	1959.36947923	1959.29664498	0.927291137689	1960.9647566444867	1957.8910039328255	nan	nan
384000	384	40977.12362	1960.4009575	1960.06121503	1.20805614498	1962.1645231346724	1958.373663292846	nan	nan
388810	386	41378.770499	1960.56811712	1960.62778364	0.633763242136	1961.3776417315948	1959.8058957369203	nan	nan
388655	385	41380.009706	1960.01218337	1960.02376179	0.879099580248	1961.2376711364554	1958.5992120644848	nan	nan
393422	387	41529.399236	1960.70852117	1960.71102988	0.947643316654	1962.3361852023156	1959.5692099020143	nan	nan
394243	389	41568.3086338	1960.71953481	1961.01867935	1.142999041	1962.1805500212045	1958.6954914816995	nan	nan
393929	388	41576.4286339	1960.48637228	1960.56505393	0.624577166399	1961.5186209890962	1959.6249138930775	nan	nan
394465	390	41586.499475	1959.82001263	1959.71470079	1.13714533912	1961.8564594945667	1958.3897647762071	nan	nan
395573	392	41588.7024879	1959.82426378	1960.11305329	1.12309417614	1961.055714769152	1957.7013515444357	nan	nan
395515	391	41613.651335	1960.32712177	1960.35279125	0.634902796568	1961.103870626813	1959.2191168864172	nan	nan
396085	394	41657.0591588	1959.8838889	1960.09091367	1.20431027419	1962.3004808396713	1958.3729266830676	nan	nan
397140	396	41730.493228	1960.3549849	1960.3176997	0.705531144135	1962.0252756585217	1959.5089694034941	nan	nan
397118	395	41733.4423709	1959.97416057	1960.02685371	0.714290711923	1961.2061652191583	1958.8162971406773	nan	nan
397684	397	41778.825793	1960.25124093	1960.0389413	0.942796629878	1961.6894551979753	1959.2028846477301	nan	nan
395843	393	41801.5589318	1960.29696383	1960.15617121	0.855119041311	1962.4757962466222	1959.3770132027817	nan	nan
399299	398	41994.5117099	1960.23543655	1960.07584855	0.73237305685	1961.6250718889207	1959.1298649939115	nan	nan
399498	399	42004.4321508	1960.13955603	1959.84721458	1.32510908755	1963.0209405652172	1958.3941373970758	nan	nan
400000	400	42167.0941849	1960.16676048	1960.03299711	0.498277174589	1960.8844540964672	1959.509368195563	nan	nan
404125	401	43499.8918269	1960.26633673	1960.39580499	0.574511823403	1960.9967530584265	1959.2414465543475	nan	nan
404779	402	43721.347641	1960.36233554	1960.53688363	1.04929023965	1962.001678036353	1958.0179878635224	nan	nan
408202	403	43837.2865889	1960.15619373	1960.25078835	1.15923877002	1962.1432312940233	1957.9992556507225	nan	nan
408698	405	43852.2832389	1959.83394982	1960.14829803	0.651917204538	1960.5902491888585	1958.7439374405485	nan	nan
408535	404	43859.2125099	1959.94374164	1959.99673752	0.827269267561	1961.2056496076698	1958.3589781027295	nan	nan
409669	406	43886.9204378	1960.60183529	1960.78642361	0.771561222297	1961.410735323078	1959.0538779167875	nan	nan
410261	407	43941.6208558	1959.91306219	1959.89696905	0.716344997122	1961.1285157875566	1958.9688490580124	nan	nan
411384	408	44009.6146049	1960.62679957	1960.71465249	0.816375360653	1961.765360118162	1959.3083825031806	nan	nan
412273	410	44030.202848	1960.06253947	1960.05169842	0.649808364465	1961.1128464859833	1958.9748301042898	nan	nan
412209	409	44031.1298769	1960.64874034	1961.072383	1.29636195992	1961.7596851767426	1957.8434824101205	nan	nan
412844	411	44087.194937	1960.49159116	1960.3240857	0.731514201845	1961.8956823742858	1959.4671617755716	nan	nan
413399	412	44111.5291779	1960.40259335	1960.70768205	0.685455165454	1961.160293340341	1959.5123762592307	nan	nan
415362	413	44293.759686	1960.29401408	1960.17656956	0.581865906388	1961.5571543140086	1959.5372712291983	nan	nan
415498	414	44304.785758	1960.12468457	1960.14668868	0.650128222729	1961.0046841259887	1959.0030506879693	nan	nan
415836	415	44344.7779069	1960.02840486	1959.87515582	0.758958704037	1961.4209540161032	1959.1103040251094	nan	nan
416000	416	44400.7484128	1960.21093562	1960.26851952	0.787534414705	1961.7002200863035	1959.1594208971044	nan	nan
420122	417	44556.051666	1960.38454087	1960.50869991	1.00824284993	1961.5749502768747	1958.444814635422	nan	nan
420129	418	44571.674227	1960.57101557	1960.49955169	1.07106938597	1962.3192431186321	1959.2543688851824	nan	nan
424461	419	44728.3342719	1960.58018725	1960.59506445	0.962455136719	1962.2785590929898	1959.5131969725323	nan	nan
426124	422	44740.3618538	1960.41878233	1960.48186394	0.927710294246	1961.803934440851	1958.5135866358269	nan	nan
425766	420	44765.2412548	1961.04097874	1961.11859308	0.977595788717	1962.2131493374804	1959.1514793787933	nan	nan
425968	421	44773.4210649	1960.28417579	1960.02128421	0.685965867711	1961.190911582839	1959.372513338997	nan	nan
426225	423	44781.4324398	1960.77555958	1960.79363213	0.966018767274	1962.2655442771704	1959.4785954197525	nan	nan
426812	424	44807.6384468	1960.77638049	1960.98019752	1.13925261143	1962.026848147023	1958.7690605721352	nan	nan
427576	425	44854.160604	1960.41522954	1960.35309229	0.904142823131	1962.1537139444997	1958.7623015667918	nan	nan
428671	426	44930.708045	1960.85405361	1960.81802671	0.686228758805	1962.0617309614897	1959.9871244499125	nan	nan
428768	427	44936.35989	1960.6157642	1960.85223934	1.44293041146	1963.2441004565574	1958.6543989908264	nan	nan
429429	428	44999.332557	1960.33576237	1960.46117321	1.04102515265	1961.8452962757838	1958.2830286016695	nan	nan
429762	429	45219.2574048	1960.47870987	1960.64472167	0.836849298421	1961.177283644403	1958.2217290422623	nan	nan
431427	431	45220.052901	1960.51307679	1960.54499531	1.05063334794	1962.1580193225232	1958.6958911251797	nan	nan
431360	430	45235.5316329	1960.37730793	1960.19816047	0.959338585714	1961.9297330394409	1959.3847257713508	nan	nan
432000	432	45408.2044749	1960.91162573	1960.89482543	0.526908427771	1961.6793109230346	1960.1826498083196	nan	nan
433242	433	46695.199383	1960.23969207	1960.27721568	1.13417934214	1961.9028436131853	1958.2821824233513	nan	nan
436655	434	47084.535331	1960.54279558	1960.62074575	0.546982585517	1961.3388617814915	1959.580549250422	nan	nan
439956	435	47203.2307038	1960.4270635	1960.24867168	0.691558354065	1962.110789511834	1959.7461191255154	nan	nan
440299	436	47220.4083838	1960.37468988	1959.91742992	1.21018036384	1962.827517906099	1959.211416109603	nan	nan
440580	437	47246.9303169	1960.42227194	1960.13401618	1.09979794683	1962.8193023965619	1959.2072907856302	nan	nan
441089	438	47266.7253869	1960.0813311	1960.24486517	0.711821590048	1961.0994393260949	1958.4759564472636	nan	nan
442188	439	47318.757488	1960.74972932	1960.75400491	0.917019569338	1962.383138729535	1959.3757274597392	nan	nan
443437	440	47375.867142	1960.20383306	1960.33348517	0.860497283473	1961.128388266776	1958.0733256320727	nan	nan
443873	442	47409.0310738	1960.04539055	1960.21531497	0.835770410681	1960.9726678419552	1958.338393205126	nan	nan
443855	441	47415.1108608	1960.80599637	1960.86377173	0.80326419763	1962.0560484804193	1959.842184103732	nan	nan
444774	443	47461.195976	1960.38059324	1960.36667784	0.963831994655	1962.4267224987257	1958.9973310505443	nan	nan
445165	444	47492.749377	1960.71075399	1960.82692977	0.787469208964	1961.8219875426362	1959.2020359406872	nan	nan
447767	445	47691.1633649	1960.18708944	1960.11572274	1.02812365178	1962.2980555732345	1958.6110659458195	nan	nan
448519	447	47695.845902	1960.60107745	1960.62253887	0.790693130722	1962.111333987104	1959.2679252768771	nan	nan
447975	446	47704.4588039	1960.84679982	1960.75494534	1.05466574455	1962.8927802643962	1959.151913992698	nan	nan
452075	450	47766.784816	1960.70412044	1960.56613302	0.81291547921	1962.5400285031378	1959.8853873309388	nan	nan
451595	449	47767.169935	1960.76943193	1961.00375041	0.857099815912	1961.665552744208	1959.106708519382	nan	nan
449069	448	47811.886266	1960.63218319	1960.86110969	0.867492036945	1961.5578775785002	1958.6117744016403	nan	nan
456774	452	47927.540565	1960.38255121	1960.36885267	0.653696645254	1961.667778920153	1959.45814295752	nan	nan
456438	451	47964.3295238	1960.68206472	1960.72937218	1.0343065624	1961.7819227271418	1958.5271097348755	nan	nan
457518	453	47997.516438	1960.36947055	1960.25137854	0.918298613401	1962.31558224241	1958.9346782724347	nan	nan
457885	455	48010.8705599	1960.61429999	1960.49961426	1.06828820601	1962.1274713096968	1958.869862640359	nan	nan
457804	454	48021.6230278	1960.70405725	1960.70903509	0.726730343669	1962.1306813736653	1959.3770336181497	nan	nan
458356	456	48026.5807769	1960.55783322	1960.70796385	0.870703762495	1961.56498990022	1958.6281839007952	nan	nan
459018	457	48091.1760468	1960.37762159	1960.33301107	1.00459243452	1962.429318344266	1958.669805661439	nan	nan
459822	458	48160.0384269	1960.41240487	1960.32260868	0.79608746747	1961.8075146247159	1959.41840727062	nan	nan
459886	459	48176.8854799	1960.74736133	1960.76511693	0.677478689031	1961.8729571887543	1959.507510886189	nan	nan
460694	460	48245.3403039	1960.89478831	1961.01057586	0.797553758974	1962.3471136693597	1959.9249239415658	nan	nan
463298	461	48458.8207099	1960.91951516	1961.17592204	0.93033027575	1962.5352702415248	1959.807135444696	nan	nan
463432	463	48484.4299309	1960.13057936	1960.23627267	0.990799553615	1961.3801579232588	1958.7692913989963	nan	nan
463392	462	48607.518297	1960.6055446	1960.73303493	0.741075781943	1961.780372382576	1959.1550060858383	nan	nan
464000	464	48667.7990339	1960.59243356	1960.52104812	0.921559972562	1962.3831513566347	1959.409613258857	nan	nan
465000	465	49912.857481	1960.50012881	1960.53386744	0.7518804447	1961.5281625825085	1959.0079261385613	nan	nan
468344	466	50439.222517	1960.93432835	1960.94929378	0.737214896359	1962.0858616314413	1959.324544745321	nan	nan
471562	467	50567.759872	1960.77066685	1960.90861352	0.907537149956	1962.0355336259374	1958.894727846285	nan	nan
472099	468	50591.1436908	1960.22142951	1959.7804065	1.10349262993	1962.5316316044537	1958.9405142509977	nan	nan
472663	469	50630.6361749	1960.57573267	1960.79789422	0.887929620444	1961.542255928573	1959.2740793935611	nan	nan
473187	470	50645.7744069	1960.64887033	1960.37681488	1.13817586994	1962.7726488826595	1959.2040423157068	nan	nan
474210	471	50704.659348	1960.68079835	1960.57951885	0.788986989951	1962.2502309349816	1959.7771581281966	nan	nan
475109	472	50764.2106769	1960.61004383	1960.67406392	0.628906946934	1961.5006216438808	1959.4873977278985	nan	nan
475793	473	50800.3980989	1960.23335479	1960.19403451	0.850661542815	1961.463803329806	1958.6781522826714	nan	nan
475915	474	50805.1573598	1960.90058228	1960.78008078	1.03753691716	1962.7334993928894	1959.309450880864	nan	nan
476775	475	50853.912056	1960.25997642	1960.78584198	1.17096553289	1961.6821732831095	1957.542754485589	nan	nan
477325	476	50870.9714649	1960.51846334	1960.22851937	0.837885058866	1961.8820184816063	1959.4420659731145	nan	nan
483237	480	50964.952477	1960.93841586	1960.96691059	0.725436388675	1962.037535773177	1959.6517226263902	nan	nan
483275	481	50965.2707698	1960.42771104	1960.00736288	1.1309450811	1962.5361731520632	1959.105118131538	nan	nan
481595	477	51077.2958899	1960.73061656	1960.78649474	1.22167307801	1962.7702372042759	1959.173893548993	nan	nan
487460	483	51094.7201428	1961.12458562	1960.69829045	1.08467647809	1963.0543223628172	1959.9116052025804	nan	nan
481944	479	51114.0575578	1960.80756041	1960.80069652	0.706158537081	1962.327732964033	1959.9725675429506	nan	nan
481654	478	51115.8108189	1960.36363905	1960.40058001	1.01893851627	1962.3787818566495	1959.1453449118465	nan	nan
488544	484	51169.5904989	1961.0258476	1960.92210082	0.619754438244	1961.9199741263456	1960.2062902558248	nan	nan
489350	485	51192.3829498	1960.47065769	1960.3485875	0.702799743553	1961.4632476385502	1959.4626972038548	nan	nan
489792	486	51217.768379	1960.88359529	1960.77692615	0.734577380802	1961.9837200901436	1959.7142685303124	nan	nan
484902	482	51219.918155	1960.60209613	1960.88248859	1.33753433632	1963.0368323787388	1958.6142192136185	nan	nan
490089	488	51233.3827939	1961.02068014	1961.14353326	1.25496290921	1962.6936044218714	1958.7998900421887	nan	nan
490068	487	51253.5962288	1961.04137151	1961.03943497	1.19407750719	1962.8340367229916	1959.015473129509	nan	nan
490980	489	51309.3543758	1960.95621116	1960.85639828	0.553904659973	1961.9328055460592	1960.2726696967893	nan	nan
491830	491	51389.2693119	1960.95990616	1961.11122681	0.956847177637	1962.2408886577537	1958.9466212191785	nan	nan
491681	490	51408.0156188	1960.92821701	1960.80663803	0.92210520108	1962.5014479471802	1959.7375620394132	nan	nan
492466	492	51473.887089	1960.98308374	1961.07333784	1.11849532259	1962.8387095650007	1959.2953526806043	nan	nan
494690	493	51691.0888638	1960.67301592	1960.42596705	0.712669160022	1962.2255621245479	1959.9346452967	nan	nan
494921	494	51702.6444299	1961.30565611	1961.48598211	1.01394118007	1962.4500492892798	1959.7353122024656	nan	nan
496000	496	51933.9478879	1960.86500507	1961.01858842	0.749336877493	1961.8274826367578	1959.4454394266816	nan	nan
495859	495	52000.110296	1961.24535582	1961.41714158	0.671674269888	1962.0734153081348	1960.1322501814454	nan	nan
497000	497	53116.5964248	1960.71611869	1960.79494193	0.907377015293	1962.1233589646934	1959.4225305703933	nan	nan
499943	498	53800.4465919	1960.72528823	1961.25372495	1.20551925288	1962.2439665347686	1958.4170663445825	nan	nan
502977	499	53920.638871	1960.48927958	1960.51614378	1.03911560614	1962.4155025188402	1958.984701701798	nan	nan
503661	500	53962.6415858	1960.62059757	1960.63056991	0.708709922316	1961.873571555725	1959.5591443270894	nan	nan
504693	501	54016.7764499	1960.66470057	1960.77387456	0.781645687661	1961.9924858459065	1959.664356467067	nan	nan
504992	502	54025.1565669	1960.61191436	1960.6501488	0.452184897132	1961.2285305750006	1959.9364236159252	nan	nan
506439	503	54073.6592209	1960.312606	1960.3016953	1.00931878036	1962.1192583850168	1958.5717101769778	nan	nan
507786	504	54142.908855	1960.81265616	1960.91538444	0.934516155206	1962.3410283999006	1959.526840459882	nan	nan
513178	509	54153.928658	1960.77862558	1960.9568867	1.11735639391	1962.4341548543914	1958.5554151922356	nan	nan
513225	510	54155.4117999	1960.80013235	1960.69578884	1.4712924375	1962.591824110334	1958.1835506197551	nan	nan
508847	506	54181.4297149	1960.64526833	1960.50745484	0.941199400015	1962.415934997768	1959.2034366338862	nan	nan
508714	505	54200.8355839	1960.30276734	1960.09902101	0.642848020744	1961.1447536631233	1959.384540659696	nan	nan
510110	507	54238.083827	1960.48386464	1960.50137093	1.0548797636	1962.2737727465956	1958.1930625388677	nan	nan
510469	508	54253.9764168	1960.57435898	1960.70972412	0.897857125248	1961.641137973003	1959.0984438781372	nan	nan
517457	511	54270.251148	1960.73051316	1960.72304885	1.09758819615	1963.168677279258	1959.4269470399352	nan	nan
520011	515	54367.25772	1960.95848378	1961.26161529	1.08270890991	1962.361752653028	1958.9997960455507	nan	nan
520667	516	54393.7994108	1961.08199527	1961.20257362	0.917928915291	1962.5767450055546	1959.5250089513445	nan	nan
521383	517	54415.592478	1960.92777236	1961.09143923	0.619319271342	1961.6754722086087	1959.7530976791381	nan	nan
521690	518	54427.0357909	1961.17238934	1961.26441483	0.961593454382	1962.6077902239995	1959.4373876463258	nan	nan
522094	520	54456.1429529	1960.94036475	1961.04672361	0.994776822058	1962.0528571978352	1958.8637108268476	nan	nan
517641	512	54490.9605649	1960.66060158	1960.76485469	0.616746385428	1961.6128626881527	1959.4863598024249	nan	nan
518839	513	54524.031081	1960.69496216	1960.76099502	0.906733880915	1962.0471088684574	1959.2507141901285	nan	nan
522868	521	54529.134599	1960.62495176	1961.06618257	1.09897421255	1961.9309583801914	1958.7485229172642	nan	nan
518895	514	54553.240314	1960.48973314	1960.51977864	0.962524977026	1962.4412526056667	1958.9915358429182	nan	nan
523671	522	54604.5515828	1961.26798135	1961.22289461	0.752555171138	1962.334504387152	1959.829532268244	nan	nan
521868	519	54623.523598	1960.42379752	1960.64503807	1.07624580108	1961.7248629095989	1958.607235662036	nan	nan
523842	523	54625.1273589	1961.05482607	1961.27822537	0.571063734528	1961.730326725919	1959.9869760968631	nan	nan
524467	524	54683.0576859	1960.76700967	1961.01236864	0.65880851352	1961.5012632703833	1959.3847316497702	nan	nan
526126	525	54907.882535	1961.11980433	1961.23193137	0.995546276429	1962.5216888044051	1958.7921808445076	nan	nan
526224	526	54930.5730438	1961.03937043	1961.07015739	0.586973935819	1962.2206605267265	1959.947565889192	nan	nan
527747	527	55173.422684	1960.51969738	1960.51081954	1.29403430489	1962.381266785883	1958.4739853298202	nan	nan
528000	528	55389.2684178	1960.94247788	1960.83883032	0.745560673138	1962.5682897763706	1960.026096592651	nan	nan
529000	529	56309.447881	1960.72488211	1960.71683737	0.741791228166	1961.6980665763535	1959.7617344301975	nan	nan
531804	530	57176.231086	1960.69238926	1960.61842984	0.664102300886	1961.9616780228662	1959.8429943388833	nan	nan
534836	531	57307.6603429	1960.79805693	1960.79345891	0.770814124446	1962.1543692291134	1959.337428491523	nan	nan
542089	536	57321.9709198	1961.06876971	1960.85166925	0.803434817867	1962.30950209537	1960.061302656019	nan	nan
536223	532	57354.8776169	1960.9044007	1960.90630201	0.805006646167	1962.073175119646	1959.703718461376	nan	nan
542222	537	57360.4863858	1961.08309546	1961.28562809	1.09498103892	1963.0435398407142	1959.3266067193883	nan	nan
538143	533	57414.7386279	1961.06971773	1960.9675644	0.863442477552	1962.8024598314432	1959.7248339496973	nan	nan
538408	534	57419.440017	1960.38850566	1960.39619492	0.813945936532	1961.4958229893048	1959.3651858876397	nan	nan
545958	542	57431.456418	1960.7877695	1960.77003126	0.485148733167	1961.646374666263	1959.8492734704123	nan	nan
539931	535	57468.7138798	1961.06998971	1961.16722412	0.871731626113	1962.20289984887	1959.4930370132413	nan	nan
542363	538	57539.9645259	1960.69385396	1960.89114765	0.621105060351	1961.527413154507	1959.638475314976	nan	nan
549434	544	57567.8457398	1961.5335531	1961.63702398	0.620514042272	1962.2469710924602	1960.5123813855748	nan	nan
550491	545	57589.7581329	1961.20638499	1960.97604067	0.827446574926	1963.2561693978412	1960.3687565958387	nan	nan
543727	539	57590.088553	1961.15505984	1961.02766157	0.895890886517	1962.5422380141276	1959.7821125175453	nan	nan
551704	547	57611.977437	1961.19941687	1961.14180413	1.00781643942	1962.569401777818	1959.397939859022	nan	nan
544416	540	57614.253679	1961.30946825	1961.18080062	0.729702238004	1962.3080430869331	1960.306409405255	nan	nan
551276	546	57618.78719	1960.99441403	1961.08089827	1.01547979982	1962.8469887488936	1959.613488038712	nan	nan
545751	541	57642.8196399	1960.61509145	1960.51097624	0.925045684775	1962.0971943291206	1959.3371153645037	nan	nan
552525	548	57649.3670309	1960.97822968	1961.17577144	0.584311500378	1961.6843547196693	1959.8765941529502	nan	nan
546312	543	57662.0790579	1960.75927744	1960.64166784	0.573673855344	1961.593817106337	1959.975962405361	nan	nan
554371	550	57739.2798438	1960.61418638	1960.67050777	0.517223960338	1961.3903612000524	1959.7558156339742	nan	nan
555544	553	57804.4793348	1960.75570902	1960.90806941	0.928095554135	1961.8669304152183	1959.164363985808	nan	nan
555774	554	57817.3082888	1960.27722629	1960.12895519	0.85199942117	1961.413554173126	1958.988527562926	nan	nan
556388	556	57896.203331	1960.92404754	1961.24880015	0.868159239491	1961.8881529511443	1959.695495416107	nan	nan
553951	549	57930.6178739	1960.96260038	1960.79072917	0.974526776336	1963.4308699051608	1959.966207915187	nan	nan
554649	551	57951.8057499	1961.04507175	1961.55653115	0.91246447034	1961.762216820689	1959.3529818445938	nan	nan
555178	552	58000.9254439	1961.21135788	1960.7538774	1.08589699348	1963.4475733990594	1960.0900225563819	nan	nan
556049	555	58050.260921	1961.24345008	1961.22772427	1.37598068743	1962.9973317396855	1958.6306680479177	nan	nan
558016	557	58120.9450579	1961.195946	1961.55079762	1.16211865267	1962.340001019665	1958.8676351532533	nan	nan
558170	558	58139.883867	1961.09406702	1960.9996823	0.734378668554	1962.5068702070628	1960.259052928489	nan	nan
559273	559	58389.1729989	1960.68399737	1960.90641071	0.71194815422	1961.505669165722	1959.617864561837	nan	nan
560000	560	58788.978014	1961.55696267	1961.87127879	0.931270777103	1962.6811108008446	1959.9677686427524	nan	nan
561000	561	59496.2515299	1961.56843006	1961.33348125	1.31919181839	1964.1144684506971	1959.1739021692474	nan	nan
568369	563	60506.6627009	1960.82861983	1961.03051829	0.872506663826	1961.833779215857	1959.3998088852002	nan	nan
570261	565	60543.3805618	1961.20904513	1961.27339912	0.607582241338	1962.05966309045	1960.0776115680221	nan	nan
564814	562	60563.882879	1961.38570229	1961.43815059	0.620883836644	1962.3858828380585	1960.3374209812246	nan	nan
573210	567	60576.3112569	1961.08367464	1961.06220449	0.56361196751	1962.1455256377112	1960.088685176281	nan	nan
569121	564	60703.0131319	1960.70212632	1960.91542204	1.08029818729	1962.206330659365	1958.7842002536681	nan	nan
571187	566	60751.5733089	1960.46583574	1960.42620936	1.07649054307	1962.384272689918	1958.59550040134	nan	nan
578831	571	60779.1402929	1960.6936739	1960.61615881	0.887487382329	1962.4508307831868	1959.234639089713	nan	nan
579735	573	60797.4213588	1960.95464101	1961.0128617	1.20165906496	1962.6190988039255	1959.0185079045318	nan	nan
580541	574	60807.890043	1961.4406417	1961.43163962	1.09315722108	1962.8372912730892	1959.9047429763039	nan	nan
573992	568	60810.907012	1960.98148694	1961.35653596	0.841961708205	1961.8160135058529	1959.1938755609144	nan	nan
574012	569	60814.205451	1960.23845884	1960.4098025	0.722079078176	1961.0870204247394	1959.1178875509395	nan	nan
580685	575	60819.2716029	1961.18493613	1960.99474252	0.920782203969	1962.710052068159	1959.6813451791757	nan	nan
581574	578	60853.7140739	1960.89224309	1960.8139306	0.816186251244	1962.5725626458236	1959.7582242324931	nan	nan
576084	570	60859.3397679	1961.24608968	1961.20505893	1.09472401082	1963.1063630107603	1959.56881495331	nan	nan
578932	572	60938.2624979	1961.22027594	1961.09336286	0.898833654107	1962.4491938336882	1959.931051404396	nan	nan
583641	581	60951.292752	1961.62032814	1961.80557987	1.15222789669	1963.0275345852926	1959.526432565476	nan	nan
580752	576	61000.964278	1960.71762816	1960.42889307	0.789900340021	1961.9666440453311	1959.7919626042344	nan	nan
581355	577	61013.5533679	1961.26047829	1961.30787917	1.16937470336	1962.6952231082369	1958.9694560355897	nan	nan
585119	582	61017.9773219	1961.22220993	1961.33199033	1.05771928569	1962.5367390408962	1958.7099110809008	nan	nan
585424	583	61029.705899	1961.23550838	1961.06617157	0.725405645098	1962.23071769318	1959.8707077717734	nan	nan
582074	579	61047.0692098	1960.7712717	1960.81270016	0.849651518787	1962.066772468726	1959.5272162233607	nan	nan
582511	580	61064.3263199	1960.82810804	1960.74753036	0.848131519786	1961.8879173997168	1959.8476693004795	nan	nan
587063	584	61119.2504809	1961.24433851	1961.10475604	0.964141280199	1962.9236337389746	1960.2005307829163	nan	nan
588085	585	61343.418082	1960.7852689	1960.78875247	0.785190669925	1961.8310598663904	1958.962578023383	nan	nan
590019	589	61356.375464	1961.40098167	1961.37665581	1.08459433903	1963.19284540524	1959.8938339858953	nan	nan
588434	586	61358.677284	1960.72795856	1960.38439734	0.716035553328	1961.7347035756316	1959.9226626103484	nan	nan
590180	590	61381.1959958	1961.64078583	1961.49110517	1.4141861082	1964.3959492458337	1959.9185603447552	nan	nan
589089	587	61414.1417429	1961.0457499	1961.34996268	1.06626067348	1962.6720791268765	1959.4764403212812	nan	nan
589565	588	61459.8943379	1960.74265539	1960.69235041	0.578039063891	1961.6007198834327	1959.8615878865385	nan	nan
591000	591	61652.139446	1960.96054919	1961.00657263	0.682242156417	1962.109879868367	1960.1354545924307	nan	nan
592000	592	62191.387949	1961.46283946	1961.73927949	1.19560569496	1962.740364530241	1959.0997315887394	nan	nan
593000	593	62664.7036359	1961.35640738	1961.2658815	0.920297449754	1962.7543309314258	1959.933047372859	nan	nan
596898	594	63682.499804	1961.19480572	1961.42926098	0.635509909193	1962.0044300432426	1960.1989793852686	nan	nan
598119	595	63729.1789169	1961.30477624	1961.04782333	0.797704555467	1962.5997957956433	1960.322828340624	nan	nan
599194	596	63741.7984328	1961.42680871	1961.51724205	1.16380401772	1963.0465072753714	1959.2540094190886	nan	nan
599584	597	63952.9407029	1961.30612519	1961.33686021	0.534360038582	1961.9990332161938	1960.479374485323	nan	nan
607641	600	63974.957691	1961.57703296	1961.50071619	0.872268990836	1963.115287594749	1960.1507314733622	nan	nan
608680	601	63990.913852	1961.10059429	1960.87482311	0.933358716239	1962.5853168256888	1959.952719638629	nan	nan
609369	603	64013.5452468	1961.20115098	1961.25026993	0.543061834311	1961.9216679052029	1960.2396247843355	nan	nan
608968	602	64014.4891939	1961.18550437	1961.17129745	1.24093114749	1963.4938133618257	1958.5948302475397	nan	nan
610666	606	64046.7965438	1960.86051225	1960.52295093	0.754889478554	1962.1447865035564	1960.0747437736675	nan	nan
604635	598	64104.7435758	1961.44400829	1961.36620081	0.896800771362	1963.2166774696766	1960.3605327860982	nan	nan
607140	599	64147.186831	1961.32913843	1961.13137106	1.01843925672	1963.2117033361508	1960.0118894152092	nan	nan
613658	608	64154.2750318	1961.02950649	1961.29570919	1.3803953573	1962.731034018846	1957.9339191208396	nan	nan
615201	610	64214.6796319	1961.08065492	1961.18875785	1.22029059604	1963.1087102520733	1958.910983953146	nan	nan
609989	605	64221.735543	1960.83605664	1960.91174194	0.515524102291	1961.556973169846	1959.7047951759002	nan	nan
615383	612	64222.7345479	1961.27513347	1961.37217859	1.10958289276	1962.8439570696971	1959.5822194834398	nan	nan
609853	604	64226.3712239	1961.01632475	1960.90815182	0.759007330784	1962.2577467331794	1960.1278747456874	nan	nan
611524	607	64263.600143	1961.55603565	1961.6873518	0.807997777489	1962.7379192203377	1959.687286189957	nan	nan
616688	616	64319.8276079	1961.10383237	1961.25836343	0.643840641383	1961.897427610051	1959.6819670633306	nan	nan
613817	609	64354.2728419	1961.0071646	1961.26186349	0.748496873016	1962.035278618412	1959.5512681554026	nan	nan
615285	611	64402.172621	1960.95577348	1961.10680741	0.984889995228	1961.9631981332805	1959.0616220161264	nan	nan
615442	613	64419.7984159	1961.3074111	1961.37711228	0.901035896183	1962.8010471703535	1959.6350687318024	nan	nan
615879	614	64459.6308658	1961.31817051	1961.08068024	1.13203765175	1963.338595825863	1959.9678408217526	nan	nan
616162	615	64462.156749	1961.14625077	1961.3202769	0.73504871714	1961.9335149961294	1959.6987103786075	nan	nan
621626	620	64577.89992	1961.34780856	1961.28726561	0.67087436953	1962.8228629985715	1960.6161790390256	nan	nan
621194	617	64579.093302	1961.42775358	1961.36577969	0.68839886553	1962.5436472595738	1960.2480265083161	nan	nan
621317	618	64763.557405	1961.34952307	1961.1135177	1.07971128088	1963.0357823289992	1959.2202783096209	nan	nan
621540	619	64788.7765758	1961.12076832	1961.0095052	0.720974452905	1962.6586819390461	1960.2262526092022	nan	nan
622118	621	64848.461339	1961.04027644	1960.97446246	0.599036527443	1961.8352379189203	1960.237845185557	nan	nan
623000	623	64864.8489158	1960.95106995	1960.85705954	0.708811238705	1962.031352517027	1959.9926250458932	nan	nan
622429	622	64890.6658728	1961.37505313	1961.28447338	0.715567014004	1962.6226563392918	1960.140460653626	nan	nan
624000	624	65595.9657619	1961.43382229	1961.39252441	0.544955653697	1962.0353414707172	1960.4268969797206	nan	nan
625000	625	65872.4285469	1961.4405414	1961.27165792	0.719900490333	1962.3469601081867	1960.6114135644377	nan	nan
627711	626	66832.8166819	1960.97685344	1961.31042057	0.937912143507	1962.339303488528	1959.4900161873986	nan	nan
628525	627	66892.3052559	1961.54025048	1961.47390542	0.866950969926	1963.07916978737	1959.7420749505884	nan	nan
628759	628	66893.0291679	1961.59425103	1961.65484753	0.799338467404	1962.8588591215337	1960.141234750683	nan	nan
635266	629	67148.9410789	1961.21937453	1961.08925944	0.630344218844	1962.6893424307893	1960.5781086114714	nan	nan
636106	631	67156.4026809	1960.75187869	1960.87333766	0.581625889961	1961.5919700925326	1959.782235941185	nan	nan
636807	632	67181.837286	1961.68455777	1961.57634661	0.977242297252	1963.2048807454828	1960.0984645513033	nan	nan
636844	633	67186.9880898	1961.3544229	1961.26986809	0.66426798306	1962.394073223241	1960.1696570494012	nan	nan
637915	634	67204.465188	1961.81268106	1962.07332013	0.997120659994	1963.2413989802294	1960.1467762299806	nan	nan
641574	636	67335.8644269	1960.90405602	1961.01887038	1.07019231132	1962.3577973598562	1959.023428612108	nan	nan
635398	630	67367.6651719	1961.66078629	1961.58976782	0.681375310748	1962.8750447302805	1960.631469789223	nan	nan
643778	638	67385.381032	1961.46086047	1961.49826612	0.59158399164	1962.0786101584476	1960.2950279625404	nan	nan
644005	639	67403.6340489	1961.73544662	1961.80033025	0.809934980747	1962.8581163713484	1960.336864943265	nan	nan
646342	643	67488.5866449	1961.44498344	1961.32217793	0.619041056314	1962.3189738322449	1960.356777942864	nan	nan
640467	635	67521.2424228	1961.22779322	1961.18009198	1.01443721797	1963.0921026152623	1959.7824833901605	nan	nan
641893	637	67582.9362118	1961.22501232	1961.02704601	0.782201601303	1962.6020326505668	1960.2818147253893	nan	nan
644376	640	67638.9023869	1961.74491851	1961.87349493	0.546788446756	1962.4177412705833	1960.6816504185329	nan	nan
644503	641	67639.9139049	1961.89041282	1961.71977142	0.810912772699	1963.7192638399808	1960.9609603042015	nan	nan
645356	642	67661.5455019	1961.5899336	1961.54352732	0.629343538087	1962.8652633250458	1960.7347782429329	nan	nan
650748	650	67757.666219	1961.49286275	1961.29730407	0.844973287536	1963.6866562197088	1960.635191752944	nan	nan
650727	649	67760.0257719	1960.84394164	1960.43169669	0.982129758245	1962.3256817743536	1959.7486504201024	nan	nan
647531	644	67775.6596088	1961.29435462	1961.17813794	0.821775490505	1962.582068495644	1959.9706650006906	nan	nan
648523	645	67817.9773488	1961.07630215	1960.86412502	0.918629076768	1962.3354241229215	1959.6765196562444	nan	nan
648794	646	67834.7798879	1961.52716814	1961.71729191	0.753161661818	1962.4962576835658	1960.2944434624774	nan	nan
649379	648	67872.8344619	1960.88721837	1960.85802629	0.779174605375	1962.4471231010968	1960.054391470831	nan	nan
649365	647	67888.385355	1961.56818957	1961.71162897	0.634556244405	1962.4121919227193	1960.5948882566763	nan	nan
654862	654	68068.938252	1960.90845355	1961.03465941	0.826399747349	1961.7727961915095	1959.056822980469	nan	nan
654013	651	68215.5538919	1961.5744427	1961.52714451	1.3031577052	1963.9923766063982	1959.6509553853264	nan	nan
654301	652	68233.2823489	1961.20984386	1961.1213108	0.60009373168	1962.25520682878	1960.536864897329	nan	nan
654854	653	68299.0636189	1961.37523767	1961.43245132	1.0341928508	1963.42732269144	1960.143758901617	nan	nan
655000	655	68354.5477259	1961.01574292	1961.0107807	0.804706027062	1962.335893743673	1959.864222801302	nan	nan
656137	656	69038.8590958	1961.28433611	1961.22153847	0.988180626364	1963.003507764836	1959.4399284881124	nan	nan
657000	657	69291.5258949	1961.62135009	1961.6931904	1.00909400323	1962.9449812996033	1959.7071860030742	nan	nan
659573	658	69972.2668059	1961.13883573	1960.68541826	1.04372240199	1962.7602155550983	1960.0558349947385	nan	nan
660211	659	70015.7064929	1961.38639465	1961.06045076	0.925636026191	1962.7144781482639	1960.2306604892624	nan	nan
660225	660	70038.3307519	1961.5639741	1961.55067821	0.602079270436	1962.587306141543	1960.6903539568032	nan	nan
665320	661	70290.588259	1961.14313894	1961.01079081	0.867628239947	1962.8046372685947	1960.1937229912007	nan	nan
665537	662	70314.968524	1961.97215894	1961.81668599	0.528687780965	1962.9604376012653	1961.3736278050826	nan	nan
666193	663	70318.3520839	1962.00342681	1962.18424626	0.934617032065	1963.7191077124858	1960.4409158834883	nan	nan
666334	664	70347.6665678	1962.00349981	1961.67810164	1.03534211524	1963.6638036847053	1960.7849450747783	nan	nan
666685	665	70365.4458909	1961.5628248	1961.61808208	0.999675652776	1963.5342561598345	1960.0438670727601	nan	nan
669288	666	70502.435447	1961.24278048	1961.04821234	0.864856716271	1962.6948702385714	1960.010033584933	nan	nan
670715	667	70566.4480789	1961.67748892	1961.76974128	0.622998859124	1962.374536258557	1960.4946840260695	nan	nan
671172	669	70566.783541	1961.2759889	1961.06308935	0.729662292408	1962.4552383921973	1960.475198188584	nan	nan
672940	670	70648.9824219	1961.46818912	1961.50223239	0.883110267997	1962.9591706131446	1960.1360819345628	nan	nan
670820	668	70771.3125598	1961.65273128	1961.6785787	0.808651559377	1962.876927107824	1960.1449327241876	nan	nan
674335	671	70935.768121	1961.36117592	1961.16174821	1.10110536104	1963.3333800519617	1959.696146019192	nan	nan
680421	677	70936.6839499	1960.94100417	1961.03269242	0.985591910787	1962.7324620640265	1959.5869594307617	nan	nan
680336	676	70940.5756428	1961.5702389	1961.43899076	1.07127054864	1963.5348202370978	1960.2496122551634	nan	nan
676185	672	71003.9620368	1961.66341663	1962.02901567	0.965735046394	1962.4263793680475	1959.656042484562	nan	nan
678042	673	71033.0246189	1961.62492098	1961.75334866	0.630470939162	1962.3969398397235	1960.5279121406707	nan	nan
678046	674	71040.85394	1961.75093715	1961.91158146	0.574612457173	1962.40531681649	1960.8357878592665	nan	nan
678741	675	71087.9708889	1961.64931115	1961.53869183	0.875008652414	1963.1587569539302	1960.4499598228322	nan	nan
681992	680	71167.9518929	1961.37543557	1961.36826364	0.917207185933	1963.0521336501608	1960.281852531621	nan	nan
681074	678	71195.599591	1961.62646514	1961.55509336	0.922049928207	1963.0032477510354	1959.8809115667254	nan	nan
681762	679	71260.5715549	1961.62633453	1961.556146	0.626155799334	1962.7149500436612	1960.920414944281	nan	nan
684070	683	71263.3165848	1961.96711282	1962.44101031	1.04886308896	1963.1832435124327	1960.1369256712169	nan	nan
682374	681	71275.254822	1962.0076087	1962.11291822	0.768490036077	1963.2075052893188	1960.4778723508737	nan	nan
682486	682	71305.770596	1961.16029201	1961.21445044	0.891058147784	1962.4990586587865	1959.5661743017813	nan	nan
686230	684	71644.26949	1961.49486545	1961.24959718	0.992903906492	1963.3085170717497	1960.1953728584165	nan	nan
686405	685	71666.661577	1961.52500603	1961.54312243	0.741350803207	1962.462957557643	1960.5780784288836	nan	nan
686835	686	71747.9848869	1961.81472232	1961.70644867	0.670497808698	1963.169756062159	1961.1071258443012	nan	nan
687000	687	71801.979564	1961.11814919	1961.18646521	1.03796422622	1962.3920810643447	1959.3662564058588	nan	nan
688207	688	72449.630564	1961.56860112	1961.5546537	1.28046366481	1963.8785340271293	1959.922646753236	nan	nan
689000	689	72673.0476789	1961.68528475	1962.05241085	0.922894590011	1962.7542148967086	1960.3883138559233	nan	nan
691616	690	73164.7884059	1962.25964035	1962.22308233	0.914035653568	1963.8892252387493	1960.712586489202	nan	nan
691982	691	73168.512171	1961.82932343	1961.79250882	0.720307850833	1962.8339926534381	1960.6761653719932	nan	nan
692266	692	73221.7627108	1960.89887889	1961.0027835	0.4651965391	1961.3529170504803	1959.7754727946922	nan	nan
696902	693	73477.1521618	1961.47876975	1961.46002142	0.925896459342	1962.6354876319087	1960.2245733312277	nan	nan
697409	695	73507.5165648	1961.39335425	1961.47362649	0.853189613043	1962.4664534043725	1959.6258093138051	nan	nan
697372	694	73519.964946	1961.50936805	1961.42804397	0.731588095989	1962.5907651513173	1960.4255615906595	nan	nan
697913	696	73545.460295	1961.69943662	1961.70836352	0.685767045841	1962.6699673946816	1960.2940374432235	nan	nan
698194	697	73570.403378	1961.94912078	1961.79169485	0.904004184734	1963.0249279278385	1960.3141647333753	nan	nan
700110	698	73695.4406369	1961.65683352	1961.63683627	1.04463353597	1963.1954793980988	1959.387294582892	nan	nan
701045	700	73769.202744	1961.57601648	1961.89643658	1.10559592849	1962.6359926953833	1958.9224968610786	nan	nan
700998	699	73773.9293618	1961.51352226	1961.63944893	1.27284744648	1963.3248554017712	1959.498742254352	nan	nan
701705	701	73869.4817638	1961.45108606	1961.75612924	0.806143782634	1962.5797111374534	1959.9367339006972	nan	nan
704070	702	74136.344116	1961.10444864	1961.15717935	1.17412923098	1962.8019764634575	1959.107667646729	nan	nan
707670	704	74152.382462	1961.76059373	1961.53707144	1.27452335684	1963.5570269779848	1959.2727537453936	nan	nan
707631	703	74163.363466	1961.90370735	1961.93898171	0.60175001507	1962.706378160484	1960.5262676881975	nan	nan
708125	705	74331.8098948	1961.68831721	1961.95109784	0.890964642926	1962.840739181671	1960.0825809809749	nan	nan
709987	706	74379.7966778	1961.52285221	1961.21546742	0.867701585979	1963.7077806253526	1960.661094515654	nan	nan
713284	710	74386.1986918	1961.36788964	1961.64600967	1.2011554305	1963.2687228121335	1959.3105195121755	nan	nan
710841	707	74411.872915	1961.31014118	1961.01868297	0.764833698021	1962.6909766048923	1960.4622014467177	nan	nan
710963	708	74430.075506	1961.88422865	1961.8507159	0.99286703462	1963.57399422161	1960.3350513333892	nan	nan
712084	709	74474.3007588	1961.58514391	1961.37287432	0.560596657574	1962.4579847757698	1960.7076456780926	nan	nan
714672	712	74507.736043	1962.15491833	1962.07502666	0.70889273381	1963.6461676821893	1961.3526024426042	nan	nan
713981	711	74577.0658009	1961.18881751	1961.04628397	0.606817654534	1962.4305206826741	1960.5630078603422	nan	nan
714788	713	74663.269408	1961.6654082	1961.64600936	1.31892476507	1964.0115173652298	1959.8864540594727	nan	nan
714902	714	74682.0329099	1961.72941914	1961.46598763	0.696091654434	1963.1769599795468	1961.0832812905592	nan	nan
715000	715	74703.3874519	1961.84590771	1961.87642623	0.628218748692	1963.003071801307	1960.8211801651787	nan	nan
718083	716	75059.44328	1961.15842807	1961.12718799	1.04130685381	1962.4864391703431	1959.6663913612385	nan	nan
718311	717	75075.3774159	1960.88637349	1960.98577876	0.897990034801	1962.0853127046246	1959.3298851159325	nan	nan
718822	718	75169.1746149	1961.97857428	1962.1894215	0.843945657114	1962.934640230158	1960.6041576511018	nan	nan
719000	719	75222.0468659	1961.15240865	1960.77851994	1.50314195573	1964.6447690858968	1959.5353022960464	nan	nan
720289	720	75840.779783	1961.40022866	1961.28538116	0.626101161389	1962.5168927554275	1960.4661211496646	nan	nan
721000	721	76042.6556199	1961.25888183	1961.30232979	1.12788692114	1962.914241203013	1959.4458915045498	nan	nan
723824	723	76337.6541438	1962.04528084	1961.87231625	0.881518870591	1963.4730394678802	1960.9167355676027	nan	nan
723822	722	76343.587739	1961.89476446	1962.04194817	0.663578641004	1963.0173254094607	1960.7389039668196	nan	nan
724168	724	76410.8890538	1961.55418574	1961.77148443	0.98315336314	1963.3308694703387	1960.268423687353	nan	nan
728435	725	76677.5762138	1961.51470945	1961.56825727	0.988998088094	1963.3048968116664	1959.7771043859611	nan	nan
729217	726	76703.3671939	1961.90037743	1961.66969575	0.694105359	1962.8696493921573	1960.7731005484602	nan	nan
729859	728	76746.3386579	1961.94458201	1962.08007717	1.23605522835	1963.5771594360008	1960.3675256217002	nan	nan
729464	727	76749.4629838	1961.86182209	1961.82529871	0.970463379717	1963.5567588173974	1960.3847161915194	nan	nan
730221	729	76777.0197439	1961.64190081	1961.75336	0.553408275235	1962.3171371715473	1960.8738366434986	nan	nan
731899	730	76899.8532488	1961.30890985	1961.35799043	0.99963027458	1962.8049320089096	1959.4657878222881	nan	nan
732681	732	76975.9513569	1961.54590722	1961.37451141	0.790094343183	1962.870575128751	1960.5516088147317	nan	nan
732657	731	76988.5058339	1962.08346589	1962.23060377	0.736057821217	1963.140708884955	1960.376859111557	nan	nan
733136	733	77082.1904528	1961.68833155	1961.58562151	0.843124371717	1963.199381938752	1960.3608643762361	nan	nan
737005	735	77374.3939419	1961.76610868	1961.67732261	0.602288598725	1963.1232699253605	1960.9651647122728	nan	nan
737148	736	77391.642524	1962.14100405	1962.32322132	0.728566737932	1963.0410075406216	1961.09244443573	nan	nan
736984	734	77506.7760248	1961.260459	1961.22703248	0.677546563182	1962.2531529756416	1960.173725996	nan	nan
742220	738	77592.5494208	1961.65280501	1961.56318137	0.707327089417	1963.0080235254077	1960.6601160058735	nan	nan
741367	737	77716.6322598	1961.43128165	1961.43940968	0.960096630577	1962.6084941370204	1959.5126881189697	nan	nan
744909	743	77752.625216	1961.37834421	1961.15551429	0.784326552881	1962.4833019408509	1960.3380990544338	nan	nan
742560	739	77755.5935929	1961.3911941	1961.38289994	1.03240073029	1963.0501710806254	1959.734566894243	nan	nan
743359	740	77771.6314669	1961.8476108	1961.9832644	0.839357237117	1962.6645300947953	1960.1198854646016	nan	nan
743751	741	77805.221128	1961.57016713	1961.31727946	0.716306539603	1962.908508958343	1960.6264837102851	nan	nan
744637	742	77840.2812788	1961.90559262	1961.99186659	0.38961926276	1962.4289745074454	1961.3132477177203	nan	nan
745999	744	77955.9446409	1961.56734612	1961.47860241	0.893459901031	1962.9528617111807	1960.3598867004332	nan	nan
746809	745	78042.4928999	1961.67701892	1961.4972025	0.806816271382	1963.5536643970415	1960.7393654969028	nan	nan
746937	746	78084.2436159	1961.52321513	1961.40223241	0.893814695074	1962.9940318200333	1960.5054356939006	nan	nan
747000	747	78085.5512099	1961.54049693	1961.28276966	0.948105707356	1963.9615939037683	1960.532360304686	nan	nan
750101	748	78460.182411	1961.66045099	1961.65629013	0.779290091834	1963.2433919627783	1960.5371365734304	nan	nan
750232	749	78470.896394	1961.6262557	1961.41960373	0.679777046847	1962.8136694371096	1960.830549281866	nan	nan
750822	750	78555.6044769	1961.69880397	1961.88860113	0.860483543273	1963.1962738847626	1960.545570873857	nan	nan
751000	751	78621.0748739	1961.1793062	1961.1733999	0.718668289018	1962.1615852184323	1960.1977558031258	nan	nan
752348	752	79218.6097209	1961.43629122	1961.36880947	1.2067344692	1963.4393762893687	1959.6784994063373	nan	nan
753085	753	79394.262192	1961.98806941	1961.75404969	0.495054942486	1962.7102176161034	1961.3728575706461	nan	nan
755718	754	79531.3439989	1961.48161468	1961.47400157	0.666742616809	1962.730359874992	1960.2019428451445	nan	nan
755778	755	79535.5860729	1961.74495858	1961.87732025	0.359270028238	1962.2297247613817	1961.0266191780263	nan	nan
756121	756	79595.623116	1961.71646011	1961.70190585	0.863963853598	1962.8230271558195	1959.841973117948	nan	nan
760358	757	79890.3467839	1961.84246672	1961.95005669	0.606610405249	1962.688346039102	1960.9050144214648	nan	nan
760861	758	79911.2065229	1962.14829307	1962.12994952	0.719357816188	1963.3482773361904	1961.1480257904097	nan	nan
761786	760	79947.2241569	1961.66958012	1961.70199122	0.571534517923	1962.3885804822637	1960.7263666327601	nan	nan
761781	759	79963.879761	1961.36658498	1961.36967223	0.636680729065	1962.4478280324795	1960.4056186021974	nan	nan
762248	761	79999.7194409	1961.97794679	1962.1738496	0.756641357525	1962.8996273075397	1960.799362713901	nan	nan
763831	762	80116.8554618	1962.09008051	1961.91390186	0.829403986267	1963.7870243193352	1961.060924710603	nan	nan
764688	764	80192.4699018	1961.96647975	1961.99985894	0.743277160946	1962.8999689505952	1960.5058780285988	nan	nan
764579	763	80194.060544	1961.57136312	1961.51497144	0.688956998979	1962.7022859197475	1960.5779821011056	nan	nan
765015	765	80292.70085	1961.8650071	1961.84081579	0.748777861279	1963.418397956245	1960.8910352904707	nan	nan
767739	766	80595.032527	1961.29104724	1961.44907407	0.841278456606	1962.5778677417163	1959.887486366499	nan	nan
767888	767	80608.1124499	1961.77589924	1961.89006305	0.872181033185	1963.00388544363	1960.2364965485338	nan	nan
771262	769	80801.6545269	1961.91380384	1961.88572117	0.7157931223	1963.0672389810416	1961.1023649418444	nan	nan
769699	768	80875.85953	1961.72726859	1961.64432024	0.813355845081	1962.7701643115024	1960.2424267462718	nan	nan
774694	771	81002.3092289	1962.1377165	1962.07451938	0.753536007501	1963.5255803868804	1961.0681465160933	nan	nan
774131	770	81101.1051199	1961.4946933	1961.04678144	1.5174339389	1964.163254581524	1959.1970580036143	nan	nan
774961	772	81125.3363109	1961.76975624	1961.66499731	0.637661447878	1963.1018336382526	1960.8477476865812	nan	nan
775202	773	81142.078357	1961.58133368	1961.60386868	0.875264787349	1962.987056363746	1960.1932408681703	nan	nan
775862	774	81176.527174	1961.70063301	1961.56997386	0.680214448526	1962.9411049856155	1960.8886016225354	nan	nan
776455	775	81225.9985938	1962.38002966	1962.76889044	1.43621543686	1964.5975923603214	1960.2324985374762	nan	nan
777896	776	81334.968765	1961.34614868	1961.38279761	0.782142493585	1962.6386157093195	1960.1559217503307	nan	nan
778715	777	81436.830848	1961.74758549	1961.79960025	0.881429228158	1963.0057517524654	1960.2881578383797	nan	nan
779000	779	81462.526407	1961.74878304	1961.82355772	0.966113319099	1962.8777896473155	1959.5369381865617	nan	nan
778990	778	81489.91031	1962.46683541	1962.4430266	1.07075081599	1964.2024657152654	1961.2426512797422	nan	nan
782153	780	81874.4078999	1961.62175743	1961.64180836	0.984151089785	1963.2526102682862	1960.0944847391952	nan	nan
782238	781	81877.0459678	1961.37940984	1961.30230039	0.731978703444	1962.3291796921885	1959.9360294967264	nan	nan
782803	782	81971.4295869	1961.75730106	1961.81212576	0.866556433819	1962.884545878417	1960.3198145975955	nan	nan
783000	783	82038.7331948	1961.39279617	1961.43597145	0.96158337171	1962.9136492297418	1960.2134104749862	nan	nan
784430	784	82623.5363569	1962.10750953	1962.2196574	0.396383965849	1962.7325152036758	1961.277268622471	nan	nan
787759	786	82684.248569	1962.07206588	1962.09009286	0.974062170218	1963.253975028286	1959.8479231169197	nan	nan
787774	787	82698.8401399	1961.84896367	1961.84118984	1.23706729037	1963.8862155230925	1959.8812895138537	nan	nan
788003	788	82769.198014	1961.5874905	1961.78548807	0.56866905852	1962.256202242721	1960.6101637553404	nan	nan
786612	785	82785.1154358	1961.4535342	1961.52002505	0.5502157942	1962.3076586968602	1960.61121439706	nan	nan
792358	789	83066.2955608	1962.11125119	1961.72505834	1.17261768794	1964.336538168806	1960.8555686477218	nan	nan
793554	791	83124.6848838	1961.44764285	1961.34371098	0.558069185311	1962.2826377626448	1960.8264022126361	nan	nan
793817	792	83134.8402798	1961.93246936	1962.02113854	0.880483272048	1962.9145476960357	1960.3198148551435	nan	nan
794265	793	83168.1261799	1962.10397709	1961.67741717	1.0660997073	1964.2753571722903	1961.1014347009705	nan	nan
792760	790	83179.961129	1962.30067511	1962.29724827	0.658744311429	1963.5340872864106	1961.142379117763	nan	nan
795884	794	83304.9147458	1961.830421	1961.73978055	0.726369970293	1963.6282067558498	1960.8088061097576	nan	nan
796660	795	83383.805465	1961.58977502	1961.44805779	1.06824652669	1963.412599242408	1959.456828140482	nan	nan
796662	796	83387.3735828	1961.58980582	1961.70914939	1.08030980731	1962.672729461714	1958.8017598164372	nan	nan
797000	797	83467.676959	1961.52440816	1961.64895005	1.08856755271	1962.7983441618323	1960.1148948846546	nan	nan
799359	798	83791.8482699	1962.07746305	1962.24179048	0.708095564381	1963.088038914989	1961.1863796043046	nan	nan
799453	799	83814.186029	1961.85534785	1961.64549269	0.751002796657	1963.347857510012	1961.0008071907357	nan	nan
801026	800	83953.113025	1962.05632864	1961.93368782	1.0088477019	1963.7849822781684	1960.2136999449565	nan	nan
804393	802	84199.841459	1962.06981341	1961.80043611	1.33452100983	1964.9326495084845	1960.1103132488	nan	nan
802341	801	84266.2141888	1961.80449115	1961.69629739	0.654956432031	1962.7666012710968	1961.022800767195	nan	nan
806438	803	84525.6245198	1961.80739141	1962.02128204	1.09321746187	1962.9313532808026	1959.377850301267	nan	nan
806796	804	84542.166893	1961.50309217	1961.35938755	0.644983854293	1962.7071935711335	1960.795667800354	nan	nan
807046	805	84544.284801	1962.27081961	1961.91362789	0.857134185931	1963.5862051360098	1961.4116578495461	nan	nan
807584	806	84592.2703938	1961.60763301	1961.53284899	0.639809330812	1962.9111714963462	1960.850783207498	nan	nan
808385	807	84651.2843568	1961.69860689	1961.82446736	1.02357169039	1963.3254984224816	1959.9036383454093	nan	nan
809806	808	84764.0261378	1961.23802385	1961.0985047	0.751975542965	1962.392458006841	1960.2012321663528	nan	nan
810701	809	84864.567724	1961.92669969	1962.01920745	0.79012165467	1963.2832067525912	1960.1253334135586	nan	nan
810914	810	84880.050621	1961.85231197	1962.07594124	0.830094444122	1962.7535658054646	1960.331252187476	nan	nan
811000	811	84943.97365	1961.63073798	1961.61446711	0.830510107319	1963.0626407148566	1960.3839735559611	nan	nan
814150	812	85314.8279209	1962.02609238	1961.99923091	0.813603630742	1963.4372183125588	1960.6264913980103	nan	nan
814177	813	85321.9448779	1961.97324226	1961.62401675	1.06664620912	1963.746939850084	1960.8603267995923	nan	nan
814797	814	85421.1150329	1961.82104097	1961.88131567	1.14835784318	1963.6685030438057	1959.8247038368715	nan	nan
815000	815	85488.6802318	1961.8847534	1961.98348962	0.813183790398	1963.1496559093086	1960.8171553811749	nan	nan
819196	817	85775.2600939	1961.93448104	1962.05654601	0.756191321557	1963.1967278299953	1960.7441314777777	nan	nan
819404	818	85814.942724	1961.63479737	1961.3729017	1.08350671531	1963.909835305623	1960.4344771453225	nan	nan
819893	819	85899.4649169	1962.20563378	1962.14765625	0.663696384526	1963.4366192029813	1961.4227826297151	nan	nan
818808	816	86056.41412	1962.18627338	1961.94712213	0.678773940889	1963.2907033969764	1961.3554169385711	nan	nan
820091	820	86197.2801418	1961.62764915	1961.88355352	0.4853221688	1962.0793793157304	1960.827690433976	nan	nan
823943	821	86200.7265198	1962.20863552	1962.15986216	1.04829167882	1964.365896806483	1960.9676717755215	nan	nan
825119	822	86253.9185688	1962.27629621	1962.51799041	0.918511831669	1963.2945550259808	1960.1948070677731	nan	nan
825380	823	86273.9811509	1962.15378304	1961.93976686	0.885250053866	1963.6742264028069	1960.667391511135	nan	nan
825874	824	86295.4476709	1961.8687312	1961.89576192	0.43378070778	1962.5306783146427	1961.099618994553	nan	nan
