steps	episodes	elapsed	mean	median	stdev	max	min	average_value	average_entropy
31259	5	3977.55597711	1995.17425886	1995.96079666	4.01496891497	1999.5267405592735	1987.3350790855864	nan	nan
31337	6	3981.37257504	1995.5018297	1995.98234418	4.85338943439	2000.8543123785905	1986.8614487907817	nan	nan
31109	1	3996.31150198	1995.12530905	1995.59814656	4.20409401802	2000.2880987790554	1987.804444123144	nan	nan
31222	3	3996.72275305	1995.35817354	1995.74309411	4.41339334292	1999.8643968058377	1987.6713247375055	nan	nan
31246	4	4005.38786697	1995.03494126	1995.4393222	3.9012135353	1999.3803859990435	1987.8403283499883	nan	nan
31350	7	4005.76650596	1995.13949255	1996.30423459	4.59331591844	1999.563769168077	1986.5201197297877	nan	nan
31913	27	4017.72253609	1995.21612618	1996.43279436	3.77059483084	2000.1473282302384	1988.4553727736086	nan	nan
31528	9	4032.25217009	1994.77599944	1996.85745506	4.42360868452	1998.546862720081	1985.999728886893	nan	nan
31736	16	4032.50322199	1994.82855326	1995.70874253	3.73379719869	1998.6405342134653	1987.3185580337274	nan	nan
31630	12	4033.50964999	1994.62724805	1994.8814316	3.91768966662	1999.57666714792	1987.6063501021792	nan	nan
31598	10	4036.19916511	1994.95983922	1995.86756825	4.05533282546	1999.028082501112	1986.3432251840595	nan	nan
31699	14	4049.53165793	1995.00359519	1995.92289724	4.614881846	2001.2748177558033	1986.3910428854922	nan	nan
31840	21	4050.11700106	1994.83337253	1995.85249492	3.80384524425	1998.4073275636422	1986.9258914324773	nan	nan
31481	8	4051.29714298	1994.97710208	1996.81943031	4.43542097698	1999.3739001025283	1985.326502387569	nan	nan
31712	15	4055.33184195	1995.05073217	1995.65951336	4.03073715343	1999.223090052972	1986.9221582097325	nan	nan
31695	13	4057.75050712	1995.82003527	1996.47967209	4.18901307215	2000.5763449723822	1988.1318889277725	nan	nan
31154	2	4060.5210731	1994.37096039	1995.29210349	3.68853098127	1998.908352620974	1987.7887710630646	nan	nan
31877	25	4063.44142413	1995.67753738	1996.61507447	3.97384841719	2000.0878785694786	1988.3948175308303	nan	nan
31848	22	4066.76129508	1994.97996694	1995.52511316	3.99680687765	1999.343289999356	1987.869077857754	nan	nan
31599	11	4072.02785301	1994.90012418	1996.60238727	3.96035771054	1999.1977667621773	1988.1470535993487	nan	nan
31767	17	4077.41231894	1995.08685881	1996.27557157	4.07247347029	2000.1160353340774	1986.9149401112602	nan	nan
31878	26	4082.79598904	1995.1835478	1995.93225674	3.81239156464	1999.8814775790208	1987.302741730955	nan	nan
31857	23	4082.88770509	1994.89225043	1996.35847665	4.46473864075	1999.5225560487456	1985.2243018878075	nan	nan
31924	29	4089.44056797	1995.29047752	1996.045913	3.68979628787	1999.2509813189868	1988.5960771133573	nan	nan
31838	20	4089.90353608	1995.32892945	1995.58008371	3.98096967807	1999.7109099032493	1987.9143018535528	nan	nan
31814	18	4091.8646431	1994.99322506	1996.00097897	4.04115377531	2000.407807275449	1988.28535480636	nan	nan
31816	19	4095.82011604	1995.07849933	1996.17240897	4.47309767939	1999.6618989640394	1986.2350936991245	nan	nan
31919	28	4104.42417097	1995.22388147	1996.14452882	4.43441301994	1999.7214239234202	1986.3157316162271	nan	nan
31860	24	4110.65770411	1994.6744599	1995.90885859	3.80375269378	1999.601878579038	1987.406788142101	nan	nan
32000	32	4146.85518312	1995.12526329	1995.915104	4.5311626804	1999.6585113375936	1984.8758255781663	nan	nan
31990	30	4150.35491014	1995.06607936	1995.66171713	3.93662535648	2000.1843184483535	1987.666410942412	nan	nan
31991	31	4164.02373004	1995.85506302	1995.73152806	4.0303407787	2001.8719169861934	1988.8310775604434	nan	nan
56306	33	7941.57353306	2002.28233521	2002.65699767	1.65340193217	2004.3153664831386	1999.0284078627203	nan	nan
58008	35	7944.22904205	2002.31006585	2001.94760868	1.95575821783	2005.2798444166579	1999.003665451677	nan	nan
56946	34	7961.85568905	2001.73895418	2001.5552643	2.05121323108	2005.0201881117027	1998.2653899014208	nan	nan
58671	37	7964.60677505	2001.97937103	2001.77127973	1.26661135764	2004.4599614101523	2000.4483321038992	nan	nan
59509	39	7969.04712009	2002.70818098	2002.45713369	1.71974796656	2005.3038866176928	2000.1995360245653	nan	nan
58785	38	7974.36418009	2002.16084069	2002.00373778	2.21207648795	2006.0884266837593	1999.3368058868848	nan	nan
60277	41	7983.06753397	2002.20387599	2002.12731528	1.37602635377	2004.6781970588431	2000.1319250025433	nan	nan
60124	40	7987.52336311	2002.21833394	2002.82129947	2.22098549892	2004.601710630736	1998.6411249814112	nan	nan
58178	36	7987.85291409	2002.29930401	2002.57859228	1.66202031345	2004.4944377091294	1999.425908718523	nan	nan
60564	43	7996.73154211	2002.21398507	2002.86831353	1.79414370698	2004.1052023273385	1999.3441286292473	nan	nan
60388	42	8018.75805712	2002.68325888	2002.12620237	2.23203453701	2005.7919253626571	1999.1773229087287	nan	nan
61961	48	8022.44499111	2001.99276997	2002.28682889	1.9373884352	2004.2920443009214	1998.870552354118	nan	nan
61561	46	8042.37567711	2002.69803037	2002.39544499	1.70717740743	2005.3832735680298	1999.8969332032345	nan	nan
61334	44	8077.5153861	2002.45831058	2003.00486253	1.81899858265	2004.238836951174	1998.4707617070237	nan	nan
61406	45	8081.92065406	2002.4205516	2002.51440126	1.56942655372	2005.5609799328117	2000.0792929292297	nan	nan
61884	47	8100.81197596	2002.0967195	2002.25530839	2.26926510207	2006.2223805199485	1998.752727309732	nan	nan
62498	50	8155.18845892	2002.14608332	2002.87787603	1.83352842151	2004.15067802539	1999.1603333266617	nan	nan
62576	51	8161.46540904	2002.76464493	2003.42806386	2.29373933294	2006.03742265475	1998.7457051804993	nan	nan
62836	52	8165.23712111	2002.57046753	2002.14518197	1.83818821214	2006.7425998436536	2000.4922015310842	nan	nan
63280	56	8167.18725514	2002.35914037	2002.3134532	2.09625128894	2005.5215187117528	1999.6329930362601	nan	nan
63249	55	8177.42013001	2001.90146278	2002.31429983	1.66832759615	2004.6071965678377	1999.0682720703453	nan	nan
62428	49	8190.37660313	2002.91763011	2002.82522608	1.1052203695	2004.7726355332613	2001.3414252855273	nan	nan
63417	59	8195.28601098	2002.14138836	2002.26429288	1.99961644129	2004.6754880528952	1999.513247351513	nan	nan
63348	58	8196.13149405	2002.49488799	2002.49214769	1.45697232674	2005.3382668637726	2000.603726964898	nan	nan
63200	54	8200.38518596	2002.72502233	2003.11496555	2.05309998895	2005.7325522453652	2000.0054002934912	nan	nan
63625	61	8203.18140197	2002.1779645	2002.41204262	1.81075236401	2005.8313745910539	1999.2317875391186	nan	nan
63045	53	8210.22582412	2002.12439588	2002.26213222	1.46474956948	2003.7618914111777	1999.1539439469707	nan	nan
63321	57	8218.14678192	2001.82252885	2001.57143983	1.48675315323	2003.4828317858528	1999.541323251704	nan	nan
63597	60	8223.71714306	2002.10780856	2001.87616408	1.48597967978	2004.4145732643779	2000.3749879952968	nan	nan
63947	62	8284.50195813	2002.38240201	2002.11494785	1.2846792692	2003.9006228613966	2000.292383429106	nan	nan
63960	63	8287.37670112	2002.12036537	2001.37708374	1.70032703475	2004.9696448000554	1999.4933023312142	nan	nan
64000	64	8334.32604098	2002.26642666	2002.20826797	1.75613117295	2004.9602797232887	1998.759009257359	nan	nan
81677	65	11922.6327231	2006.20388852	2006.37454322	1.17165053876	2007.892527055766	2004.2075766796895	nan	nan
81977	66	11947.0354731	2006.71407875	2006.36842277	1.69957723506	2009.8602794198305	2004.1772648785225	nan	nan
83899	69	11958.2807519	2005.54977819	2005.96623552	1.60877967063	2007.4498763851836	2002.790559968872	nan	nan
83605	68	11984.7877011	2006.70041247	2006.87370097	1.39251805891	2008.6063336440511	2003.4301620423873	nan	nan
83999	70	11992.008137	2005.75842341	2005.91876584	1.43741668897	2007.6271541688723	2003.673565048209	nan	nan
85177	73	11995.30462	2006.10760124	2006.25077842	1.18525564989	2008.0054183044524	2004.2312958793304	nan	nan
83340	67	11995.451853	2006.00862676	2006.19229971	1.79762015101	2008.3533737361658	2002.8766733551108	nan	nan
85061	72	11999.0491581	2005.87619027	2005.77409409	1.21358305357	2007.686303177393	2004.214788962593	nan	nan
85712	74	12002.1370571	2006.45441575	2006.18605144	1.16020356716	2008.7048020969298	2005.1799121126264	nan	nan
84879	71	12012.4359581	2006.0712952	2006.3295137	1.10128703546	2007.029891137392	2003.4254496800338	nan	nan
87084	75	12022.322118	2005.8876908	2006.27006943	1.32435047021	2007.2488607093794	2003.7046971951193	nan	nan
87111	76	12042.2812769	2006.31431204	2006.33060947	1.14640087102	2008.0187689845982	2004.553572573996	nan	nan
88445	77	12086.171391	2006.14559051	2006.03303327	1.16452975503	2008.2382728292735	2004.6189228434719	nan	nan
89977	78	12097.8745241	2006.19999161	2006.6947168	1.26557736993	2007.421307331585	2003.7867558963776	nan	nan
90222	79	12117.632555	2005.98418048	2005.69073659	1.40037772651	2008.8609553831764	2004.0290363527572	nan	nan
91196	80	12188.7027299	2005.76706422	2005.34223068	1.73888217005	2008.3117677590278	2003.3243519413106	nan	nan
93977	82	12276.348067	2006.16114432	2006.06497704	1.48160297798	2008.5793633695025	2004.158973337132	nan	nan
93438	81	12277.1015539	2006.04677518	2006.02999771	1.40675848774	2008.2555759814138	2003.4279945842027	nan	nan
94027	83	12281.641573	2006.73365785	2006.90792001	1.13896027029	2008.1682418937671	2004.7340213699456	nan	nan
94056	84	12284.338382	2006.09621023	2006.02075292	1.4162822928	2009.0690444593113	2004.2432228832715	nan	nan
94892	86	12298.0362821	2006.49546717	2006.80200059	1.42593778186	2008.6572275983954	2004.18670853544	nan	nan
94491	85	12301.232892	2005.78020796	2005.52499195	1.74525222058	2008.967294747578	2003.4724173939946	nan	nan
95085	90	12309.783345	2006.33414904	2006.3505213	1.40205070179	2007.9971864101383	2003.9356507070688	nan	nan
95280	92	12323.2298319	2006.15320716	2006.38361819	1.50972543364	2007.7688462325273	2003.109208743689	nan	nan
94980	88	12324.4921961	2005.80949171	2005.87213773	1.1191135984	2007.3332202582267	2003.2880997986035	nan	nan
95026	89	12326.1065249	2005.80036373	2005.96150022	1.08480515026	2007.4254701228206	2003.4874919374793	nan	nan
94902	87	12331.8509359	2005.69527295	2005.3675136	0.964019207251	2007.5423658176212	2004.6737617450526	nan	nan
95225	91	12332.9936581	2005.54624936	2005.74490673	1.341237957	2006.89643698523	2002.531465191869	nan	nan
95362	93	12351.1465399	2005.8866959	2005.92170248	1.12115319877	2007.6701351525194	2004.2769347268927	nan	nan
95866	94	12439.360317	2005.79847683	2006.16052439	1.63967828163	2008.664595290743	2003.2622441595822	nan	nan
95884	95	12442.5699341	2006.38992106	2005.82971376	1.63542075419	2009.1544639241845	2004.722570023777	nan	nan
96000	96	12492.0307729	2005.2709359	2005.59909573	0.974437126503	2006.226945869348	2003.1447136996208	nan	nan
108149	97	15913.6343601	2008.10405609	2008.42317859	1.30526968999	2009.4901989598636	2005.637864252213	nan	nan
109426	99	15925.0598311	2008.73680873	2008.66487248	1.39316527988	2010.5831433029625	2006.401443386144	nan	nan
109055	98	15942.37938	2008.26313681	2008.12125568	1.25941012127	2010.3110961804925	2006.772992840492	nan	nan
111999	102	15999.3543279	2008.59472852	2008.68050195	1.33273941496	2010.520967573142	2006.8487171542856	nan	nan
112242	104	16000.9016609	2008.16589358	2008.27611832	1.02674663569	2009.4035378172462	2006.5575621442567	nan	nan
112062	103	16008.1269851	2008.66652615	2008.50852096	0.70276593875	2009.6951656569931	2007.6388525223872	nan	nan
111414	100	16011.1544261	2009.00830364	2008.91159266	1.03832482345	2010.702023790817	2007.6964141952724	nan	nan
112905	106	16011.709687	2008.99464109	2009.04022811	1.65133588559	2011.770882385763	2006.610247413415	nan	nan
113411	107	16012.7958121	2007.88207072	2008.22315486	1.16174827037	2009.2859681609339	2005.5769674071087	nan	nan
112648	105	16015.266933	2008.07457956	2008.48236176	1.2162257441	2009.600961782722	2006.2801686200066	nan	nan
111888	101	16015.5629601	2008.39072077	2008.62975163	1.48408188591	2010.1982173969282	2006.0482836629053	nan	nan
114597	108	16068.947556	2008.57219742	2008.81281945	1.0037061024	2010.195359323412	2006.833939548941	nan	nan
117009	109	16144.0777149	2008.30304754	2008.36311612	1.3379005703	2010.0807833365843	2005.1066293758392	nan	nan
117325	110	16153.2079	2008.20029768	2008.05092813	0.999691198743	2009.9275059141798	2006.9281400771126	nan	nan
118184	111	16164.4589241	2008.6405075	2008.89208896	1.02066529061	2009.9237105013958	2006.6868044445423	nan	nan
121335	112	16248.9467611	2008.32981809	2008.19540457	0.970620649233	2010.0306241317928	2006.8199917166355	nan	nan
125458	114	16401.578686	2008.10454772	2007.97173183	0.998571191315	2009.6909305740066	2006.9508883439746	nan	nan
125740	116	16405.697288	2008.66516978	2008.52811719	0.898587477839	2010.0968781690906	2007.239264916508	nan	nan
125356	113	16411.3609011	2007.94485004	2007.6232275	1.20757931668	2010.054896043313	2006.271662653787	nan	nan
125679	115	16412.064513	2008.41644355	2008.3241494	1.42262865882	2011.3000813041733	2006.2763547617255	nan	nan
126307	118	16436.6471519	2008.59140748	2008.64559536	1.01946160078	2010.180718764809	2006.6243737757557	nan	nan
126204	117	16436.704231	2008.60221295	2008.55982705	0.715908088849	2009.813205772993	2007.2087761351138	nan	nan
126506	119	16436.971806	2008.30291112	2008.69792627	1.28052205176	2010.0107671787375	2005.4962836610773	nan	nan
126835	122	16437.2436371	2008.6875461	2008.61314088	0.877944008363	2010.1163067836223	2007.3148226217538	nan	nan
126935	123	16455.914454	2008.28719208	2008.4117902	1.12982249807	2010.4061686718549	2006.8847744130803	nan	nan
126789	120	16458.5938861	2007.88451242	2008.2279593	1.48806371167	2009.9242094838014	2005.6531107397427	nan	nan
126801	121	16461.425688	2007.95481418	2007.93874794	1.19723078966	2009.5520777001025	2006.2470460818633	nan	nan
126968	124	16461.942095	2008.15681016	2008.34116076	1.21946240737	2009.8257473351507	2006.0446503761607	nan	nan
127151	125	16482.2576931	2008.36675498	2007.87619427	1.99877559695	2011.9999682434163	2005.7008534985225	nan	nan
127840	126	16607.8346679	2008.42294444	2008.7792615	1.65358671246	2010.716703290565	2005.999807040726	nan	nan
127864	127	16617.2322161	2008.54259346	2008.08552879	1.265885353	2011.7882093462686	2007.5084154001452	nan	nan
128000	128	16691.0967591	2008.23597791	2007.89098707	1.05140894044	2010.565997632646	2007.2655963207403	nan	nan
138769	129	19869.4701691	2010.30801591	2010.40048096	0.790749598181	2011.5144678814504	2008.721120857051	nan	nan
138994	130	19881.3906951	2010.3640529	2010.35530897	1.00248623578	2012.4742235711824	2009.1500280016905	nan	nan
139668	131	19937.572036	2009.96677131	2010.13530003	1.23644223471	2011.5776072366948	2007.9296159304538	nan	nan
141987	135	19959.110817	2009.77307842	2010.20843636	1.12996213687	2011.0184212815202	2007.7166763524283	nan	nan
141734	133	19962.6151509	2010.04509133	2010.06857042	1.54035640542	2013.0421237546059	2007.5318495168508	nan	nan
141646	132	19967.6496119	2010.63117901	2010.77266333	1.28752073357	2012.0321027745115	2008.2034203503588	nan	nan
142017	137	19971.524914	2010.26564044	2009.85224048	1.42329331532	2012.6402298390874	2008.0864341310944	nan	nan
141996	136	19971.880888	2010.47234881	2010.60443271	0.800984545343	2011.3871774941153	2008.9644075935523	nan	nan
142043	138	20011.327281	2010.67506601	2010.97760151	0.952595862393	2011.8212240770824	2009.11824124452	nan	nan
142096	139	20014.3706892	2010.07842275	2009.67838237	1.12106244192	2011.9677300057783	2008.2987778592237	nan	nan
143123	140	20058.0129061	2010.72276681	2010.55472411	1.61592552326	2013.2788523055485	2008.6030341421672	nan	nan
141905	134	20128.4648831	2010.0023584	2010.28498063	1.49626234894	2012.0545115810337	2007.842590982122	nan	nan
146387	141	20156.0857191	2010.12680478	2009.92779151	1.05442659296	2011.813998943205	2008.4880473996448	nan	nan
146527	142	20162.2136321	2010.5112522	2010.05562675	1.12146727855	2012.1998607408266	2009.0171523656445	nan	nan
146998	143	20176.9561939	2010.50771106	2010.41411939	1.09698247393	2011.9253294414802	2008.4300669087397	nan	nan
150424	144	20288.10338	2010.83079763	2010.59153197	1.18910492772	2013.7267085496765	2009.4028040703574	nan	nan
156977	146	20494.6052041	2010.69026987	2010.48178253	0.971263387998	2011.9533078338136	2008.874343482479	nan	nan
157241	147	20547.2492959	2010.37974863	2010.1481971	1.23925675845	2012.5613600956235	2008.9029745131481	nan	nan
156919	145	20558.0583329	2010.35318631	2010.43769209	1.15704324378	2012.1725574203294	2008.5476749985964	nan	nan
158063	151	20565.608758	2010.19116747	2010.37974405	1.17615637552	2011.8472194205658	2008.334573807936	nan	nan
157265	148	20577.1367311	2010.63839215	2010.65937667	0.989777027964	2012.3632674216565	2009.4121387967173	nan	nan
158084	152	20579.1884589	2010.51407745	2010.68129519	0.997913309769	2012.2723706807622	2008.7965987767686	nan	nan
158040	150	20584.805779	2010.58696188	2010.5150337	0.980111973993	2012.1483120334897	2009.1577303799804	nan	nan
157998	149	20592.0415251	2009.83274847	2009.78605542	1.02421936775	2011.7048577573782	2008.36692738492	nan	nan
158524	156	20612.354243	2010.09157098	2009.71308733	1.43092544639	2013.474397466322	2008.550727717497	nan	nan
158464	154	20621.1319051	2010.80326808	2010.99467337	1.44939146338	2012.6704354194871	2008.476892594614	nan	nan
158518	155	20628.1350431	2010.68667826	2010.70907285	1.1173731792	2012.162433845292	2008.754290678665	nan	nan
158417	153	20629.263211	2010.11233941	2010.23116697	0.950223771578	2011.4123697583796	2008.192236315742	nan	nan
158759	157	20661.601027	2010.58682386	2010.31818613	1.35058918774	2012.8991259711793	2008.9604206201222	nan	nan
159749	158	20791.749841	2010.0214564	2010.15298314	0.730776845474	2011.089530788312	2008.7009922787886	nan	nan
159799	159	20852.2512569	2009.51689633	2009.53588094	0.95655914339	2011.0688103537539	2007.774964303645	nan	nan
160000	160	20906.171525	2009.92785524	2009.82996568	1.4594722194	2013.1512899514673	2007.8233281553194	nan	nan
168907	161	23850.8122721	2012.00412395	2011.73250611	1.28409524102	2015.352833359496	2010.9128590409885	nan	nan
169506	162	23862.297477	2011.67482326	2011.88358627	0.890432542169	2012.7840441289393	2010.077347602951	nan	nan
171687	163	23939.081562	2011.90297163	2012.38930193	1.08771036562	2013.3333617670066	2010.0252610531911	nan	nan
172262	164	23945.7247109	2012.21884901	2011.95413786	0.534119831597	2013.1649742353477	2011.5759945005789	nan	nan
172721	168	23962.7068081	2011.71584231	2011.63812794	0.998074623209	2013.3882691656943	2010.3155031744395	nan	nan
172685	167	23973.5326979	2012.09959846	2011.92083257	1.43596423867	2014.9996088841597	2009.7775218159545	nan	nan
172555	166	23974.4249961	2011.76054454	2011.76372156	1.18392056802	2013.9781326859302	2010.226863784838	nan	nan
172335	165	23980.4646831	2012.38150102	2012.3913545	0.724700296542	2013.723439221672	2011.5014367573224	nan	nan
173582	169	24008.1184881	2012.84467661	2013.04254296	0.6930910909	2013.6553206903172	2011.15859555297	nan	nan
173601	170	24043.6387901	2012.01385781	2012.32611112	1.07152281561	2013.1968905351312	2009.2789520362012	nan	nan
174274	171	24075.2936289	2011.70236514	2011.71992579	1.07054509979	2013.5848986407066	2009.9624133460416	nan	nan
175674	173	24177.0873179	2011.57106916	2011.96331082	1.34250061625	2013.3563623345688	2009.519135640616	nan	nan
175687	174	24198.621213	2011.68674779	2011.85605304	1.20935367277	2014.1038038963254	2009.7629000711784	nan	nan
175467	172	24243.981576	2011.5937366	2011.6286102	1.24989235065	2013.690181303219	2009.9068290169334	nan	nan
175824	175	24290.4575541	2011.97991387	2011.92222001	0.836245740247	2013.89334414746	2010.5804015989177	nan	nan
178416	176	24337.0736411	2012.17194045	2012.45059207	1.06443169099	2014.007168678793	2010.4859938936977	nan	nan
185874	177	24482.7676611	2011.9524271	2012.26408291	0.980508507	2012.9417895701267	2010.0382106730774	nan	nan
188087	178	24669.6038849	2011.58688497	2011.28987975	1.19527342229	2013.1064473298022	2010.1642551551324	nan	nan
188698	180	24685.931684	2011.69302391	2011.67238495	0.891987135579	2013.1457970730266	2010.37942565246	nan	nan
188388	179	24698.0313971	2011.09673398	2010.94491005	1.15042601637	2012.9508635756101	2009.573476674941	nan	nan
189109	182	24709.3306019	2011.66342687	2011.55101517	0.954438582707	2013.166775981454	2010.1966783551336	nan	nan
189413	184	24727.3648691	2011.75003198	2011.93718057	1.23623722327	2013.498372685582	2010.2862647217926	nan	nan
189268	183	24734.14503	2011.8603253	2012.06365109	0.909242212082	2012.9889208634156	2010.1299412798032	nan	nan
189091	181	24745.5453641	2011.23057247	2011.10047848	1.14225845373	2013.652217032067	2009.3742569003998	nan	nan
190145	187	24754.929816	2011.51927468	2011.44788634	0.866203727452	2012.716445173827	2010.3606343636436	nan	nan
190038	186	24762.4000661	2011.65772977	2011.47838242	1.23427288727	2013.6709587260546	2009.456253918567	nan	nan
190153	188	24762.9124901	2012.51160935	2012.7496148	1.78591062889	2015.2572878409644	2009.4529696009622	nan	nan
189947	185	24766.8344791	2011.75372405	2011.88444253	1.23918901447	2013.3912420368447	2009.8705773895729	nan	nan
190503	189	24826.5389011	2011.53177449	2011.83819561	1.09789204777	2012.703180915549	2009.110021405008	nan	nan
191527	190	24935.957402	2011.46579985	2011.15305534	0.809764917207	2013.2545769101278	2010.4790742325583	nan	nan
191860	191	25075.819972	2012.0483402	2012.28354572	1.08889882615	2013.563343808011	2010.2633717037972	nan	nan
192000	192	25116.2681911	2011.51876058	2011.34203346	0.739991853491	2013.166364550893	2010.7952873348252	nan	nan
200040	194	27779.731442	2013.58510827	2013.39553878	1.07281742933	2015.1895143353522	2012.3693440820311	nan	nan
199757	193	27793.4003069	2012.53653275	2012.7200645	0.81722586346	2013.9743642632563	2010.9208681336431	nan	nan
202561	195	27873.9613051	2013.22827798	2013.03650563	1.16286581336	2015.1273830054056	2011.5215107455817	nan	nan
202849	196	27876.6556211	2013.19287707	2013.04922798	1.12143755897	2015.2642465681056	2011.541674045463	nan	nan
203244	197	27899.5340171	2013.41294361	2012.98638779	1.35990049419	2016.7307303076843	2011.8202909125937	nan	nan
204190	201	27913.4267941	2012.64515057	2012.78951095	1.43208435256	2014.253020410783	2010.0948072420244	nan	nan
203513	198	27913.881855	2013.20250523	2013.18500858	0.992414086855	2014.4378486603016	2011.6925444462806	nan	nan
203583	199	27914.6262321	2012.97803023	2013.12072015	1.34620558431	2014.539978010548	2010.325238501769	nan	nan
203735	200	27923.0242829	2013.44095583	2013.37394234	0.472472294642	2014.3689638772885	2012.7326642836326	nan	nan
204951	202	28003.569947	2012.78129848	2013.03575284	1.1319009659	2014.147023985361	2010.5721000736746	nan	nan
205450	203	28031.544488	2012.67355811	2012.49258927	1.18947374179	2014.3044212516195	2011.2703161571578	nan	nan
206959	204	28147.9112971	2013.07238794	2012.82465415	0.929639147962	2014.3678058788314	2011.9304381488698	nan	nan
207298	205	28185.437242	2013.20025013	2013.36009358	0.773560276701	2014.078864778302	2011.9816940762732	nan	nan
208704	208	28342.4800241	2013.14673918	2013.41235096	1.2846480338	2015.238807956623	2010.7231101048535	nan	nan
208133	206	28403.7885861	2013.51255561	2013.79297203	1.23616425465	2015.486615891778	2011.0133768187106	nan	nan
212199	209	28436.545403	2013.72311598	2013.29173783	1.07135024455	2015.7394986405861	2012.617937955044	nan	nan
208610	207	28461.876018	2012.94155748	2012.944771	1.07089041061	2014.5969169808473	2010.9243726523523	nan	nan
219614	211	28801.5712759	2012.85797949	2012.88622189	0.836330256648	2014.2749201075826	2011.1032818601923	nan	nan
219348	210	28805.702498	2013.41140729	2013.54420411	1.20951499985	2014.7719602284358	2011.349789328	nan	nan
220163	212	28818.3059051	2013.3165421	2013.22558812	1.75727747054	2015.630600825854	2010.1552772863522	nan	nan
220449	213	28837.499392	2013.49555361	2013.0568656	0.883491621925	2015.2826093605975	2012.6883015760363	nan	nan
220979	214	28860.1613011	2013.0803154	2013.14137765	0.68618345305	2013.9287308024761	2011.9966803893385	nan	nan
221555	217	28882.5887341	2013.34853648	2013.33598377	0.804429067966	2014.8318721806147	2012.25299804219	nan	nan
221094	215	28885.3987281	2013.08290591	2013.18409562	1.11846770081	2014.5617072977566	2010.84550930653	nan	nan
221371	216	28890.4526041	2013.09175368	2013.01133081	1.74556611985	2015.995988638744	2010.5559694742983	nan	nan
221638	218	28902.8195381	2012.35695485	2012.25561978	1.40947826235	2014.6906743891361	2009.8017259408768	nan	nan
221670	219	28904.747797	2013.37419718	2013.4345779	1.44561333871	2015.8949860840976	2011.4252653345052	nan	nan
221755	220	28916.833638	2013.32962085	2013.10480952	0.8057597808	2014.5564325379444	2011.7139720479904	nan	nan
222287	221	28975.3984561	2013.11284114	2013.24986043	0.867029396453	2014.3461783207545	2011.8067299517525	nan	nan
223202	222	29093.903466	2013.18119981	2013.05066547	0.86869302858	2014.5735851989884	2011.4080721344167	nan	nan
223904	223	29275.964457	2013.00612385	2012.99931493	1.25887247098	2014.9090166496112	2010.6998233003367	nan	nan
224000	224	29320.530308	2013.37762668	2013.43144433	0.842336462654	2014.4040284403065	2011.9245152680728	nan	nan
231425	225	31811.5550489	2014.43270667	2014.67486107	1.60913765962	2016.5816693622173	2011.6083626929733	nan	nan
231789	226	31813.0804	2013.68444049	2013.71734981	1.08988046312	2015.2150136021385	2011.4182828477033	nan	nan
234128	227	31894.9211271	2014.33449643	2014.16262766	1.05928189874	2016.0122254980001	2012.578687013753	nan	nan
234936	230	31895.2073791	2014.24948079	2014.4838213	0.656436236872	2014.8620310002855	2013.0143447256332	nan	nan
234215	228	31898.2659531	2014.52791613	2014.38648439	0.609343705068	2015.3805723450857	2013.5451608757064	nan	nan
234797	229	31928.2902861	2013.93314786	2014.00457444	0.699730208065	2015.1459000821953	2012.9072042926011	nan	nan
235044	231	31944.704901	2013.99482623	2014.03614855	1.30309062376	2015.7257894096226	2011.3327177713627	nan	nan
235059	232	31957.04248	2013.82589307	2013.93428701	1.14721200015	2015.7387696037242	2011.8464339456348	nan	nan
235276	233	31977.708533	2014.2892185	2014.08521339	0.811359457142	2015.5546007477697	2013.102990597457	nan	nan
236129	234	32051.391376	2014.70765987	2014.80853838	1.01566075515	2016.7641558561816	2012.7782174331164	nan	nan
236465	235	32079.9728911	2014.58814746	2014.54916194	0.771939088466	2016.338686955346	2013.6380891263498	nan	nan
238617	237	32263.1747301	2014.388737	2014.50548947	1.27862089006	2016.6059001179115	2012.3615482635005	nan	nan
238034	236	32294.0270951	2014.1469165	2013.8399465	1.20678843713	2016.5091590747866	2012.5601706326386	nan	nan
240271	238	32435.8564031	2014.68152488	2014.41801578	1.31710612639	2017.1209762358699	2012.6823960351296	nan	nan
240995	240	32467.6993761	2014.24628828	2014.31929391	0.598828740447	2015.4316820219492	2013.2135699627484	nan	nan
240753	239	32492.1508431	2014.34151719	2014.34898233	1.38662422096	2016.6440626630815	2012.5754436424493	nan	nan
241247	241	32547.465843	2014.34472103	2014.39681334	0.901621528751	2015.5666315303397	2013.0645001372452	nan	nan
250841	242	32873.786967	2014.07117922	2013.93009611	0.960807555634	2015.412377018525	2012.9905161155393	nan	nan
250963	243	32896.0448	2014.19046051	2014.22486064	0.860922111347	2015.2306686121817	2012.5126400972842	nan	nan
251384	244	32907.9038181	2014.33532711	2014.34593935	1.24847749563	2016.2749423424057	2011.860550422679	nan	nan
251990	245	32948.8739901	2014.23125744	2014.41795306	1.23543550854	2015.7393484040385	2012.3353191155302	nan	nan
252524	246	32963.2787991	2014.03397057	2014.23870498	0.667584657895	2015.0868128017182	2012.7705026116748	nan	nan
252931	247	32978.1979899	2014.11087639	2014.20720127	0.89453780179	2015.1639706281608	2012.2605176572056	nan	nan
253029	248	32982.016506	2013.7465799	2013.661416	0.927993423337	2015.1420306008927	2012.4311387287667	nan	nan
253079	249	33005.2926099	2014.33087093	2014.42847573	1.09173788592	2015.7058136715914	2012.7357254874944	nan	nan
253227	250	33010.24176	2014.22001841	2013.90308014	0.79891665547	2015.5849412727105	2013.4974979745734	nan	nan
253318	251	33019.6115689	2014.4898634	2014.49387545	0.839300905144	2015.5253474155159	2012.7239992138104	nan	nan
253447	252	33048.181355	2014.23041542	2014.06381523	1.17594383673	2016.0851533447246	2011.9517774427416	nan	nan
253972	253	33085.225307	2013.99253797	2013.91938621	1.23197433898	2015.8621003135916	2012.4612214270737	nan	nan
254888	254	33223.1067472	2014.17000034	2013.99944176	0.919528301311	2015.9753837477053	2012.7746060071458	nan	nan
256000	256	33371.194185	2014.38258743	2014.08268807	1.03167574229	2016.6710474334432	2013.4450337866615	nan	nan
255859	255	33451.28508	2014.6964842	2014.41971823	1.08773673184	2016.2953605784157	2013.5601578777982	nan	nan
263457	257	35749.435147	2015.63279474	2016.13261681	1.51653107422	2017.424493811176	2013.231999863302	nan	nan
263638	258	35754.934792	2015.61823006	2015.49834114	1.07718483268	2017.7350156039479	2014.1239909942174	nan	nan
265417	259	35796.781956	2015.11303839	2014.98290196	1.26010655248	2017.2327743655615	2013.3021089489234	nan	nan
265438	260	35827.615535	2014.9449269	2015.05246981	0.864700187009	2016.004952440197	2013.0400239469866	nan	nan
265496	261	35839.024538	2015.3444753	2015.64791289	1.32988666141	2016.7753199084455	2012.8232755477304	nan	nan
266100	262	35865.8144181	2015.41719218	2015.43903255	0.776165115786	2016.5225582151802	2014.3144661504118	nan	nan
266386	263	35889.1830599	2015.73887837	2015.97594701	0.806363311861	2016.8680904962196	2014.3705519199598	nan	nan
266848	265	35912.942579	2015.19035761	2015.16078931	1.11546873736	2016.5756340649148	2013.2983679648103	nan	nan
267683	266	36007.437892	2014.98860962	2014.89514189	1.28556633326	2016.8250415237433	2012.779024007333	nan	nan
267985	267	36033.060719	2015.44448344	2015.18049552	1.06276711542	2017.3264011387937	2014.095290581023	nan	nan
266596	264	36158.3244131	2015.53180246	2015.9365127	0.966074422492	2016.749420963332	2014.0168371211541	nan	nan
270556	268	36227.8006279	2015.11372918	2015.33491476	1.14929807753	2016.7662644500626	2012.6437555290659	nan	nan
272680	271	36396.6468019	2014.7657049	2014.8903022	1.45994479198	2017.256443224941	2012.3052662041835	nan	nan
272463	270	36410.0744231	2014.85398579	2014.9978604	1.01468914758	2016.2796504909336	2012.7426157425518	nan	nan
273188	273	36495.539093	2015.35658885	2014.64611746	1.41617454435	2017.4485516958982	2013.968118678416	nan	nan
271029	269	36517.975009	2014.92952346	2014.97871342	1.02892170161	2016.7626381843634	2013.27303392648	nan	nan
272888	272	36681.5960159	2014.94189824	2014.84614976	0.830725887127	2016.3346927371906	2013.1895256462176	nan	nan
281764	274	37043.501169	2014.83669134	2014.97424679	0.954985701765	2016.2439682900708	2013.3712305565007	nan	nan
282386	275	37068.63131	2015.26825765	2015.39352343	1.01119694019	2016.662183336049	2013.794482368844	nan	nan
282899	276	37100.762187	2014.95401808	2014.79994515	1.16954447832	2017.3058415884657	2013.4052410370878	nan	nan
284013	277	37156.2669871	2015.08865224	2014.83469133	0.930384220465	2016.4652495067774	2014.0638144058328	nan	nan
284562	279	37156.9841671	2015.29376016	2015.59711919	1.33876066193	2017.2519678069357	2013.1175460446573	nan	nan
284286	278	37163.439029	2015.52275373	2015.81427454	1.57154483957	2018.2915433792446	2012.737767124979	nan	nan
284684	280	37193.3349831	2015.13449051	2015.12315585	1.29159637371	2017.071244195063	2013.4230054679467	nan	nan
285149	282	37195.8008001	2014.91051111	2014.7335252	0.59528785415	2015.9919768834538	2014.1697911550216	nan	nan
285253	283	37216.5024631	2014.82645502	2015.12965566	0.86698304806	2015.8363550494716	2013.2950589367401	nan	nan
285125	281	37222.7148781	2015.13617366	2014.87679965	1.20012959128	2017.077622271422	2013.7146864584004	nan	nan
285622	284	37259.5639961	2015.10616432	2014.99563802	1.20773087064	2017.0402753859391	2013.4628438535608	nan	nan
285961	285	37279.36568	2015.43591322	2015.3990466	1.01613763722	2016.6927347963958	2013.3882939047623	nan	nan
287741	287	37304.6083829	2015.4538747	2015.33734361	1.00742468039	2016.776905096914	2013.9601495719548	nan	nan
287047	286	37456.448276	2015.31360469	2015.2879253	1.265812288	2017.985063771061	2013.6891985685809	nan	nan
288000	288	37714.95439	2015.35461155	2014.99079788	1.01741149534	2017.5956728780986	2014.4724542251558	nan	nan
294757	289	39630.0348721	2015.87075099	2016.02814268	0.743634050809	2016.79602060198	2014.400437599232	nan	nan
294896	290	39656.99612	2015.98497859	2015.79291874	0.865024438325	2017.315310982895	2014.9616781418558	nan	nan
295663	291	39676.1061401	2016.2528759	2016.154881	1.06948255186	2017.8400172159597	2014.486108191977	nan	nan
296439	292	39723.925987	2015.7407043	2015.92194309	0.870184772036	2017.3660400403212	2014.8130496263668	nan	nan
296626	293	39748.223928	2015.37259935	2015.42278509	0.596113399105	2016.0472791747466	2013.9753293608787	nan	nan
297132	294	39773.289578	2015.8715177	2015.75924142	1.23741626018	2017.8329139814655	2013.8097948928003	nan	nan
297497	295	39798.105124	2016.41249823	2016.42059615	0.774051248744	2017.8815752345274	2014.9624097351107	nan	nan
297849	296	39830.4526269	2016.27374524	2016.33059298	1.25794843376	2018.0831702526048	2014.5948623034083	nan	nan
298878	297	39942.957377	2015.82419692	2015.87806539	0.83684998498	2016.9749381496147	2014.5723412874943	nan	nan
299100	298	39968.693727	2015.45440194	2015.36253456	0.835285211296	2017.5197356417852	2014.478324662265	nan	nan
301492	300	40175.366086	2016.41627139	2016.45064866	1.03755694723	2018.0567818819266	2014.4192401227735	nan	nan
303451	301	40330.1256499	2015.75037451	2015.75671224	1.25552148666	2017.8219722090996	2013.0302337279975	nan	nan
303640	302	40380.364198	2015.50516951	2015.86920495	0.700875500679	2016.267027767091	2014.1920736707038	nan	nan
300906	299	40395.30913	2016.17875766	2015.99046494	1.26549004868	2018.579394025847	2014.6188008592612	nan	nan
304293	303	40441.220901	2016.23596017	2016.04018323	0.632351905794	2017.3364951065732	2015.3530870351192	nan	nan
304590	304	40726.4255171	2016.25398634	2016.32478696	0.931109170377	2017.8772332429653	2015.1267731781236	nan	nan
305075	305	40839.2783341	2016.09535704	2015.91830825	1.10622110162	2017.8179057126497	2014.4650316463262	nan	nan
313393	306	41186.797142	2015.89067662	2015.64640226	1.05237404923	2017.2591367734178	2014.0453059474723	nan	nan
314139	307	41233.3198371	2016.20312026	2016.41223176	0.937744513594	2017.3085323088592	2014.5023296597412	nan	nan
315139	308	41275.318131	2015.69846094	2015.78031496	0.734306962766	2016.7996319378208	2014.3004892354593	nan	nan
318534	317	41276.852926	2016.16502481	2015.9713557	0.87260156211	2017.2671513236032	2014.5990319073055	nan	nan
316759	309	41306.3456151	2016.267114	2016.35383855	0.870696451624	2017.7435136166387	2014.776578753624	nan	nan
316775	310	41310.2362311	2015.70151082	2015.85901818	1.16813302892	2017.1662596719002	2012.9492303069617	nan	nan
316881	311	41318.731806	2016.7894522	2016.71434334	0.697187339821	2017.729106602155	2015.6751912682134	nan	nan
317457	312	41347.0085571	2016.47283087	2016.42109622	1.26993350397	2018.4185756018933	2014.6374480035586	nan	nan
317553	313	41360.44819	2016.04602347	2016.00426645	0.630603426625	2017.1186807480194	2015.0864109884117	nan	nan
317910	314	41386.0107901	2015.98211758	2015.82373951	1.17211302411	2018.014728969909	2014.237584597639	nan	nan
317985	315	41410.684103	2015.81604174	2015.77698094	0.590592234014	2016.8435124495243	2014.676018456621	nan	nan
318372	316	41424.776958	2016.23488181	2015.88126984	1.26806551454	2018.0464802390406	2014.6244315665704	nan	nan
318549	318	41471.6636891	2015.3718068	2015.35336219	1.10479976995	2017.8064641965527	2013.7994843937227	nan	nan
319344	319	41629.80288	2016.22118861	2016.17680767	0.769004502884	2017.572919002573	2014.8201501881863	nan	nan
320000	320	41912.3172441	2015.69901387	2015.57735871	1.17589434507	2017.5157606209896	2014.1824990731793	nan	nan
326058	321	43639.815192	2016.73593667	2016.53901564	0.921241127247	2018.5518606199223	2015.3755359817226	nan	nan
326693	322	43655.936806	2016.76151764	2016.50897897	0.895993671196	2018.1477213187777	2015.2428646307483	nan	nan
327061	323	43662.465245	2016.89491944	2016.89197459	0.899845046659	2018.6309344368121	2015.919861603691	nan	nan
328025	324	43731.8052909	2017.46137738	2017.85138154	1.29585091409	2019.2236112688508	2015.159201310348	nan	nan
328399	325	43766.2009289	2017.12880329	2017.13563222	0.700690377496	2018.0187731588883	2016.0728215315082	nan	nan
328801	326	43810.68906	2017.61539646	2017.37338899	0.749337702519	2018.7657869419113	2016.6863901593335	nan	nan
329062	327	43840.0379131	2016.81689059	2016.82066145	1.10370782872	2018.4736273942679	2014.3501342178583	nan	nan
329397	328	43848.6802981	2016.58425065	2016.68204267	1.56234180168	2019.4280298551453	2013.895913460912	nan	nan
330311	329	43992.400238	2016.58439965	2016.43151212	0.513084131669	2017.6617149324545	2015.8689014084257	nan	nan
330480	330	44029.7599401	2016.85377269	2016.82380419	0.6569338642	2018.265018511497	2016.0806479258058	nan	nan
332729	331	44225.8528571	2016.67886501	2016.73096343	0.702642033165	2017.9507692589752	2015.4396565826505	nan	nan
334358	332	44346.4386561	2017.29946416	2017.31074381	0.793978039534	2018.1897203769033	2016.3981154660187	nan	nan
334896	333	44465.456109	2016.8416413	2016.89130351	1.12093503546	2018.2545534566957	2014.80806983285	nan	nan
335238	335	44489.8897121	2017.20545294	2017.07984285	1.02802627143	2019.5657559368763	2016.2269935296993	nan	nan
335052	334	44559.1076109	2016.81597695	2016.42612369	1.17342757222	2019.438355009661	2015.5129657581479	nan	nan
336709	336	44856.1933651	2017.09415497	2017.02791726	0.867582213986	2018.5166598623914	2015.9097653769772	nan	nan
337078	337	44942.8093071	2016.84592814	2016.72937594	1.42765059023	2019.6830718651222	2014.5363859408408	nan	nan
345031	338	45251.5360689	2016.88222006	2017.08966887	0.860139415503	2017.9002039599868	2014.8502987252814	nan	nan
347884	341	45320.9333241	2017.38555206	2017.12079524	0.932048197262	2019.1035077186978	2016.155839814336	nan	nan
346491	339	45321.369427	2016.82260076	2017.10371537	0.96675655623	2018.3649525255375	2015.4810632295214	nan	nan
347663	340	45356.6577849	2016.96555049	2017.16247264	1.51314758254	2019.0137453854306	2013.9783035291769	nan	nan
348690	343	45392.6206341	2017.3541201	2017.13171278	1.1336438089	2019.9416718372895	2016.200469226677	nan	nan
348566	342	45414.5768261	2016.7696376	2016.74028474	0.894747513016	2018.2601738580704	2015.4123924544538	nan	nan
348912	344	45449.9368351	2017.24436819	2017.3108166	1.09140759041	2018.8390848155084	2015.034383065803	nan	nan
349415	345	45452.634871	2016.64092338	2016.39092415	0.906191036089	2018.8241691968556	2015.738823856526	nan	nan
349538	346	45462.0678	2017.18087057	2017.05605705	1.16601218545	2018.8300698272465	2015.0411094383542	nan	nan
349951	347	45484.6893091	2017.26368467	2016.97947868	1.33097809012	2019.8443421661484	2015.4517159814413	nan	nan
350218	348	45543.029382	2017.20400631	2017.07287584	1.30900067401	2019.12934281277	2015.1284445777144	nan	nan
350328	349	45552.1474781	2016.71539124	2016.66791426	0.781911044751	2018.031051500872	2015.5512683636273	nan	nan
350571	350	45572.6745169	2016.67786875	2016.68269979	0.892022505089	2017.886852792733	2014.5875309570092	nan	nan
351261	351	45684.6612821	2016.97019672	2016.80882203	1.30464129055	2019.0153887924428	2015.0056469818503	nan	nan
352000	352	46102.6962011	2016.27965989	2015.78578758	1.10871519623	2018.818164075779	2015.2704802725839	nan	nan
358261	355	47615.8554251	2017.64328539	2017.89567034	0.961724547976	2018.850323727875	2016.274434014849	nan	nan
357839	353	47639.2981071	2017.25863691	2017.70264011	0.979339495357	2018.11506684138	2015.0579797544428	nan	nan
358133	354	47659.3052361	2017.82932234	2017.87774222	1.21423901421	2020.005608825598	2016.091018357958	nan	nan
359572	356	47734.5597	2016.89951696	2016.82832373	0.65595757949	2017.9576273833054	2016.088298515359	nan	nan
360116	357	47749.2700469	2017.56885877	2017.87975036	1.39620311414	2018.9628730474751	2014.2657189585502	nan	nan
360718	358	47795.708432	2017.13284435	2017.55444076	1.14181740657	2018.3221827088491	2015.114590894451	nan	nan
361129	360	47845.9614351	2017.13630861	2017.06444537	1.30988949941	2020.0798308172143	2015.2595845089097	nan	nan
361050	359	47859.8399711	2017.23540055	2017.15031936	1.34870321374	2019.2738163943134	2015.167624260007	nan	nan
362310	361	48006.6493611	2017.95517235	2018.08590158	1.2179384368	2020.3186026010978	2016.0982806809272	nan	nan
362603	362	48045.6707041	2017.96928184	2018.05641027	1.02551985256	2019.4457910942522	2016.220061154378	nan	nan
364486	363	48245.911032	2016.48764429	2016.53958224	1.30245068383	2018.7096954462406	2014.317949057972	nan	nan
365690	364	48346.4319201	2017.52706799	2017.54869453	0.782660673621	2019.1254771338708	2016.4031124248959	nan	nan
366807	366	48497.0118279	2017.87432733	2017.73811697	1.27346887938	2019.9248850190384	2015.6793284901316	nan	nan
366660	365	48502.049654	2017.2732522	2016.96635734	1.49036603236	2019.5671291451379	2015.2284080248357	nan	nan
367225	367	48738.7647979	2017.59999702	2017.32703981	1.04035026163	2019.4400430796127	2016.105974926991	nan	nan
368787	368	49023.048245	2017.6984592	2017.69314442	0.717284095398	2018.6844837338667	2016.2286510993213	nan	nan
369210	369	49059.0666461	2017.3517115	2017.10125686	1.29003515983	2018.9723124207171	2015.4192821646784	nan	nan
378075	371	49346.133455	2017.47016762	2017.43457465	1.44986169039	2020.7593374320916	2015.057774665976	nan	nan
375928	370	49360.2074239	2017.25972278	2017.19926741	0.778732259493	2018.24532689387	2016.266068460033	nan	nan
378112	372	49440.352489	2018.21370274	2018.36942305	1.47455011249	2020.7350950803097	2015.016425302457	nan	nan
379226	373	49456.2353849	2017.99363672	2018.08796426	0.639868137634	2018.9260805789008	2016.531110670553	nan	nan
380147	374	49468.823781	2017.73605316	2017.67501484	1.29216527969	2019.34288168416	2015.382580484985	nan	nan
380714	375	49530.2684541	2017.10510202	2016.79289408	1.12124012652	2018.7174623700337	2015.7595118065074	nan	nan
381537	377	49563.391813	2017.31312375	2017.33559979	0.902594290028	2018.5409042705387	2015.8138133664734	nan	nan
381597	378	49569.6862051	2017.64420736	2017.29519526	1.57122637687	2019.988422668153	2015.2059188189592	nan	nan
381508	376	49583.307873	2017.72098228	2017.89862367	0.661107707382	2018.491958455557	2016.2697730252664	nan	nan
381940	379	49612.255089	2018.21995967	2018.092683	1.05424292994	2020.1134999215724	2016.68583153502	nan	nan
382619	381	49679.0388169	2017.58624708	2017.211826	1.20221384617	2019.2810611756934	2015.9900889042694	nan	nan
382535	380	49685.0187781	2017.60287211	2017.76152764	0.723178111638	2018.467395002927	2016.2599250328506	nan	nan
383000	383	49713.4484141	2017.89437459	2018.16424731	0.747743186722	2018.6630116412375	2016.5785732617817	nan	nan
382745	382	49725.7407711	2017.53363629	2017.44402563	1.53886750643	2020.7032064350326	2015.1903760870434	nan	nan
384000	384	50279.4011631	2017.60290454	2017.7094558	1.01172521089	2019.1594735079047	2015.565954603127	nan	nan
389256	385	51573.26232	2017.88260532	2018.26620978	1.31847293175	2019.2611013683522	2015.4663371239662	nan	nan
389879	386	51625.9623871	2017.91694302	2017.8607185	0.967526634776	2019.2805189084397	2016.0670196117255	nan	nan
390194	387	51644.207238	2018.30918661	2018.24205999	0.944787873316	2020.172203168326	2016.7004643892542	nan	nan
391556	388	51719.5457461	2017.88862237	2018.21135292	1.26149638743	2019.9275494355886	2016.095799619529	nan	nan
391818	389	51734.327384	2017.68350975	2017.8932612	0.651936222605	2018.6459443493445	2016.723297950169	nan	nan
392453	390	51795.6313951	2018.12912396	2018.00643574	0.782552603324	2019.6385361577738	2017.0900316398368	nan	nan
392982	391	51847.4909861	2018.10885412	2017.94281556	1.16991560361	2019.9285500140002	2016.774392950998	nan	nan
393113	392	51859.555732	2018.51963837	2018.24264513	1.07365748284	2019.9422704382148	2016.4973200719198	nan	nan
394324	393	52000.618242	2018.81476174	2018.60619636	0.838025227821	2020.1418130005566	2017.3523113195224	nan	nan
394645	394	52068.718343	2017.81367999	2017.70564896	1.85487216408	2021.168450740829	2015.2539807889614	nan	nan
396395	395	52261.6502681	2017.84214243	2017.59032838	1.198954588	2019.808829515782	2016.0226175727264	nan	nan
397151	396	52345.604984	2018.22988192	2018.13760817	0.941474836214	2019.6486481867453	2016.9996097311746	nan	nan
398325	397	52537.5576501	2017.98209797	2018.01107482	0.926780832877	2019.420043889306	2016.0656448825687	nan	nan
398371	398	52550.3200359	2018.20952299	2018.33116315	0.877346777128	2019.2879245581532	2016.9756591703153	nan	nan
399430	399	52901.2714121	2018.35318068	2018.72718659	1.24302077937	2020.1599988931346	2016.0208591898759	nan	nan
401485	401	53155.7329741	2018.2002558	2018.26859422	0.781743760858	2019.2029705255277	2017.0115647001762	nan	nan
401199	400	53170.5309429	2017.98055065	2017.97431725	0.845863576568	2019.1796760473019	2016.8638723695599	nan	nan
407131	402	53376.82587	2018.03354418	2017.76743712	0.712074464122	2019.2200274893078	2017.1898546896196	nan	nan
407779	403	53428.359446	2018.27939809	2018.39502767	1.25801743877	2020.3068640855586	2015.7859299367096	nan	nan
410477	404	53506.622813	2017.67765098	2017.526246	1.34982236971	2019.244008409238	2015.0627309497797	nan	nan
410870	405	53533.240793	2017.35272335	2017.37345379	1.34366636731	2019.8433861325698	2015.158806797357	nan	nan
411189	406	53549.605984	2018.11935412	2018.39810528	1.08456587167	2019.9438936682773	2016.4640298685244	nan	nan
412633	407	53587.1483691	2017.74781578	2017.83226867	0.806686813419	2019.495231954622	2016.4549148836218	nan	nan
413465	409	53637.1959581	2017.9302207	2017.66617858	1.03070862051	2019.240854792365	2016.5859217306722	nan	nan
413395	408	53646.596473	2017.90111926	2017.83846072	1.10193962522	2019.4198211273344	2016.2462226929933	nan	nan
413720	410	53664.5692019	2018.40998209	2018.04595674	0.914584463872	2020.594172681089	2017.4665159885974	nan	nan
414082	411	53698.939559	2018.10319282	2018.32740044	1.00903224661	2019.4102599306334	2016.515227059324	nan	nan
414951	414	53721.798871	2018.39899235	2018.47242411	0.952820284695	2020.2911105648084	2017.072905364693	nan	nan
414787	412	53775.8207381	2018.05558875	2017.88943612	1.01513393334	2020.0021929824504	2016.2232664945109	nan	nan
414828	413	53778.5777462	2018.16259536	2018.2756742	1.10010466815	2020.331336587778	2016.3504467247428	nan	nan
415000	415	53799.1229951	2018.53353838	2018.37657427	1.14186726559	2020.2570570506418	2016.9974947766298	nan	nan
416000	416	54436.3140101	2017.84392127	2017.77071554	0.730507981992	2019.2257869218422	2016.7946899666097	nan	nan
420816	417	55548.4697821	2018.72497562	2018.87606607	1.43216742559	2020.8166155753127	2015.7803358904187	nan	nan
421679	418	55590.6794181	2018.71547399	2018.66246268	1.3799746673	2021.6614734562238	2016.9438432827453	nan	nan
422003	419	55642.8172359	2019.05071176	2019.18793867	1.34794671596	2020.8030300567389	2017.0658004757374	nan	nan
423300	420	55703.1875679	2018.7343203	2018.74234077	0.957802465354	2021.0333621623138	2017.4754449017498	nan	nan
423551	421	55711.4338679	2018.86003673	2018.91798698	1.80731356633	2022.1869397118912	2016.5002247927796	nan	nan
424347	422	55772.1509249	2019.0362646	2018.88817285	1.1350892369	2020.8646184131287	2017.3005012585975	nan	nan
424911	423	55831.765568	2018.63441377	2018.7038228	0.844828053824	2020.4319309368007	2017.2313214361084	nan	nan
425028	424	55846.328383	2019.66742501	2019.68790717	1.06954052455	2021.6973704496847	2017.8243278352502	nan	nan
426171	425	56004.074569	2018.62089909	2018.67743775	1.40406639077	2021.6091212137333	2016.4946668008117	nan	nan
426760	426	56073.5214729	2018.79426854	2018.65982246	1.18584993163	2021.1831078080083	2017.1505349357133	nan	nan
428294	427	56264.1428461	2018.76247466	2018.68755967	1.0810013647	2021.4343070339412	2017.4167681148256	nan	nan
428920	428	56335.0646889	2018.57920608	2018.76472792	0.945731631916	2019.8549599690834	2016.3963430608665	nan	nan
430008	429	56544.1625531	2019.04394631	2019.42712952	1.07173947498	2019.8259197120951	2016.3121301357812	nan	nan
430059	430	56560.4584231	2019.06253358	2019.17206113	0.949264793796	2020.699488048344	2017.725537463185	nan	nan
431642	431	57107.878896	2018.40058359	2018.50314024	0.949355959936	2019.9001124200424	2016.9245813507237	nan	nan
433730	432	57292.2057161	2018.75980864	2019.01106581	1.22386722374	2021.0865696163592	2016.645205796369	nan	nan
433883	433	57331.52459	2018.41007055	2018.61832942	1.249383761	2019.8488829465878	2015.6992059180234	nan	nan
437881	434	57349.6551921	2018.48833393	2018.36120185	0.900642541493	2020.449380318175	2017.3361799235297	nan	nan
439326	435	57527.077924	2018.84179392	2019.06485271	0.763981466429	2020.0684773853545	2017.5497493258997	nan	nan
442044	436	57640.0349491	2018.80690245	2018.57131306	0.83707695081	2020.667952924698	2017.769696695567	nan	nan
442741	437	57667.1969881	2019.08324584	2019.12510515	1.19490283384	2020.865561106809	2017.2294453012921	nan	nan
446436	444	57685.033561	2018.39404171	2018.26000079	0.921443996743	2020.6008949222846	2017.293602151755	nan	nan
443300	438	57689.938884	2018.9593864	2019.59035671	1.46315329127	2020.4762079754687	2016.3281019285312	nan	nan
444260	439	57721.924844	2019.02366099	2019.272805	1.36735372322	2020.9894692577045	2016.6378053074848	nan	nan
445373	440	57783.731909	2018.58393159	2018.54543167	1.50798626263	2020.4569760914746	2016.4438402403994	nan	nan
445500	441	57797.5266471	2018.79381727	2018.2591427	1.48656009368	2021.922978685824	2017.1536795821805	nan	nan
445813	442	57819.797334	2018.90481705	2019.1728934	1.14906745901	2019.8322519618923	2015.8869843203931	nan	nan
446229	443	57875.6802461	2019.13082639	2019.35508432	1.181436423	2020.5906497513533	2016.5519866969744	nan	nan
446944	445	57941.6388249	2018.14758854	2018.37786453	0.870581733923	2019.557524464972	2016.297338181279	nan	nan
446945	446	57967.3238661	2019.11150612	2018.90025578	0.63690585873	2020.2964571068799	2018.362604391056	nan	nan
447000	447	57972.2763979	2018.90793911	2019.08897376	0.991909468911	2020.3270992029234	2017.3903537329086	nan	nan
448000	448	58672.1486821	2019.20563518	2019.22892205	1.29377931891	2021.2450818470902	2017.1351663154703	nan	nan
453383	450	59484.2835209	2018.88840133	2019.1150862	1.2953085065	2020.4943942178306	2016.9185858167011	nan	nan
454212	451	59524.945375	2019.47112675	2019.25856877	0.853525887275	2021.083252153658	2018.4815162819536	nan	nan
455187	452	59590.5754941	2019.11676891	2018.69492286	1.48942486358	2022.0163535296565	2017.3164124869188	nan	nan
455299	453	59609.4003961	2019.28720271	2019.27977597	0.985227787973	2020.7493708887391	2017.8073694602788	nan	nan
456137	454	59672.0523791	2019.83038008	2019.31410383	1.39259577816	2022.4594521724546	2018.4157278204825	nan	nan
452860	449	59710.4434791	2019.12933676	2019.30720314	0.905773992835	2020.276845893749	2017.6680486832518	nan	nan
456804	455	59737.0902991	2019.65083519	2019.58379796	0.777696100839	2020.7295651920667	2018.182801421189	nan	nan
456922	456	59746.2121341	2018.7988646	2018.9291002	0.793884394306	2019.939566974904	2017.2485036973528	nan	nan
458162	457	59919.5656021	2018.82769161	2019.15618993	1.18642361184	2020.0192231694023	2016.298324029843	nan	nan
458755	458	59996.840935	2020.0588066	2019.80376673	1.22077669087	2021.9187618584576	2018.458942172318	nan	nan
460197	459	60202.5828671	2019.17346163	2019.14651089	1.1318315217	2021.168196792776	2017.5010037853922	nan	nan
460796	460	60251.6116641	2019.24495307	2019.40295335	0.962028446812	2020.5681336384723	2018.0047062272117	nan	nan
461949	461	60494.0386741	2019.46458837	2019.62803345	1.54085225008	2021.9350989510563	2016.662894440032	nan	nan
462000	462	60520.4605701	2019.20791255	2018.82742954	1.1856370383	2021.3708433544816	2017.6259382842416	nan	nan
466940	465	61274.6730051	2018.91133736	2019.29862761	1.48093122249	2020.8736078032834	2016.1473484480262	nan	nan
464392	463	61314.1339681	2018.8868291	2018.97894049	0.910693535644	2020.106324678313	2017.3690345687264	nan	nan
466318	464	61422.9673111	2019.24393472	2018.92715058	0.69952062522	2020.6792185860388	2018.6936729362717	nan	nan
467025	466	61496.8880939	2019.38967114	2019.61910801	0.789157338392	2020.378712649553	2018.1827489539924	nan	nan
474708	469	61617.466037	2019.69523199	2019.17590325	1.58970524212	2022.3333000595978	2017.9501269752093	nan	nan
470999	467	61618.1534421	2019.27702357	2019.30282755	0.89785642186	2020.7603109884337	2017.5925691886423	nan	nan
474246	468	61752.5243931	2019.62489093	2019.80087357	1.12934918413	2021.1382369982214	2017.6975446995973	nan	nan
475013	470	61774.8070531	2019.30264606	2019.09159253	1.13190533853	2021.189941098632	2017.9785986214333	nan	nan
475511	471	61810.329988	2019.3736441	2019.93444767	1.25100925762	2020.7446126844256	2016.5588273397748	nan	nan
476163	472	61825.5245571	2019.40578441	2019.14611956	0.86145545089	2020.747967522231	2018.0416001778876	nan	nan
477258	473	61894.5857179	2019.58002182	2019.80368002	0.868877174038	2020.7013538176313	2018.2510517524936	nan	nan
477541	474	61917.3740001	2019.02685429	2018.75677321	1.31079243973	2021.4669829133534	2016.7476316910945	nan	nan
477778	475	61926.4946561	2019.4603841	2019.44525559	1.00662918026	2020.9986196141601	2017.671244599808	nan	nan
478340	476	62005.0385551	2019.06137651	2018.93166832	1.14854824423	2021.1406854871748	2017.3897230314476	nan	nan
478845	477	62057.2032239	2019.24304103	2018.88004309	1.48253722747	2021.6929005877066	2017.3817218237157	nan	nan
478990	478	62083.4763989	2019.02221288	2019.22058116	1.06441299341	2020.7190104325946	2017.3375119490656	nan	nan
479000	479	62100.657496	2019.4833022	2019.34803198	1.27231860693	2021.4829901354453	2016.4993328574947	nan	nan
480000	480	62786.1346841	2019.32463152	2019.18963877	1.06157395441	2021.424408113105	2017.4486410520026	nan	nan
484650	481	63376.9241509	2020.0039026	2019.68662157	0.889560845344	2021.4042084838195	2019.1076043799048	nan	nan
485407	482	63396.874233	2020.1945001	2020.3683363	0.992447427523	2021.5231651487065	2018.2084934508046	nan	nan
486563	483	63485.601563	2019.98683331	2020.15541968	0.812105205044	2021.2048929265775	2018.8441590121563	nan	nan
486907	484	63521.4025011	2020.12723604	2020.00260886	1.35980607164	2022.538485655533	2017.5367757429399	nan	nan
487855	485	63563.3844481	2019.46320839	2019.09721602	1.36444550525	2022.2109877711152	2017.6830212131301	nan	nan
488645	486	63580.948266	2019.91855647	2020.18901981	1.32346359692	2021.6667967458425	2017.76581568799	nan	nan
488824	488	63625.7205901	2019.64691376	2019.45195888	1.00461215729	2021.3636006971951	2018.3306757638034	nan	nan
488721	487	63640.2748821	2019.99661763	2019.63296353	1.574487088	2022.3478470379425	2017.7825094237687	nan	nan
490153	489	63834.6225431	2019.62519228	2019.52986971	1.58839354397	2022.4613428663235	2016.4686514863427	nan	nan
490791	490	63944.696933	2019.90986142	2019.7851109	1.14510542883	2022.060296750995	2018.381089877105	nan	nan
492222	491	64111.690917	2019.4759705	2019.4925379	0.96572940581	2021.1140320121594	2017.8985451055619	nan	nan
492616	492	64128.313267	2020.03869916	2019.92321999	0.941133002661	2021.3105541141479	2018.6446029660694	nan	nan
493911	493	64373.05179	2019.76114811	2020.18560893	1.5773631411	2021.6061900834086	2017.4369341209135	nan	nan
494000	494	64425.7739511	2020.06114948	2020.45427978	0.815452538548	2021.0226343658373	2019.0096675135233	nan	nan
496992	495	65166.4653311	2020.94696918	2021.63772962	1.28328565144	2022.3428025698577	2018.9399444968356	nan	nan
497615	496	65356.5183489	2019.33920344	2019.52820391	0.862623555096	2020.658367087097	2018.184176285114	nan	nan
499001	497	65427.16078	2019.6109377	2019.68718361	0.873792990552	2021.404284260711	2018.0621763213699	nan	nan
502703	499	65508.767771	2019.49909634	2019.54733115	1.03253508064	2021.3787267010562	2017.4388861681598	nan	nan
500296	498	65543.6247201	2020.02173439	2020.05208862	1.46390322618	2022.2945820022637	2017.5624601628517	nan	nan
502859	500	65607.473206	2019.61229497	2020.49577808	1.73203042727	2021.1364846580382	2015.8760068533747	nan	nan
506077	501	65748.3078589	2019.77734806	2019.34111981	1.54891499255	2023.02663828927	2018.1366803264937	nan	nan
506643	502	65780.9171741	2019.71056068	2019.65977354	0.767716224874	2021.1877312769434	2018.8166247117622	nan	nan
507779	504	65809.7736311	2019.37871484	2019.30144569	1.35925517437	2021.6980559596436	2017.099823435651	nan	nan
507546	503	65811.492106	2019.7936864	2019.68420622	1.37430460439	2022.4396845842023	2017.7183923103319	nan	nan
509058	505	65907.9580131	2019.56489554	2019.00388968	1.35622775647	2022.0467278168965	2018.3000513656543	nan	nan
509454	506	65924.9010839	2019.46151052	2019.46271228	0.620574680091	2020.8397048547452	2018.656682502245	nan	nan
509611	507	65946.7944059	2019.96304875	2020.23544955	0.880044928396	2020.9665490021596	2018.522868888964	nan	nan
510416	508	66024.067035	2019.35639665	2019.09397417	1.25859719237	2021.7870215317434	2017.4650648339411	nan	nan
510818	509	66084.23859	2019.54120115	2019.82631364	0.835821046579	2020.2596889621354	2017.54114422222	nan	nan
510951	510	66099.1741381	2019.94609919	2019.95065854	1.11868875642	2021.2960943362998	2018.0088568415404	nan	nan
511000	511	66134.324641	2020.00028393	2019.81320739	0.926824129887	2021.6675071281154	2018.9254741310199	nan	nan
512000	512	66912.7264869	2019.73954812	2019.39991673	1.10053827968	2021.4817821213492	2018.5695422103843	nan	nan
516855	513	67254.4549291	2020.53062858	2020.44507574	1.43947417663	2023.1614624556253	2018.4097126576235	nan	nan
517238	514	67259.498033	2020.30472642	2020.18518901	1.6206262357	2023.4678110872474	2017.7528382605472	nan	nan
518683	515	67364.3045239	2020.24046997	2020.83102401	1.26525846674	2021.705817387288	2018.2765070258708	nan	nan
519256	516	67380.2380171	2020.96846457	2021.10726472	0.838018615939	2022.0655919550484	2019.3652373700354	nan	nan
519985	518	67401.2962	2020.17980299	2019.97686489	1.14209365766	2022.5256398091003	2018.4856210023643	nan	nan
519827	517	67425.0219979	2020.61683026	2020.48715359	1.24923610316	2022.5906095719772	2018.162800695144	nan	nan
520492	519	67496.337091	2020.79201222	2020.71358193	0.93741423524	2022.6758680281703	2019.3864804198117	nan	nan
520641	520	67686.668108	2020.73122105	2021.0026977	0.892740070139	2022.0643261870848	2019.1603621150118	nan	nan
522071	521	67721.5340409	2020.06153123	2020.00999398	1.18355645334	2021.6079050185801	2018.453791082659	nan	nan
522990	522	67833.265099	2020.50653507	2020.56132126	0.978867478655	2022.5271029772591	2018.717162776477	nan	nan
524380	524	68007.5819299	2020.22601174	2020.04279293	0.814677897294	2021.60018638466	2019.268206399424	nan	nan
524262	523	68014.40921	2020.54937484	2020.20729619	0.753255912841	2021.7462972525082	2019.42797630361	nan	nan
525850	525	68287.938657	2020.58073716	2020.9895684	1.44993410868	2022.3239600174225	2018.4265579309697	nan	nan
526000	526	68353.95439	2019.95437151	2020.31917341	1.47671112154	2021.6391803912072	2017.3708060689814	nan	nan
527761	527	69077.8848231	2020.25383693	2020.23918358	0.627635123318	2021.2052027112798	2019.3931495712504	nan	nan
532340	530	69412.0732591	2020.43666689	2020.27328205	0.71027731498	2021.6194564436194	2019.5331906667807	nan	nan
531417	529	69613.045825	2020.04903517	2019.88267874	1.05739757332	2022.0233136095337	2018.9742103609692	nan	nan
530431	528	69619.4751611	2020.83543059	2020.84255111	0.57553511442	2021.8745504107392	2019.8323382983633	nan	nan
533487	531	69765.778044	2020.08760415	2020.28178723	1.04740954697	2021.20622665438	2017.8426431482449	nan	nan
534652	532	69766.1449811	2020.12787149	2020.15268723	0.943455537323	2021.342047009807	2018.5292743757288	nan	nan
537678	533	69916.2363679	2020.14532255	2019.77955248	1.19408188294	2022.574775405171	2018.841065327473	nan	nan
538596	534	69960.8259461	2020.7255729	2020.66852764	0.792849794086	2022.1094073663394	2019.7260948835958	nan	nan
539278	536	69983.0832231	2020.79039219	2020.60799469	1.05987529807	2022.208742177986	2018.9014475758806	nan	nan
539211	535	69985.4405301	2020.34118337	2020.414087	0.951741836919	2021.6573168087687	2018.3689213731648	nan	nan
541263	538	70106.6145129	2020.60966581	2020.88347462	0.947963111396	2021.5159921220577	2019.3102503968514	nan	nan
541033	537	70111.1816311	2020.13257407	2019.93676563	1.64864397803	2022.2218058862077	2017.7011891500817	nan	nan
541585	539	70134.224268	2020.56771646	2020.51322184	0.801555947697	2021.8915357347755	2019.3737059258472	nan	nan
542361	540	70202.6005449	2020.22352769	2020.13468208	0.815252754582	2021.5925591075354	2018.8939742226016	nan	nan
542823	541	70281.118468	2019.8188905	2019.85961675	0.8092055832	2020.9660581706667	2018.2796004183378	nan	nan
542911	542	70283.5346141	2020.50078838	2020.6812361	0.692883329473	2021.6236253183204	2019.418096065864	nan	nan
543000	543	70330.037364	2020.52073668	2020.89212105	1.17708640674	2021.6709529002062	2017.4704655564315	nan	nan
548718	545	71131.2821481	2021.11480479	2021.34972826	0.871132871984	2022.2092478058812	2018.938061571933	nan	nan
548817	546	71134.211957	2021.13126694	2021.18149069	0.853589369131	2022.7582111508436	2019.8224480546965	nan	nan
544271	544	71145.66242	2020.23706055	2020.36109867	0.902127054086	2021.5254129186849	2018.4745975784308	nan	nan
550948	549	71257.649905	2020.69855133	2020.82719913	0.43818495232	2021.206366600648	2019.6990895074184	nan	nan
550693	548	71261.3145289	2020.43869094	2020.67798957	0.89835008667	2021.4065916993416	2018.6110336619265	nan	nan
550481	547	71264.7435369	2020.25337811	2020.08216296	0.761961014687	2021.298147461453	2018.849977096458	nan	nan
551252	550	71303.4142439	2020.59757848	2019.99637729	1.24452577568	2022.4507884412874	2019.2198130685588	nan	nan
551878	551	71392.0822761	2021.15930601	2021.15629115	0.93535289593	2023.1553168197315	2019.5307682989667	nan	nan
554088	553	71648.6054051	2020.38983838	2020.48402863	1.31604533653	2022.5444672833387	2017.942034379119	nan	nan
555015	554	71752.418169	2020.99579183	2021.17424525	1.4070698162	2022.8336979467415	2018.400376806475	nan	nan
553972	552	71878.9063411	2020.74972352	2020.68868804	0.974011139141	2022.0845896077265	2018.752575263069	nan	nan
556229	555	71913.142092	2021.16828552	2021.15603494	0.841807249007	2022.416347829156	2019.802554883712	nan	nan
556305	556	71948.590266	2020.86470026	2020.99932286	1.36091918048	2022.9401706878245	2018.8006705502776	nan	nan
557833	557	72216.4733269	2020.56962956	2020.7586187	0.891200607338	2021.799850638805	2019.1228721671653	nan	nan
558000	558	72302.7387249	2020.51205354	2020.71316574	0.714148105048	2021.6287634295347	2019.0554730447511	nan	nan
559065	559	72993.7592859	2020.90554284	2020.79051134	1.13943887409	2023.0200403830336	2019.356334529327	nan	nan
560860	560	73346.1783071	2020.52557865	2020.60848449	1.38542766978	2022.4810508808102	2017.2501406727968	nan	nan
563616	561	73770.420326	2021.38601247	2021.22784631	1.33087531429	2023.9408054749144	2018.8478997242935	nan	nan
563753	562	73832.512193	2021.02710653	2021.22151459	1.26035486098	2022.3332861858426	2018.2260010138116	nan	nan
566286	564	73874.2480831	2021.33763612	2021.22916256	0.77699243446	2022.818013427101	2020.2122207412415	nan	nan
566216	563	73908.1820431	2020.72975697	2021.11929489	0.973994182032	2021.8517913009061	2019.031076889452	nan	nan
569328	565	74053.7991471	2020.41398346	2020.68958158	1.22146053322	2021.83873305829	2018.3589367592197	nan	nan
570452	566	74105.3556659	2020.71192678	2020.206121	1.13806536525	2022.6666814491696	2019.3051032218839	nan	nan
570932	567	74124.175622	2021.116233	2021.05846219	1.17742697919	2022.8044264428404	2019.079859410213	nan	nan
571067	568	74129.596797	2020.83848514	2020.65941838	1.04391095922	2022.4562074923597	2019.433885182041	nan	nan
573126	569	74253.206775	2020.37069788	2020.30605036	1.25341190917	2022.1690920832436	2018.3088631389026	nan	nan
573238	570	74258.504169	2021.04868092	2021.42871205	1.17038955701	2022.6574139580407	2018.6470681516967	nan	nan
573539	571	74279.8239291	2021.58143679	2021.20172087	0.980899796558	2023.5662482432456	2020.080278172364	nan	nan
574254	572	74371.1352639	2020.48478228	2020.4791729	0.97138044585	2022.320842870211	2019.1556639094756	nan	nan
574856	573	74442.7958941	2020.25586617	2020.607602	1.07649854925	2021.6561348699706	2017.7992406994545	nan	nan
574887	574	74451.1625481	2020.09345642	2020.15983694	1.05214024413	2021.7212795260648	2018.369226118472	nan	nan
575000	575	74504.273026	2021.30244965	2021.82897069	1.06486547917	2022.37136881776	2019.1502217971267	nan	nan
580609	576	75067.3215699	2021.26276149	2021.20300748	0.826127497133	2022.2769700728372	2020.0182475074246	nan	nan
580684	577	75074.6079831	2021.2005439	2021.28985113	0.843711465668	2022.3989412125154	2019.9800929320618	nan	nan
582455	579	75177.2917249	2021.59519465	2021.62338865	0.696796152699	2022.6718254158598	2020.505920860949	nan	nan
582509	580	75199.7372711	2021.42102844	2021.51452604	1.12761626753	2023.2613555856915	2018.9090342474162	nan	nan
582560	581	75223.4354889	2021.75303331	2021.80463496	1.21172776217	2023.5781205920032	2019.8470526765057	nan	nan
582790	582	75246.97738	2021.01485014	2021.36980771	1.09384835694	2022.5379756433053	2019.2805431033805	nan	nan
583287	583	75336.069916	2021.21502342	2021.24439681	1.20934839696	2022.609674541125	2018.992795408168	nan	nan
581283	578	75351.59692	2020.56461376	2020.60168525	0.542631800395	2021.4408593506432	2019.701050756239	nan	nan
585486	584	75624.6227691	2021.2966973	2021.02312415	1.26495891842	2023.6379013695218	2019.9952338370963	nan	nan
586642	585	75726.0079961	2021.39850707	2021.17104745	1.04038752711	2022.8712682586022	2019.844648120056	nan	nan
588061	587	75862.637748	2021.06951564	2021.37523144	1.03679610339	2022.1436436382492	2019.1532341419513	nan	nan
588297	588	75924.385603	2020.98220369	2021.40799894	1.08910034669	2022.3142733452307	2019.6382369970524	nan	nan
587980	586	76045.8473201	2020.9670703	2020.9424186	1.13954922003	2022.8405155238327	2019.0988105539939	nan	nan
589761	589	76197.062391	2021.46346125	2021.64084587	1.04422596545	2023.2257251770475	2019.6151561845875	nan	nan
590000	590	76290.4928281	2020.76949348	2020.75690763	0.979198422073	2022.290679761866	2019.3041647887874	nan	nan
591058	591	76927.491986	2021.74542256	2021.48202507	1.83525404563	2025.1365721582797	2019.7404564549229	nan	nan
592000	592	77281.0365381	2021.27770213	2021.39857184	1.48472230924	2023.7009268028437	2018.0856171541582	nan	nan
595703	593	77952.3365991	2021.54819194	2021.6938377	1.19568365109	2023.7475472079886	2019.4230974369714	nan	nan
597454	595	78030.485378	2021.35286356	2021.38716664	0.770539737347	2022.7904746846564	2020.386901048991	nan	nan
596935	594	78084.8504469	2021.46400883	2021.37236202	1.11993144361	2023.49933195727	2020.120753928564	nan	nan
598282	596	78143.8273761	2021.21484976	2021.04133396	1.16494782897	2023.0561311411575	2019.8630656067396	nan	nan
601027	597	78228.368289	2021.91680612	2021.55925235	1.11856209703	2023.6654780313534	2020.5964842199658	nan	nan
602276	598	78289.6809211	2021.31573519	2021.16045499	1.42213568528	2023.9663673066425	2018.7949197831097	nan	nan
602678	600	78302.260428	2021.93670235	2022.31758471	0.948768768971	2022.9136310742501	2019.895385541806	nan	nan
602665	599	78307.0066509	2021.59442234	2021.51716201	1.40497732729	2023.6658217864526	2019.2837175903164	nan	nan
605003	601	78432.0902979	2021.21920287	2021.22045663	0.724633501471	2022.1735134972107	2020.045147578227	nan	nan
605032	602	78440.6217191	2021.7033506	2021.60634707	1.28913960006	2023.8231911834075	2019.6728391611143	nan	nan
605333	603	78457.303303	2021.56883759	2021.61117395	1.25689673324	2023.4806443910113	2019.012644947678	nan	nan
606280	604	78564.3669701	2021.55494203	2021.49117251	0.752682778376	2022.6405006367233	2020.3067145455962	nan	nan
606816	605	78632.3625801	2021.17162932	2021.01668735	0.863448135939	2022.4825558850475	2019.942993523488	nan	nan
606867	606	78650.8671072	2021.49254061	2021.55989348	0.867233469921	2022.6454333216016	2020.1777503793628	nan	nan
607000	607	78700.753608	2020.83909614	2020.79196804	1.08346076008	2022.6359587144561	2019.4160198293735	nan	nan
611829	608	78976.96615	2022.32250865	2022.47481443	0.894047971906	2023.7023144926486	2020.6088874945788	nan	nan
611987	609	78985.6690919	2021.3718903	2021.60442846	0.752803840027	2022.545220681716	2020.1603539047626	nan	nan
613593	610	79077.5143111	2021.68592347	2021.68226691	1.1464980375	2023.1643823667462	2019.6868385241485	nan	nan
613943	611	79119.120631	2021.55846001	2021.45119905	1.37570124034	2023.561529237542	2019.4936715341223	nan	nan
614205	612	79146.9767141	2021.37550798	2021.33864357	1.31577329028	2023.1738031423686	2018.9056860553217	nan	nan
614406	613	79165.11853	2021.57457487	2021.30322717	1.13643335094	2023.3331441809212	2020.1902844015904	nan	nan
615084	614	79257.644335	2021.39961293	2021.03430719	1.25832585224	2024.2112683551131	2019.851654218509	nan	nan
617242	616	79567.6355541	2021.94686642	2022.30228281	0.742323556276	2022.5689268018677	2020.4014674923174	nan	nan
615376	615	79584.49648	2020.94732469	2021.09957177	0.659799359972	2021.8906869778111	2020.0338718159194	nan	nan
618173	617	79680.5104191	2022.05019949	2022.18365896	0.753515344825	2023.268719315473	2020.7405351352386	nan	nan
619338	618	79806.7361372	2021.64831389	2021.56392931	1.14888901107	2023.1977683814812	2019.7149272586908	nan	nan
619864	619	79886.013061	2021.83213006	2021.62408086	1.43138055228	2024.6028350421143	2019.881019593365	nan	nan
621730	621	80158.883311	2021.8216469	2021.98101371	1.11668500215	2023.2061522291522	2019.420384848237	nan	nan
621056	620	80225.7303071	2021.55860762	2021.45771641	0.889071828841	2023.1116814286154	2020.2950997187845	nan	nan
622000	622	80279.7782331	2021.48868865	2021.4421875	1.11149162418	2023.2497676025712	2019.9780816179748	nan	nan
623028	623	80918.270153	2021.54449904	2021.64281256	0.753838159223	2022.6468556193752	2020.4317524903254	nan	nan
624000	624	81272.6337559	2022.09848577	2022.18858107	1.0744083398	2023.7274583705785	2020.1023881036892	nan	nan
627305	625	81881.501965	2022.2687358	2022.52398136	0.908124469714	2023.841846732659	2021.1535456936315	nan	nan
628869	626	82029.561672	2022.29913555	2022.27826435	0.857120108694	2023.373714752214	2020.7617041950418	nan	nan
630067	627	82207.8646259	2021.73005667	2021.34256454	1.06348904432	2023.3336517040043	2020.5549407371282	nan	nan
631236	628	82258.279742	2021.5406036	2021.7343003	1.02225412373	2023.2893787387145	2019.5147492660594	nan	nan
632794	629	82287.9969621	2021.74938732	2021.64795637	1.19737373097	2023.461551024077	2020.0224693988112	nan	nan
634171	630	82352.2366011	2022.12737453	2022.25106987	0.890056718373	2023.3517962308085	2020.3095273939427	nan	nan
634494	632	82354.790391	2021.68046359	2021.80350233	1.20546383517	2023.5975027595687	2019.2392313659657	nan	nan
634455	631	82363.9080691	2022.02562141	2021.92024666	0.858266361537	2023.4392431007166	2020.60209268006	nan	nan
636748	633	82455.06776	2021.84813517	2021.70714542	1.06681068009	2023.7278802881071	2020.585412997789	nan	nan
636863	634	82469.2062821	2021.55910516	2021.32049185	0.927418884572	2023.4412505369935	2020.204214392982	nan	nan
637116	635	82505.637754	2021.9706613	2022.09175865	0.732723029029	2022.8364931820124	2020.3859401349887	nan	nan
638256	636	82632.3246109	2021.25724732	2020.98348801	0.9095005598	2023.2398948003724	2020.3308239927665	nan	nan
638937	637	82670.208174	2022.02049465	2021.82773661	0.907412101093	2023.232718259671	2020.8207930049905	nan	nan
639188	638	82678.8250949	2021.87390488	2021.90996067	1.30490530027	2024.021979153353	2019.7028385838273	nan	nan
639571	639	82744.938592	2022.10049749	2021.85306529	1.10497038139	2023.8733815317116	2020.5683714019035	nan	nan
643495	640	82810.9384751	2022.51157145	2022.73539127	0.96626957912	2023.6108376215134	2020.172755813539	nan	nan
645079	642	82916.733036	2022.51409443	2022.44741619	0.668480425618	2023.6806286063397	2021.336422757742	nan	nan
643703	641	82931.8724639	2021.63245008	2021.68280463	1.08892269575	2023.3340552409468	2020.1367995694166	nan	nan
645424	643	82951.133532	2022.10934293	2022.26099835	1.05832507911	2023.7655286012753	2020.122439284686	nan	nan
645642	644	82989.737962	2021.93996793	2022.28067146	1.36768203092	2023.4153552473028	2019.358836896434	nan	nan
645741	645	83021.4508181	2022.46847822	2022.35768	0.777615993941	2023.7902060672118	2021.59660418654	nan	nan
646273	646	83089.7452421	2021.4074508	2021.34048903	0.891638635445	2022.5877266035463	2019.5168206648095	nan	nan
649158	647	83410.871803	2021.741693	2022.13456643	0.992287756157	2023.0156009245786	2019.9388179531077	nan	nan
650130	649	83520.5365591	2022.22577689	2022.27682477	1.07270955136	2024.276160553239	2020.166911285349	nan	nan
649478	648	83580.978615	2021.42433069	2021.34918864	0.941631217456	2023.1461827137894	2020.1371864058474	nan	nan
650845	650	83605.92803	2022.46649905	2022.05713643	0.940920398572	2024.3021470669876	2021.402019002595	nan	nan
651368	651	83719.1246259	2022.95397301	2023.23053446	0.955445366252	2024.1424841730282	2021.225526624179	nan	nan
653479	652	83953.365921	2021.74487853	2022.103652	1.53528660226	2024.1532379693876	2019.2093361719133	nan	nan
654000	654	84090.2435939	2021.31643373	2021.08504848	1.08592453299	2023.1773255827347	2019.6448064372103	nan	nan
653900	653	84136.357002	2022.1251764	2022.27879441	1.1380532519	2023.3525047417245	2020.2504763373408	nan	nan
655050	655	84665.3375101	2021.39535362	2021.43814299	1.31951953361	2023.079069088216	2019.506839601613	nan	nan
656000	656	85122.0093031	2022.50824612	2022.27448687	0.910015968419	2024.3476096486254	2021.2404509644437	nan	nan
657603	657	85630.998796	2022.30265807	2022.04324589	1.47208959516	2024.7824390254564	2020.4013395842626	nan	nan
658983	658	85759.643393	2022.37007742	2022.54886115	1.29299738298	2024.5427101283428	2020.257227101295	nan	nan
663186	659	86125.0054111	2022.13326327	2022.08979739	1.06394558912	2023.7987309026648	2020.6191730566	nan	nan
664800	661	86130.891072	2022.19030583	2021.99186053	1.13604245959	2023.7776143633657	2020.9041927886515	nan	nan
664230	660	86155.271508	2022.09783045	2022.27553712	0.751375069518	2023.375583299023	2020.9019107178751	nan	nan
666209	662	86196.2238021	2022.07770108	2022.17399764	1.13071799948	2023.8375599444403	2020.1861525968363	nan	nan
666276	663	86219.268708	2022.16705676	2022.29860429	1.30618010133	2023.8503937050666	2019.6148694709393	nan	nan
666516	664	86221.40468	2022.0831393	2021.97642677	1.1706052336	2023.752369902622	2020.1533102990713	nan	nan
668214	665	86317.2452321	2022.27742085	2022.40366146	1.19299176165	2024.5585885215003	2019.9106821781365	nan	nan
668457	666	86328.303314	2022.28621675	2022.75691579	1.30450872364	2023.683195489185	2020.2236230459137	nan	nan
669192	667	86391.8547029	2022.00433785	2021.97323366	0.989437993133	2023.405999608613	2020.0493774134432	nan	nan
