steps	episodes	elapsed	mean	median	stdev	max	min	average_value	average_entropy
31209	3	6561.73712993	2149.05371913	2060.25619243	255.630650062	2668.8980210098825	1904.2498235904122	28541.4255746	2.17186013261
31119	1	6571.71305609	2481.12409033	2375.74115239	445.570165827	3340.5476937947437	1990.2644720957385	28510.9432605	2.17161050231
31273	4	6572.17810798	2929.66645494	2456.51938681	873.480051671	4418.852534490021	2096.570625529804	28037.7823526	2.17266163789
31892	21	6572.725142	2832.51923845	2679.89983848	505.545565999	3810.696925368428	2235.3511395465707	29942.164498	2.17187991066
31206	2	6577.15355992	2220.58845183	2007.43072079	443.374655908	3081.665581217922	1862.0782341327651	27949.5823833	2.17224279119
31760	15	6586.42946291	2521.45365231	2502.93333264	372.538250916	3308.014840623362	2043.659894472662	28954.9785517	2.17240336277
31373	5	6589.56931996	2532.50549838	2568.39477793	507.129686488	3334.3057913209773	1923.2040787484402	28669.0682965	2.17212799126
31378	6	6591.71133304	2206.8611277	2020.87013856	401.500080088	3018.6491601905454	1855.1528587958019	28227.5417999	2.17266514087
31529	7	6592.82411098	2487.41331008	2383.88546653	467.164435199	3350.4579332823464	1946.0467891378198	28843.7036509	2.17192837426
31662	11	6606.01367497	2464.37058766	2418.56019875	340.458428131	3171.765852476206	2080.7281522021603	29106.9686739	2.17206693609
31636	9	6612.83172393	2353.45558194	2318.00878402	196.502576708	2714.164350807341	2160.354282521031	28937.7378769	2.17232006459
31741	13	6617.61636806	2129.23750792	2011.21726383	288.06639521	2665.592981706762	1816.2566727665537	29014.5464125	2.17284313828
31598	8	6623.96686506	3024.94096412	2826.2120362	760.987365857	4680.604446275059	2091.481367184566	29077.3844953	2.17177567403
31738	12	6626.345016	2262.00872394	2168.84480888	376.798048006	2854.4960293615686	1862.247340993338	29637.3847721	2.17156621642
31655	10	6628.47195196	2462.45243659	2189.06313983	560.012628964	3682.988646271447	1977.204225094018	29138.5679305	2.17225961293
31866	19	6655.76624203	2780.02184364	2767.56847228	632.093638781	3827.6664283841724	2001.430256138426	30256.045056	2.17122676239
31749	14	6659.98583293	2306.55903438	2175.90375681	349.639802555	3091.8651499577377	2011.4068295695904	29417.44947	2.17206663048
31827	18	6671.35254598	1965.32778973	1818.44467792	289.376256993	2533.5409192512757	1719.4080632220118	30221.2223652	2.17112547922
31806	16	6673.45898104	2237.91938038	1986.00067994	550.538798012	3446.9945762962548	1800.7036199010154	29311.1259921	2.17200410653
31914	23	6680.16252708	2363.85074422	2302.40434796	401.196937952	3151.7547618950616	1891.4029618596608	30030.1031458	2.17116356602
31900	22	6681.07495499	2399.229559	2222.3645838	393.733131559	3250.7720697265872	2073.8935714061586	30192.9718761	2.17128433792
31875	20	6690.91577792	2624.78824504	2604.23386834	521.531225321	3523.888687033376	2050.0857604037983	29682.9990602	2.17157731121
31924	24	6704.22292709	2739.32278632	2577.89641033	591.955941369	3941.464632475279	2062.834353749552	30405.2229239	2.17110695344
31810	17	6712.13949609	2466.72445853	2268.64619897	605.781447089	3595.1037797288363	1847.2868690866758	28932.9446993	2.17256740767
31979	28	6727.4097631	2499.58093389	2331.32684283	516.450710691	3477.0888765875084	2012.8152761026238	30199.9465497	2.17164678318
31947	25	6733.78863502	2237.38141089	2121.19856535	271.932896619	2779.98964883024	1994.5755993055334	30121.6932814	2.17155796295
31993	30	6736.50209999	2520.20890563	2386.04887577	442.302968687	3481.9168825134666	2017.1873406053826	30166.4484152	2.17161096362
31961	27	6746.90975094	2124.55456391	2013.75718906	325.388306683	2763.50933667453	1833.028666824408	30653.7951447	2.17159771292
31989	29	6754.59331107	2270.41940059	2171.0262766	332.016932398	2808.169197548275	1945.992154964004	30276.4583802	2.17240886937
31995	31	6775.81018996	2410.21296248	2284.2757352	471.209374389	3334.665398254742	1913.7747680793154	30684.0132922	2.17121657274
31958	26	6782.19860101	2521.04155593	2294.72846629	555.84421445	3586.280472730482	1929.054420681272	30787.9849114	2.17077792628
32000	32	6790.14605999	2550.98853883	2268.42835308	616.483841014	3900.5668502076155	2058.575116045588	31446.1900631	2.17049708355
58558	33	13065.1310751	4411.35661282	4538.10952008	785.466411664	5267.312047779328	3048.266120228626	188228.270833	2.94197725274
59260	36	13067.6724131	5794.02736386	6035.35952231	663.446614952	6360.242513150542	4379.60383803511	191332.364176	2.94446289787
58927	34	13072.462621	5808.51171513	5864.38026225	464.198791472	6332.209753397727	5078.142924999617	187534.256013	2.94482781431
59174	35	13076.1182411	5153.60143426	5494.55850879	766.425911708	5821.218106525144	3681.8746983383267	192502.35843	2.94329635472
59438	37	13086.553256	4980.51154174	5268.95451121	815.718599331	5777.331972106434	3428.9122117687907	188340.938033	2.94687452685
60034	38	13093.3037961	5429.38206975	5727.68334433	810.211538807	6090.227444061685	3674.0005241541967	194623.536751	2.94630114808
60205	41	13095.547354	5203.95324775	5545.69097334	832.015144435	5929.010896202564	3632.2343197111836	203909.259247	2.9420844203
60065	40	13097.833349	4881.78599827	5158.63723426	733.699113389	5507.516434944263	3379.404478315331	196170.483249	2.94565784446
60046	39	13114.478647	4895.02562778	5069.95846218	489.810667077	5341.495121279084	3887.2265815031797	194561.859798	2.94608881947
61121	43	13141.1225991	4384.22234358	4616.86381812	734.231014397	5078.773237444646	3013.8677168145205	211260.900216	2.9450634291
60905	42	13154.308533	4868.06776225	5166.83809126	641.078774247	5409.832889942835	3513.895097050334	207209.884357	2.94387196927
61412	44	13194.370728	6546.43855715	6579.62110839	571.123373576	7334.519827469766	5637.213114602255	216904.191539	2.94242804996
61428	45	13199.636832	4863.30545823	5143.74862773	769.590797834	5520.659889353077	3266.289937882394	212166.78567	2.94538835073
61456	47	13204.6591911	4445.87282974	4727.60582957	884.563783613	5334.073148588284	2916.4073213427973	210163.799223	2.94695976602
63374	56	13233.072814	5410.03991734	5586.03080373	607.098987594	6046.517649197972	4257.57623057655	252053.624807	2.94456043773
62422	49	13251.0265141	5661.72206515	5877.37011354	584.047274208	6164.061007943458	4315.55006602229	234564.859028	2.94155281729
62759	52	13395.627414	5043.13327929	5448.51286329	874.493306031	5820.938285309972	3394.345517480474	244098.017964	2.93970458862
62258	48	13403.623564	5272.64264862	5576.24654899	829.809914654	6075.385212537357	3629.932057238863	230587.125803	2.9440685645
62658	50	13430.6503961	4708.68430223	4993.75873163	1101.58806933	5868.76047942271	2893.6401202519014	244251.770334	2.94016883571
62708	51	13434.564512	5358.45712979	5601.93011732	694.237600911	6065.835675605733	3993.7761942869165	241884.970251	2.9419735574
61448	46	13435.502121	5354.94374991	5531.64680189	591.973732336	5906.979277222637	4190.668712623608	216008.543213	2.94459846885
62824	53	13442.326937	5423.86449542	5725.06783104	852.789227189	6183.702059101608	3618.2148092622947	242522.454594	2.94314401958
63021	54	13455.617003	4999.42944108	5129.60850447	520.709625137	5545.657514840987	3951.073814526648	249646.022534	2.94113816208
63209	55	13472.8088281	6455.84517106	6677.64941368	834.552237419	7241.2803762748035	4670.479982119489	259091.128376	2.93911713224
63562	57	13537.3152671	5109.91786218	5384.86094637	725.881634521	5815.306700907114	3862.1715578104295	261081.30148	2.94285789965
63667	58	13561.0729389	4498.08638658	4782.5001046	685.122199176	5101.532618272199	3112.2838883930626	272591.303633	2.9403249019
63699	59	13566.7131419	5463.09870515	5668.14589506	677.072743015	6076.5485036505	3941.5870135162436	265295.186083	2.94210183961
63802	60	13578.7349679	5019.70090995	5414.94457053	883.785586525	5776.779140722067	3261.089493214074	283488.480302	2.94013230409
63855	61	13605.2978191	4556.42056881	4825.89794599	775.697126807	5278.616970680384	3063.848217650562	277374.521643	2.94270739903
63958	62	13638.5745411	5078.28300522	5433.64203823	1003.58879452	6043.198124618592	3527.35186814472	290431.52648	2.93977727214
64000	64	13649.4322321	5470.39997498	5500.01031284	477.779156208	6069.045263241586	4658.85295711029	295085.777216	2.93890873014
63996	63	13662.8457611	5264.90466171	5456.16308525	538.685164562	5742.905350925344	4085.583711480242	297561.58222	2.93772114196
81856	65	19497.614764	4141.97287034	4047.37792326	516.162749431	5001.076160513236	3534.1105974597117	765300.873725	3.19995120186
81930	66	19502.498477	4367.8005822	4184.48641867	641.5511314	5564.858528002588	3677.590749226653	757063.028461	3.20455183559
83166	70	19528.5650439	4060.20788066	3907.74030476	559.417990623	5090.02771693974	3470.417402814302	767686.563803	3.2093980118
83406	72	19533.2177751	4218.03556218	4113.27125121	496.842037454	5085.289177269313	3647.395649794655	784278.833457	3.207802855
82227	67	19538.609525	4031.03230272	3914.94662312	474.580785839	4935.7061116464365	3523.89649611294	763044.711223	3.20359293511
83873	73	19538.9519	3921.8744259	3814.14633512	459.496276024	4751.176979547798	3410.114712835334	801711.958013	3.20645353723
83179	71	19539.2296271	4109.93010156	3947.3942482	560.669640637	5145.204798777222	3523.696454848887	802984.662184	3.20060083719
82854	69	19549.8493409	4074.46629111	3926.32547128	502.286067355	5010.933852616642	3558.5713713335676	757779.547511	3.20925366349
82425	68	19558.7159109	4255.06569575	4142.83356268	592.068050534	5243.4237444832615	3540.215092442362	784389.964818	3.2006044322
84954	74	19616.466145	3988.06345255	3904.78426194	526.907851707	4826.909569738543	3336.4644152607216	855759.207755	3.20489652886
85574	75	19652.1934421	3968.6566833	3855.59461892	532.003151291	4886.410717136663	3375.9191627447753	873041.088308	3.20372162948
86981	76	19686.480072	4467.53301084	4337.62404019	557.360941845	5486.6683283775565	3852.8978468089845	945382.647588	3.20029268026
87928	79	19692.051198	3953.72398294	3821.39331806	481.958227093	4857.239044875841	3441.043853085767	1001559.32254	3.20381756256
87280	77	19717.220896	3840.30747301	3689.70830863	464.056402424	4720.351916724611	3366.8212695552374	922937.498475	3.20879676782
87486	78	19721.1917419	4319.43825069	4236.2226259	542.862431414	5216.596406272804	3663.276881263925	936442.780704	3.20834179145
88697	80	19771.0733621	4202.15368524	4049.05044663	507.102123682	5147.703862234865	3674.980893989539	1036545.82466	3.2027376646
92717	81	20110.577616	4296.27200074	4136.90269948	606.809456112	5384.757091254076	3619.6529327446906	1305481.65148	3.19312655429
93004	82	20161.821876	4185.89362277	4012.8057513	593.446387784	5238.4331555968965	3551.7534767743914	1290488.83917	3.20104351505
93757	84	20180.0277991	4265.81996652	4147.85009291	554.561729841	5267.43149130809	3648.8435771303502	1353845.90743	3.19697023958
93663	83	20197.1810679	4650.18812038	4544.76315323	649.997888838	5712.724184769474	3849.5538986766883	1407300.25776	3.18936463029
94344	88	20225.799037	4539.10986852	4351.45548381	650.592278484	5735.308001101937	3833.930181383891	1439180.33509	3.19411743401
93866	86	20228.5660901	4251.1644018	4120.70412215	600.875249713	5316.494314904141	3548.9662269039873	1365507.52352	3.19981178419
94047	87	20229.9466281	3814.07355157	3716.10555133	473.499163267	4651.922305529041	3265.8272350819643	1389205.29829	3.19812440179
93818	85	20243.858834	4193.9804399	4059.99647622	541.812561214	5165.752059086257	3587.0057279494513	1343068.289	3.20012066721
95168	89	20347.9663601	4177.00606531	4011.70839985	584.746257034	5247.919698216342	3549.4490687523953	1462485.30726	3.20363526729
95492	91	20367.8510649	4085.17508045	3922.81937345	591.432305231	5165.557653291264	3436.7719949756965	1534557.22569	3.19866918668
95578	92	20384.4306281	4149.64092796	4027.05933054	507.253958881	5081.997418899435	3608.591592249111	1612159.55535	3.19513117178
95480	90	20385.7072041	3834.67670904	3761.66607889	500.687039668	4666.526801186472	3212.280103623929	1533139.11793	3.19942932332
95773	93	20417.9904079	4073.14389347	3963.82957944	518.796791294	4977.349492643472	3468.6823887693718	1618845.99964	3.1988579625
95929	94	20477.308337	4427.97381278	4289.23270529	689.270873293	5608.456703434839	3622.3057475833098	1680019.11379	3.19343328024
95986	95	20511.5811901	3934.43893458	3794.28882105	452.167015464	4813.003258728193	3492.6991396895596	1668527.50224	3.19572223218
96000	96	20538.6250169	3915.04408474	3786.42667609	469.233385698	4787.002279131364	3415.0411595493115	1675516.3107	3.19602331026
109034	97	25954.2092659	3392.28097856	3378.58239115	36.5360666757	3477.8298361631105	3360.0972853770154	3056120.7584	3.26006174552
109113	98	25968.1789989	3578.70058923	3571.50066904	23.2640392445	3633.3386011195894	3558.6544109419715	2975819.093	3.26953518523
110180	103	26000.2797329	3448.56743408	3443.69076667	17.5842814927	3491.6276590209986	3432.850561733572	3109740.41115	3.26653135772
109922	99	26010.117914	3426.61646643	3422.50524391	22.02149146	3468.512058041442	3398.850776817661	2990393.8272	3.27590267905
109963	100	26024.073519	3556.73675774	3548.18308697	22.6533027641	3609.574175393348	3538.217450394468	3063561.61594	3.27226221701
110074	101	26031.0640039	3310.12309293	3305.91046094	20.7616058986	3359.653284284711	3290.3813957961697	3064319.6581	3.27114299508
110157	102	26031.311928	3438.66321737	3431.27820914	18.3335484644	3477.6663324918436	3419.991428410847	3127285.77842	3.26462152798
110414	105	26034.6976171	3407.86006786	3399.26816227	30.0666678924	3476.8329938108072	3383.1188770181416	3258083.10002	3.25769572531
110281	104	26051.504226	3513.13345239	3509.53330979	18.6702657529	3544.2987509502886	3491.784445006113	3046889.62497	3.27383072676
111425	106	26130.6917961	3176.5399938	3160.26188942	43.8591388546	3276.867412215686	3142.515335230338	3333169.87977	3.26817769157
112102	107	26150.1621141	3261.71107954	3250.64987001	28.2812081432	3323.014745536467	3236.741475864743	3404274.32421	3.26984209827
112983	109	26185.352766	3413.37500392	3410.17712734	18.7090761966	3449.9463117872706	3391.7114594840705	3551986.25334	3.26727945869
112947	108	26210.892087	3811.51440808	3802.83759125	17.3320773092	3845.0904696949747	3793.708242521895	3594467.32765	3.25989190133
113432	110	26267.9234259	3362.66374379	3353.61497302	22.6192748179	3402.868410537983	3341.466120935746	3509511.29083	3.27666101413
113582	111	26268.3150651	3480.12433832	3445.97249608	62.1755014176	3609.7400735136325	3435.044658871697	3532949.71726	3.27611417419
114270	112	26330.5287399	3617.51581147	3609.12686034	16.7236044568	3650.627580648372	3600.206696411652	3835328.24016	3.26274022107
122731	113	26789.7824981	3498.13389562	3489.247859	27.2150802302	3561.817815404729	3476.239932714156	5068958.72859	3.24767675824
123973	114	26851.572367	3475.87883429	3470.11105473	21.5590751738	3515.9511507279485	3451.928551062468	5037755.01899	3.26334685767
124392	115	26860.913362	3577.29199494	3575.72820784	17.1850017523	3606.1591613920878	3557.3239501682283	5202697.34977	3.25485471204
124777	116	26910.8493061	3656.59009887	3630.65612869	56.2585365062	3781.523005929942	3613.426899944063	5518013.22784	3.24084074294
125394	119	26928.1265991	3169.40376646	3160.33558189	21.7027972753	3216.780093466561	3149.631532066606	5388754.7377	3.25952562145
125393	118	26945.4238281	3419.74848618	3411.94243051	30.3779034698	3484.6367335638743	3387.8278863305795	5378428.31391	3.25868176997
125365	117	26958.6365771	3732.84028748	3725.51830826	24.9708935089	3783.346659832493	3705.3579551529338	5547405.45887	3.24834254215
125619	120	27034.872098	3468.80925307	3458.06248989	32.2285644996	3541.6198483713943	3441.3220757202766	5457351.66713	3.25712561614
126916	121	27084.1506431	3455.19514476	3448.86467739	20.8173477795	3503.3219574406353	3430.881260664911	5619471.8595	3.26698727698
127180	122	27107.2564759	3357.08144175	3353.8811894	18.7376809662	3387.405042379246	3337.042686278785	5939903.46783	3.25520685596
127352	123	27115.7578461	3569.00503388	3567.19449915	16.3977515348	3598.971020260672	3548.6751475624974	6160899.73345	3.25161432928
127366	124	27134.1439559	3098.10197521	3085.70844289	28.6985797261	3164.9662516064645	3076.7443241580213	5903901.05385	3.26097257665
127534	125	27161.188019	3341.13813252	3328.13583804	32.8864638855	3418.423538910464	3316.4269463330106	6152736.0594	3.25914843829
127839	126	27226.9040229	3481.15544786	3473.06059442	34.5267258103	3559.890854176662	3449.334584719025	6440300.09706	3.24850282362
127964	127	27305.684144	3501.54461645	3494.91134697	29.4687888994	3549.920907989015	3469.8523345777735	6412123.33936	3.25344216559
128000	128	27344.656249	3357.93636772	3356.79429531	14.3221438149	3384.113546183816	3340.783121349763	6377799.14355	3.25946948808
140268	130	32398.306479	3613.08743657	3615.1741992	15.0160152397	3633.4339043685627	3587.8024289092577	9844566.29639	3.24964032118
139901	129	32417.6619439	3408.84438965	3407.44544913	14.113022678	3430.487006514069	3387.943919003983	10118117.1676	3.23540127695
141165	131	32421.9604721	3473.66742178	3476.06258093	8.88894590817	3484.494162584019	3458.384852736677	10178652.3921	3.24749462991
141250	132	32451.0572631	3514.63364756	3514.26281953	23.9759304641	3549.4864392967193	3477.2146610841264	9818035.65665	3.26193726697
141708	135	32473.175005	3352.73681196	3355.37386655	16.2436033049	3372.885117769895	3326.462840729256	10263825.9241	3.25094215666
141640	133	32476.75353	3592.26208245	3592.5819147	13.9025413451	3610.547328099819	3567.3992562779513	10286584.61	3.25302665672
141679	134	32493.9177971	3509.743212	3514.3978014	24.361464472	3542.769750524203	3467.9626199517293	10487720.0006	3.24140020265
141989	137	32512.033812	3575.29091377	3576.83187793	14.8523280478	3594.638358246098	3551.4579075205397	10244145.4887	3.25240518276
143137	138	32621.9110761	3312.45465597	3312.96928313	22.0937385062	3343.1282266732223	3275.4573268587505	11042299.4296	3.25647533657
143407	140	32679.0533781	3504.58140387	3504.07690265	23.0991229759	3534.6077223395014	3466.4507952490158	11316810.2158	3.25194823913
143639	141	32727.0133929	3886.2591992	3887.11615911	16.6679880062	3909.689040103537	3860.803882697372	11720157.8248	3.24064142731
141795	136	32745.387758	3470.18772927	3471.09355072	28.1243777079	3510.2285091459253	3426.3946723410318	10769460.0743	3.23291498806
144027	142	32770.4571571	3448.91334771	3450.12005163	23.2077517368	3482.290781135255	3413.0776635557795	11479844.3111	3.26511566232
144084	143	32783.426115	3441.99441864	3442.43633976	6.92613258898	3452.9665201045027	3432.5189334032757	11655149.1297	3.25910040168
144611	144	32857.7543201	3711.29654082	3715.64872424	26.2962520902	3742.4182548611448	3665.029834108855	12612747.2974	3.23918307268
143168	139	32878.895983	3203.57850443	3206.6830742	23.1950087362	3232.9944122541183	3169.5867229580617	11220544.4987	3.24601095829
153403	145	33483.923847	3570.87403276	3573.9162046	28.5421894453	3608.879531381252	3527.106391499574	15814664.0408	3.21781210089
154749	146	33547.0725479	3556.12083304	3555.33833558	29.5141213683	3598.2261374724435	3508.6123584943607	15604972.9357	3.24166103721
155081	147	33563.9057281	3643.93035545	3646.3258206	23.4069170183	3676.747158295206	3607.6525899650255	16004663.7419	3.2300710305
158741	153	33592.4505789	3661.60944077	3665.03138206	27.9528949137	3695.1749119529873	3616.0546574649384	18678830.4055	3.22558262529
156144	148	33608.770761	3652.60703367	3654.53289839	15.1384144749	3671.674918840119	3628.162413688625	17114739.3321	3.21063040761
156560	149	33652.237721	3203.28673707	3203.71272296	17.9449065633	3227.5858574511785	3175.656182600785	16663940.8655	3.23524581236
156872	150	33659.6025259	3505.04718951	3509.98649781	35.7945781149	3549.3737171335774	3446.68222984058	16533016.8039	3.23854004723
157056	151	33693.7329991	3810.55909625	3813.5882901	24.4458359362	3839.933430377564	3769.9155367873277	17319683.418	3.22110431818
158220	152	33818.249634	3503.18152481	3505.68892701	21.4382246944	3532.2695534048007	3470.3139184963547	17686525.3815	3.23160115877
159045	155	33873.0967081	3445.53283536	3447.81825868	28.1122936033	3482.5720719626934	3401.9610044159	18562775.0244	3.2233559957
158838	154	33879.505007	3502.24924525	3505.3543692	22.2022608115	3527.7974027004825	3468.36813195769	17500460.8961	3.24486915054
159582	158	33910.95714	3540.18562197	3539.96217556	25.9129213202	3574.1966961682497	3497.5693445161332	19738532.0232	3.21782667673
159220	156	33916.8719251	3132.56722779	3133.62175448	21.0987426999	3161.5810637711993	3096.1629922577667	18243178.2428	3.23961566106
159426	157	33943.845022	3369.23879459	3368.77777307	21.2932072557	3398.69305459103	3338.591273106449	19015433.3244	3.23412365507
160000	160	34006.3681271	3410.55543446	3412.24796999	18.0150690381	3434.805742259315	3381.3305775270096	19643708.2827	3.23891697924
159946	159	34148.670995	3593.52236961	3595.02986449	20.8579406669	3621.6974140660086	3559.231711981659	19755097.4365	3.22817242819
170331	161	38880.5541301	3638.63849394	3638.39826582	3.15646731566	3643.761937208269	3632.618416547328	27384937.002	3.18758489973
170852	162	38883.5644701	3442.60050076	3442.78247222	6.60829375268	3451.0518635572416	3432.445649503395	28389884.5822	3.17045928821
171584	164	38895.8567791	3564.82601617	3565.85264053	7.31097151646	3575.344383582265	3553.248305463558	27103999.0482	3.20749936236
171004	163	38908.6050861	3489.79406307	3489.78205589	2.54857878633	3493.628586914766	3484.875680449271	27923492.2705	3.18351617857
172006	165	38935.0489051	3387.04401085	3387.34792622	5.18374274324	3393.3223806340343	3377.2995363363166	28523488.2206	3.18381076035
172382	167	38966.7497911	3554.95188243	3555.35264235	5.81755695973	3562.377168785007	3543.820786232474	29436488.4772	3.17262893714
172095	166	38973.5367651	3619.10103606	3620.04017606	4.29191889369	3624.716532543812	3611.4893962785545	28728096.3395	3.19060566849
172630	168	38993.403847	3603.21027462	3603.12356265	3.89383050692	3609.187119037748	3597.2621547789663	28352270.1128	3.19153746513
174085	169	39138.767144	3358.06912096	3359.27039116	7.01722130808	3367.854987982078	3345.4001864395536	30543088.6866	3.19635975505
174696	170	39173.738565	3545.38056606	3545.54191556	3.7516074978	3551.010447999395	3538.4547601051063	31204776.0568	3.19345058132
175294	171	39277.405937	3919.23008914	3919.32181692	4.43004894641	3925.275147723597	3913.5737653136825	32957334.7241	3.17440919512
175699	174	39340.1250169	3457.68012193	3458.6382027	4.3912058783	3463.4381770020145	3450.809514221784	32415048.2602	3.19801091274
175622	173	39346.5938029	3493.24302704	3494.65506284	5.75428186756	3500.353144163146	3483.3150622063386	31762572.3954	3.20993842792
175540	172	39451.5329921	3532.37356988	3535.20725532	10.0554961959	3543.839426777639	3514.9282347399558	33494651.3147	3.16255725341
175945	175	39461.14308	3756.79344213	3758.33778971	8.42000774994	3766.8361685491736	3741.79729820827	35193414.4962	3.16705949254
176033	176	39581.612184	3250.74653425	3252.00936153	8.08188655239	3262.0066517446785	3237.8005349439404	34022028.5213	3.18511889087
186729	180	40118.443711	3713.40824433	3715.05871406	7.49811753481	3723.093283816623	3700.762032328178	44011704.2118	3.16246930067
184617	177	40127.7479689	3625.3374887	3626.54819022	7.25663137871	3633.801224147232	3613.787131848965	42414553.4661	3.14094770588
186056	178	40168.1619191	3618.97868367	3621.20420057	8.49114167175	3628.3988113040946	3604.099861348875	41289693.6555	3.17939030814
186574	179	40197.6729271	3689.17080236	3689.55063768	6.5672530818	3697.9160554881946	3677.6048996617656	42478789.5098	3.16399642346
187489	181	40252.8641009	3685.07805929	3686.63045825	6.87753556502	3692.635046300565	3674.1915317027383	45025915.2077	3.13770287605
188261	182	40294.642226	3239.94582252	3240.62538183	5.81256154993	3247.296543272993	3229.1640476019743	44368029.8229	3.16339157068
188401	183	40309.0654421	3573.64955437	3575.58189755	10.4218763614	3586.0816731326076	3556.8875496465394	43317656.78	3.1761527251
188830	184	40376.6530781	3860.29825164	3862.99682939	6.62162934462	3868.157250212658	3847.858409330517	45677477.3627	3.15673334529
190507	185	40533.4844341	3541.4559254	3542.28627931	4.89627679614	3547.639768531256	3534.6372932995	47436611.372	3.16333991604
191187	187	40563.071985	3544.00912209	3544.1921625	6.61523215621	3553.8298999596987	3533.0144094935754	46274477.0795	3.18544381128
191120	186	40581.120065	3501.98669069	3503.15027292	8.47712598222	3513.078218304268	3489.0963075919885	48848838.2747	3.15356973321
191717	191	40589.8424451	3444.72434502	3445.04889636	5.09352162617	3451.3065642609713	3436.107375181995	49180026.9733	3.18030780324
191488	189	40604.1110899	3181.65752634	3183.37400715	9.63406878188	3193.7650893672426	3165.246020637242	48390566.5939	3.17295657639
191452	188	40612.4785111	3597.90395223	3599.90572259	11.0495655254	3613.941879699108	3579.4631437655034	50470447.0844	3.14881698971
191601	190	40640.368351	3417.07011271	3418.0314702	5.09467451522	3423.6188798780972	3408.4161723627135	49756217.807	3.16813885244
192000	192	40916.7370059	3634.08467235	3635.55230495	5.56246062416	3642.4069537410674	3625.450686434141	51386617.0318	3.16478491148
201406	194	45381.919847	3453.36650523	3453.40784635	1.53487044567	3455.382531445608	3450.6131096593062	68640492.2498	3.08340571094
201393	193	45382.017549	3643.12458522	3643.09896785	1.57484004752	3645.6671241781523	3640.9688716732435	67500718.0578	3.100134294
201717	195	45407.7939839	3578.25814293	3577.99724873	1.43507430568	3580.610275337232	3576.3161889597086	65429240.3503	3.12486893452
201941	196	45427.5581841	3490.96442384	3491.3022231	1.6460517586	3493.425647541554	3487.7440818897085	68536913.6196	3.08856350084
202380	197	45455.2913511	3395.18030648	3395.66081021	1.59775639136	3397.1060385849405	3391.649208703592	69314118.003	3.09013469044
202997	199	45489.799351	3623.33624406	3623.364356	1.30966041744	3625.3600835684015	3621.248368949715	70352952.8423	3.09692721086
202940	198	45495.963671	3567.38539768	3567.011359	1.4037277164	3569.5072248381107	3565.247413676094	71582036.2283	3.07161160911
203299	200	45511.406208	3610.17634137	3610.06873037	1.55801064627	3612.893175401401	3608.3463098721436	68471723.7999	3.10433485617
205697	202	45705.2805099	3555.33703539	3555.69617443	2.05451814931	3559.666319948534	3552.4865131822644	74423340.7131	3.10695832729
205308	201	45705.64784	3369.20866567	3369.141536	1.65126077752	3372.2461541438824	3366.5527493749173	73753876.2713	3.11069075286
206753	203	45868.265378	3928.40881225	3928.94165431	1.68900771577	3930.581996765146	3925.0973064499776	79625525.4486	3.07940663396
207263	204	45893.154705	3463.04111411	3463.2946625	1.42586875888	3465.460868408652	3460.578425748763	77830066.9642	3.10780297453
207305	205	45917.0877659	3503.19895007	3503.26723112	1.41803905662	3505.234637603741	3500.838777564267	76344274.6816	3.12973760197
207832	207	46059.5342121	3769.08028297	3769.32895358	1.91688965764	3772.6686140278057	3764.9346416787275	84631459.7534	3.07065503815
207739	206	46157.843477	3550.0157705	3550.14145578	2.52891642499	3554.484376758058	3545.18263610377	83468328.9189	3.06932420394
208229	208	46241.6874011	3264.71848161	3264.71455833	1.32167137266	3266.866995065218	3263.080481315832	83230639.2296	3.09744106637
216257	210	46670.5922019	3726.46459283	3726.59254486	1.16925548439	3728.223247694788	3724.183791420887	97711183.0934	3.06847974551
216229	209	46789.8974011	3636.83749002	3637.63214396	3.43952247783	3641.221267516076	3629.719583883642	99050207.7395	3.03839002142
217135	211	46829.630337	3632.67657154	3633.0372017	2.29740450715	3635.5201870855235	3629.569642272579	94847143.0505	3.09239740188
217691	212	46866.0780411	3699.66773337	3699.81485165	1.6054508548	3702.232383553026	3697.2345000547766	98561418.6257	3.06659056131
218661	213	46919.7455781	3698.52282057	3698.51216887	1.60326283479	3700.916065951672	3694.719202057704	103340750.519	3.03705650415
219416	214	46972.4694819	3250.69306717	3250.66242194	1.62175479029	3252.5427351344993	3247.1110270181907	101880386.071	3.06519531978
219631	215	47007.337841	3592.99494179	3593.23613159	3.3500852938	3598.329352524171	3587.0663907090293	99165664.1218	3.08535034073
220694	216	47083.81989	3869.1525544	3868.6620607	1.48636034813	3871.404199366322	3867.0505371164645	104821358.234	3.06964786569
223258	219	47147.3617671	3455.58882651	3455.02967039	1.74533495096	3458.764029140694	3452.6643337774035	109047943.299	3.09199252905
223075	218	47310.5588	3554.75821973	3554.84184843	1.26040449711	3556.9194475705126	3553.1414398817915	107026112.34	3.09015431952
223270	220	47313.9986861	3518.27645602	3518.37970968	2.7572942108	3522.62376195302	3513.7961267521014	112166287.984	3.06160416473
222783	217	47316.3887701	3550.12687978	3550.08585781	1.51871695093	3551.9680701087923	3548.091065370022	110220130.949	3.06623454701
223454	222	47356.4782929	3617.04590243	3617.04811311	2.64122617288	3620.0824740116345	3612.929372047102	116008401.001	3.04595891438
223426	221	47373.82161	3199.23340924	3198.55115359	2.75384779556	3202.7914793405675	3195.8220317722316	110510282.7	3.07689673287
223540	223	47417.206589	3429.22925399	3430.00235417	2.83539270749	3433.6554607459575	3423.7620173001596	113334747.809	3.07571011644
224000	224	47724.7731709	3644.20105817	3644.1941879	1.39008564454	3646.6706403223084	3641.845690260806	117267746.054	3.07137951675
232584	226	51823.182951	3456.18819262	3456.59096471	1.932296122	3458.2420345362034	3452.262725325223	150967794.753	2.96449823952
232554	225	51844.995322	3641.32286081	3640.94402463	1.34354173596	3643.2050601926867	3639.675189066131	148107177.776	2.98866779586
233031	227	51880.044914	3580.34484958	3580.33358939	1.58915792866	3582.616129508976	3577.9354510365447	143154792.376	3.01896300502
233765	229	51881.216913	3397.06430043	3396.87332921	1.07227885874	3398.9279657274237	3395.7711308655016	151715401.676	2.97248046813
233398	228	51883.146735	3489.51058629	3489.00237864	1.20103548993	3492.0925678882204	3488.122302414566	151054361.638	2.96989086849
234262	230	51943.7582381	3624.59528152	3624.76134854	1.14542879418	3625.92447778606	3623.0607223047587	155003562.831	2.97254393366
234359	231	51954.488734	3568.14758418	3567.85642026	1.0698455106	3570.4299002045846	3566.9455539930473	157976802.311	2.9420392857
234523	232	51978.806339	3610.65160435	3610.82897864	1.14463672784	3612.833976870445	3609.1677023964503	149865571.733	2.98866628755
236688	233	52172.256819	3557.35389676	3557.2352604	1.50197128657	3559.979126544895	3555.600232395506	160149304.121	2.99765670485
236906	234	52212.1048141	3370.22228202	3370.0674223	0.572954654231	3371.274288363038	3369.521549103115	160733285.16	3.00582046717
238443	235	52374.917527	3929.35659851	3929.38236208	1.59839295231	3932.4948722694116	3927.2613119907737	173399572.639	2.95743609368
238653	236	52405.479564	3463.51332661	3463.3137917	1.17047945447	3465.119783954941	3461.5775318472147	167797509.577	2.98956704965
238809	237	52468.375669	3505.56831985	3505.20730753	0.90404416546	3506.660727929727	3504.4346462409817	165578944.49	3.01890717167
239527	238	52601.5813611	3772.12143526	3772.11628991	1.45805596326	3774.150003801746	3769.300004180762	182483490.62	2.94511714219
240395	240	52712.7948651	3268.37089643	3268.47064824	1.02714985831	3269.860484623739	3266.3415831486814	181183764.251	2.98342448106
240063	239	52902.330559	3552.74317136	3552.54461224	1.80596750078	3555.6049588633714	3550.1114212898483	183173114.476	2.95034134618
245444	241	53425.351615	3728.9414632	3729.19577353	1.60265202715	3730.8792999424036	3726.0030205647085	201836206.611	2.9447566222
247731	242	53509.812103	3639.01810202	3638.74933961	0.966432269839	3640.2166259373107	3637.839587367583	210888648.415	2.90391900069
248452	243	53553.759208	3635.40693622	3636.51638201	2.40422770239	3638.3698144031596	3631.4765006215757	199567391.202	2.97927209282
249132	244	53589.7236681	3701.76723325	3701.56717861	1.27859255566	3704.9829482517266	3700.4870227272954	208412364.083	2.94134793965
250052	245	53647.3721809	3701.02237165	3701.00529215	1.21722104863	3702.5027303160277	3698.6912149135137	216569626.962	2.9090652869
250942	246	53686.152211	3253.21909447	3253.49669253	1.42255981264	3254.826661499167	3250.2577241733215	214279178.986	2.94139137771
252946	249	53753.7623441	3458.16123654	3457.96000603	1.49410429155	3461.428846322893	3455.7321881352627	217793536.74	2.97764522947
251413	247	53762.6898711	3597.6305495	3597.79940776	1.56937404473	3600.5191382320913	3595.389943313456	208510576.474	2.97030945034
252385	248	53826.513694	3871.05761666	3871.37506802	1.26677687785	3872.6551731630634	3868.5526100593897	220540334.191	2.94462113383
255000	250	54095.101368	3557.0207843	3556.90640211	1.85671586001	3559.9481434768322	3554.510808352461	224735357.006	2.9716581805
255026	251	54098.1381121	3520.60838517	3520.72726107	1.55277236927	3522.5830123156948	3517.8378519000753	233452626.825	2.94405125041
255032	252	54105.0341811	3550.86469383	3550.8717252	1.28300575667	3552.9028996110997	3548.8381389535853	232853262.812	2.94514634969
255274	253	54170.398627	3620.462592	3620.17467031	1.73576918025	3623.1347173007593	3617.7388370946705	243213260.302	2.91581979817
255370	254	54187.1112599	3203.90815853	3203.55897501	1.6641469788	3206.903048548641	3201.3438990322825	231643299.243	2.95666521331
255505	255	54215.2654879	3433.26172356	3433.03092787	1.86433090779	3436.497440652306	3431.3229756624814	236520472.842	2.95899949552
256000	256	54570.1822591	3646.14872966	3646.17418728	1.26327725902	3648.0810055794427	3644.2376315793013	243001217.9	2.95072525298
263805	257	58264.5934141	3456.30471666	3456.41975807	1.45423048159	3459.0538128370567	3453.344465626537	304294009.534	2.8239512416
264193	258	58282.9282031	3641.58585481	3641.97468356	1.07886378049	3642.7812371574396	3639.266491126656	300894517.656	2.84844598394
264871	260	58319.6646421	3398.14548537	3398.50865192	0.979458857207	3399.202931393653	3396.7099293060724	303796370.186	2.83134985736
264894	261	58322.87392	3488.90982805	3488.74053831	1.42970699667	3491.010445327399	3487.00660382958	305032149.79	2.82931135263
264860	259	58348.27338	3581.19007614	3581.32643021	1.34534997443	3583.1365137772177	3578.685617515246	290611588.435	2.88824725129
265728	262	58371.4488111	3624.61086473	3625.0523848	1.596446233	3626.620519516307	3622.080121694508	313215407.592	2.8245491448
265829	263	58406.382653	3568.88074159	3568.89579223	1.06526832105	3571.2591665149307	3567.391684805131	319719515.148	2.79030172517
266091	264	58450.103128	3610.66056401	3610.93286908	1.89621315986	3613.284710068796	3606.673678393162	303004429.352	2.84745064347
268035	265	58614.63445	3558.97999711	3558.83595168	1.15894975514	3561.516003349207	3557.3860919694566	318733507.19	2.86566106329
268505	266	58675.117945	3371.28917354	3371.67348487	1.00792554696	3372.573734803029	3369.6779483229143	320618510.223	2.88125143431
270012	267	58877.346735	3930.83108689	3930.98820153	1.66645094772	3933.8302808704534	3928.1259616509997	346116541.187	2.81277028264
270260	268	58902.807966	3464.3480173	3464.12799411	1.25830709402	3467.488647872442	3462.884474395335	332545486.777	2.85318777959
271334	270	59115.530329	3772.31200705	3772.36245521	1.46508369248	3774.357049273406	3769.190171827375	360345255.374	2.80128490261
271658	271	59139.5082221	3268.68629404	3268.66576359	0.949391691007	3269.833686087324	3266.9035141650415	356194578.111	2.84651599644
270623	269	59192.8976011	3507.13536865	3507.81578764	1.81551421045	3510.0220347970517	3504.2988314503386	329502484.052	2.88695020052
272186	272	59655.39747	3553.51180395	3554.07581875	1.50403384315	3554.9104252644233	3550.623528030656	366845972.144	2.8102723436
277987	273	60176.2761781	3729.38343722	3729.05951449	1.66004306118	3733.2881354810875	3727.3477464721645	395718688.123	2.79479039853
279224	274	60198.8537681	3639.02336243	3639.10470882	1.10397377099	3640.3174618035414	3637.136725831038	410872641.067	2.75149177587
283872	281	60280.546715	3871.69801034	3871.54691218	1.46903611322	3874.255544785507	3869.1189770262877	426079605.247	2.79638865671
279842	275	60309.680073	3635.80471407	3635.79441488	1.38607985262	3638.5010962172532	3633.556009920195	387703305.997	2.84630372322
283038	279	60320.4830861	3458.07016532	3457.95446499	0.793224337067	3459.4938026552054	3456.679097736975	408009255.517	2.83874592324
280507	276	60327.6065681	3701.99755172	3702.00082452	1.26601771499	3703.734256396624	3699.80738210699	407443549.487	2.79164828484
281466	277	60387.8123431	3701.01540216	3700.48364232	1.30390669835	3702.9719288653323	3699.318076746471	419819308.362	2.76136287937
282044	278	60422.187428	3253.36073523	3253.3146943	1.43671697153	3255.4308644104203	3251.109282669413	413826325.007	2.80048523008
283142	280	60507.085788	3598.18403072	3598.46347723	0.901779988618	3599.361614350098	3596.330210516674	405027774.652	2.83414723795
286723	282	60869.064414	3556.57815278	3556.59086507	1.19697975649	3559.0241436268802	3554.5320782745603	434573714.513	2.82719657681
286806	284	60881.128845	3552.09166826	3551.85765142	1.17368897397	3554.5356739549184	3550.5838770136684	447389427.705	2.80509473987
286768	283	60888.6793799	3522.46446669	3522.14822549	1.18034722279	3525.0357758191194	3521.224660579841	448581559.212	2.80273986668
287243	285	60959.6120441	3620.54085891	3619.86848852	1.58518823654	3623.132666788818	3618.9394017515538	467748659.445	2.77219097555
287321	286	60968.920963	3204.88243268	3205.22190023	1.10546728381	3206.859918461486	3202.781850074449	447630443.198	2.81359664129
287421	287	60991.849473	3432.97242285	3432.94945338	1.22307310307	3435.258056805076	3431.004229470373	452474639.147	2.82722822812
288000	288	61403.371367	3646.66426979	3646.81578207	1.47652223807	3648.821253382504	3644.522928811285	464255867.79	2.81181345536
295676	289	64713.6520851	3456.76821864	3456.71994318	1.13317191253	3458.86165241023	3455.1266247851913	570801064.143	2.66460364804
295889	290	64717.771513	3640.29083827	3640.19828445	1.12836245869	3642.080260718343	3638.7891222850903	565101265.494	2.69075191523
296463	292	64764.588269	3489.94990256	3490.4022179	1.25388100557	3491.8038313901347	3488.096441192688	570654043.348	2.67271470993
296387	291	64769.9938149	3398.13477477	3398.11132913	1.30127780636	3399.8769150637013	3396.167039198761	568124199.844	2.67496489736
296839	293	64805.3405361	3580.86032168	3580.96742769	2.06826785879	3584.7926177035724	3578.1539532954084	546843982.704	2.74335480657
297083	294	64863.2565491	3625.45868411	3625.64093581	1.53385056515	3627.359280013714	3622.4401285929125	584013862.484	2.66276416724
297502	295	64888.629874	3569.24023552	3569.2547238	1.52071195806	3571.9321374559836	3566.251315739364	598937273.506	2.62508848355
297826	296	64923.189748	3610.69812666	3610.83108988	0.907424370293	3611.9768715493333	3609.1076172264284	570238278.824	2.69103844049
299224	297	65072.4107699	3558.96976136	3559.38168999	1.58290721767	3561.757987898668	3556.5306736566963	588885550.076	2.71621616704
299900	298	65154.757091	3371.69998851	3371.58730618	1.42175058449	3373.7566191415995	3369.9390024829104	595376531.701	2.7340027197
301781	300	65418.4685531	3463.78563612	3463.82427652	1.19291686387	3465.4227637592603	3461.835648218849	614696633.496	2.69539821855
301628	299	65420.903296	3931.55498955	3931.93510227	1.6681838078	3933.489702914749	3928.072218248227	640408759.784	2.65342984152
302988	302	65616.080977	3268.26914448	3268.29074636	1.57652272338	3271.417663791249	3265.396840386639	648277383.108	2.68845010589
302918	301	65696.0060899	3773.10576754	3772.82108502	1.1639725748	3775.451082177286	3771.728539561475	660144399.554	2.64521759018
303259	303	65911.2662251	3509.04241313	3509.07714877	1.39242074557	3511.2049331087514	3506.3789927357147	618961357.871	2.73290184373
304314	304	66321.6643469	3554.41398426	3554.29745472	1.55781169759	3556.4311379659202	3552.1218866826252	675838058.138	2.65683990608
311189	306	66825.509496	3639.14972065	3639.58019281	1.533204437	3641.9440640936245	3637.368052676357	748671338.321	2.5832250838
311982	307	66826.7654521	3872.2828129	3872.47382794	1.72087078252	3875.4731845851115	3870.260633643832	742432812.322	2.63164413311
310894	305	66857.983093	3728.66626993	3729.11684391	1.31378087234	3730.7724796546854	3726.4687947157827	726544297.239	2.62667796319
312684	309	66952.8658571	3458.9706103	3459.08436702	1.09872693227	3460.4662026907395	3456.9910144417386	719366844.089	2.68613553738
312541	308	66981.8812711	3636.59938859	3636.46183011	1.49031187477	3638.9621234292013	3634.270296271495	712574685.867	2.69669694315
312791	310	66996.980056	3701.982761	3702.2753577	1.2647519586	3703.810851596355	3699.301073500302	744109330.655	2.63061690731
313483	311	67039.9617319	3700.59881344	3700.36510524	1.71999769583	3704.0776937231653	3698.541376693135	766363736.204	2.59608011255
313924	312	67113.121439	3253.93463387	3254.01160009	1.26031194876	3256.484603697165	3252.1000839457015	750637693.269	2.64975224234
314861	313	67162.267055	3599.64554587	3600.02934107	1.17714766845	3600.8494572013446	3597.2293214902584	739602843.667	2.68295925976
318570	314	67579.548671	3557.89364011	3557.82974913	1.76899453082	3561.354194314866	3555.596129314693	784581412.556	2.66590642201
318749	316	67582.90784	3522.88965046	3522.98034173	1.87710117916	3525.4527500834342	3520.449320981706	808637695.072	2.64066607126
318712	315	67600.604702	3551.50521903	3551.87975304	1.78002530382	3554.1031488805074	3547.561739891938	807034899.124	2.64322838483
319234	317	67655.246978	3620.25476462	3620.52572705	1.54973875759	3622.10822952333	3618.031503177739	840141068.184	2.61544855935
319259	318	67670.5399461	3204.99816614	3205.01875746	0.779350705871	3206.1378340316287	3203.50264200682	804928677.753	2.65869191389
319330	319	67695.4301469	3433.53717622	3433.66183629	1.39688601376	3436.054329878075	3431.0498727463687	808154235.594	2.67759746142
320000	320	68156.330404	3647.63603062	3647.51826841	1.50811157868	3650.0611783268855	3644.7184724972994	831408262.788	2.6569204312
327447	321	71255.940923	3457.06680512	3456.92711345	1.13232913092	3458.828059574422	3455.172451205253	1004776265.0	2.49576378347
327533	322	71272.9911599	3641.78968256	3642.21236364	1.12929940285	3642.6724752571054	3639.2203507531935	994423788.439	2.52282636932
328177	324	71321.3685541	3398.08901486	3398.25383566	0.905339178494	3399.134492488102	3396.6591319368367	998830780.148	2.50504646884
328157	323	71332.1190569	3489.89077847	3490.10651767	1.11060018054	3492.057119622175	3488.3282376572884	1000913335.34	2.51087803822
328574	325	71357.9901481	3581.94460561	3582.10628073	1.8573581826	3584.722654885773	3579.2504139494577	962753383.077	2.58642019984
329198	326	71439.0203781	3625.05751024	3625.14673274	1.02386107726	3627.0518605555203	3623.6232767704473	1030219882.23	2.49309391529
329428	327	71448.2176809	3569.4144621	3569.59744963	0.813885509795	3570.219678282214	3567.6367290431726	1051976855.59	2.45235284057
329710	328	71492.2436299	3610.86136096	3610.4734675	1.19268270737	3612.8634485106018	3609.55061029673	1003555754.91	2.52711577883
330785	329	71637.4090819	3560.09563748	3559.98141103	0.991131843179	3562.2570112774624	3558.6815292431816	1023043533.69	2.56247334499
331474	330	71738.448503	3372.5881792	3372.49985221	1.20305796796	3374.55849332792	3370.517550004477	1038676550.4	2.57617052494
333472	332	72051.7100921	3463.93348107	3464.14938166	1.29645152293	3465.8084272157676	3461.606994704488	1070658628.48	2.52727570061
333434	331	72073.7785461	3932.35342051	3932.52192239	1.68536875071	3935.0942622933267	3929.738087409537	1116514945.18	2.48412616513
334378	333	72169.6180639	3269.41461378	3269.48791828	1.22877363554	3271.2665148951346	3267.3514016755184	1113029095.15	2.52208402034
334647	334	72339.448209	3774.18666831	3774.39098615	1.58827569029	3776.559511515276	3771.740900352938	1143270023.43	2.48218774044
335328	335	72526.6729441	3509.25198935	3508.98100818	1.33924739123	3511.343969201514	3507.472320271744	1082228855.12	2.57079156138
336475	336	72952.386147	3554.35106946	3554.33721764	0.609405907935	3555.5709242093117	3553.5831080981457	1167258182.57	2.49276857864
342768	337	73400.0306261	3639.3872427	3639.91315041	1.75811088078	3642.00205836106	3636.2591393793073	1280433526.64	2.41329537561
342828	338	73403.551904	3871.01321403	3871.67705173	1.75801040134	3872.837954837172	3867.8413913000277	1247030707.92	2.46521063332
343257	339	73453.1116691	3729.55903598	3729.69771809	1.51465987256	3731.8326736008007	3726.860114851125	1250414736.34	2.45511420328
344398	341	73575.8737001	3636.74628646	3636.17868367	1.21984191141	3639.4243969258387	3635.471645201678	1224825377.8	2.54006269065
344162	340	73607.601716	3458.899171	3459.0509635	0.951273032423	3460.2272398700316	3456.908560836412	1223890289.21	2.5248684754
344592	342	73624.670095	3703.42106282	3703.30472056	0.758911696838	3704.5090590696077	3702.281488882011	1274913727.58	2.46440448304
345009	343	73627.8562121	3701.05764152	3701.02019856	1.06474774708	3702.690998830798	3699.3669905902593	1309393872.65	2.43305633606
345785	344	73726.753932	3252.74934881	3252.49082398	1.12965124142	3254.2976842424737	3251.2178689927664	1284942391.55	2.49013865067
346399	345	73781.797085	3599.383284	3599.51181302	1.67630724238	3601.76810659278	3596.2474829027706	1262774747.68	2.52287990325
350599	347	74242.518971	3523.47442454	3523.31772382	1.55089318297	3525.516637374918	3520.8411221942715	1366379648.44	2.47687136915
350546	346	74249.842643	3558.61801017	3558.57871724	1.15148382819	3560.447202093715	3556.3630398170612	1336727746.29	2.49439052869
350751	348	74257.3465881	3552.38387856	3552.53628482	1.47839528178	3554.4192706701383	3549.3011110633274	1373342693.44	2.4700236563
351100	349	74331.9518299	3622.26859322	3622.02417068	1.10580904293	3624.0793556839794	3620.524953799233	1420628432.02	2.45042409736
351168	350	74339.4039459	3205.24315728	3204.95651	1.07213003685	3206.912544882516	3203.889583235482	1361073999.33	2.49640252602
351246	351	74353.4347901	3434.11347164	3433.87516191	1.30444607295	3436.4806582823458	3432.5203407569516	1361878169.82	2.51855498387
352000	352	74864.4968929	3648.42563281	3647.90032667	1.38973684291	3651.029308031991	3646.3115514959277	1404348966.68	2.49460814935
359169	353	77740.449203	3457.63116157	3457.72061861	0.552601297799	3458.5148898309094	3456.858287718943	1668595154.08	2.32920143064
359401	354	77751.4333751	3642.31768874	3642.44511942	0.581200468644	3643.16937907329	3641.374375120697	1652071292.86	2.36183543506
360029	355	77797.1686571	3399.06936291	3399.18401925	1.27807338575	3401.6496866480616	3396.9518755582635	1659582546.91	2.33843767265
360438	357	77812.778616	3582.15947542	3583.14811654	1.98447044257	3584.4193482787455	3578.5083970934506	1598849450.78	2.43062169277
360270	356	77840.4878571	3490.36625191	3489.98985521	1.45259401815	3492.7760363266757	3487.7666846380594	1665142486.36	2.35145924913
361139	359	77893.8015561	3569.69066559	3569.96538691	1.16284722424	3571.0188271946536	3567.720162675675	1741487630.56	2.2925953001
361073	358	77910.0366089	3625.68929137	3625.28502397	0.909272576479	3626.998597066516	3624.754466862867	1712110650.92	2.337263232
361485	360	77971.6247761	3610.90360485	3611.03258478	1.01124640558	3612.252834824927	3609.189525868553	1666005094.93	2.36325323948
362530	361	78065.9042141	3559.96270459	3559.99976129	1.2623354803	3561.8292909095694	3557.945630815128	1685517568.24	2.40377337762
363233	362	78216.3831179	3372.62400132	3372.54307193	1.15418505576	3374.2608940668947	3371.1990649531085	1714677104.01	2.41975595958
365536	363	78571.9988799	3464.57629536	3464.21216152	1.18038849733	3466.230156404037	3462.9881816380166	1764412059.35	2.36152044028
365706	364	78633.4518921	3933.25028048	3933.06885824	1.28193846531	3934.9041298987436	3930.9723661691314	1843201704.36	2.32222553543
366129	365	78743.4661131	3269.5477568	3269.54188794	1.15042382019	3271.5339918765076	3268.0831756463635	1816163211.34	2.3610300514
366680	366	78896.479507	3774.46841788	3774.405283	1.6512337508	3777.8609346781363	3771.741123218296	1878571592.43	2.32705153653
367305	367	79121.40029	3509.62088148	3509.43628228	1.78347897296	3513.6377989397565	3507.5373052986324	1782365345.72	2.40744861392
368807	368	79538.5224941	3554.63885804	3554.59553454	0.947844860796	3556.0724983538103	3553.280949539642	1912583734.21	2.33677934206
374194	369	79875.2582331	3872.03886378	3871.36636727	1.86101079517	3875.873516764675	3869.1642546682083	2012981039.19	2.30625137248
374481	370	79903.046813	3640.54319195	3640.62451897	1.1346830739	3642.0678969945848	3638.953277737106	2077233300.18	2.25083671652
374788	371	79932.531472	3729.63797997	3729.40836972	0.719799180149	3730.9203896763074	3728.811982646288	2029579582.02	2.29345886224
376241	372	80047.846734	3636.22432961	3636.25457924	1.50346196328	3638.3846864274133	3633.1834621662797	1991568061.18	2.38621659048
376601	375	80119.1126311	3701.21687696	3701.04252058	0.944370238069	3703.1034025289273	3699.8668028447155	2118805035.92	2.27865755668
376580	374	80141.866982	3703.41915959	3703.32587502	1.73246871656	3706.8062469968017	3701.418468191805	2072477723.21	2.30534319191
376314	373	80206.4174349	3459.08152244	3458.80478748	1.23696113954	3461.3420419808235	3457.222334990996	1996871569.4	2.36255981905
377358	376	80300.9368501	3253.0174813	3253.02461345	1.46953902776	3255.765016556505	3250.485559740984	2082673230.26	2.33123289128
377970	377	80304.2803149	3599.71644621	3599.8745792	1.67427596678	3601.7872021904222	3595.7586144007273	2043929244.47	2.36191870479
382453	378	80769.612107	3523.74756521	3523.93096038	1.43460173725	3526.154399749703	3521.1956714123053	2198700147.6	2.31258315164
382509	379	80800.5020909	3558.88906941	3558.76685212	1.92614007943	3562.27070925075	3555.7764317612555	2160974336.47	2.32636967976
382622	380	80820.054112	3552.94654648	3552.51369346	1.37982722234	3555.6663479591966	3551.080750649198	2213700382.76	2.30128759558
383086	382	80871.3875051	3205.81781418	3206.07228888	1.28398217801	3207.8505082408124	3203.9849109535844	2188644906.12	2.3349597344
383153	383	80879.6715431	3434.44844641	3434.86403042	1.33257733164	3436.433383681032	3432.428342713758	2181241669.9	2.36529456477
383084	381	80893.612741	3622.83024741	3623.03330866	1.42448356448	3624.363413784781	3619.5175688170207	2283237382.22	2.2918265067
384000	384	81473.944288	3648.69118047	3648.38828842	1.08631047959	3650.8842422256384	3647.6281043396652	2257412006.51	2.32817191705
391417	385	84304.613641	3457.222427	3457.35104491	0.763337369974	3458.1866264917962	3455.8579026390125	2642759616.64	2.17031116999
391555	386	84313.1588919	3641.8902103	3642.00192677	1.70035528857	3644.4846274078063	3638.4939768470226	2614230648.06	2.21370014425
392127	387	84331.5247531	3399.43270679	3399.41275892	1.12511810315	3400.845060093871	3397.62398448605	2629697292.81	2.18544705161
392301	388	84347.860261	3582.8296648	3582.83913437	1.94633050542	3585.2723707631094	3579.156513956139	2528285881.97	2.28703388658
392637	389	84415.5079911	3490.75269832	3490.52667569	1.12398297923	3492.7745986556947	3489.5274332008494	2642845062.94	2.20403750125
393044	390	84421.368156	3570.13756419	3569.95163002	1.03725662692	3571.485951646028	3568.71264414429	2743085288.3	2.14968996482
393147	391	84464.781595	3625.90886624	3625.96493706	0.936494720758	3627.736707716967	3624.679184817611	2704647552.51	2.18680162318
393436	392	84476.273807	3611.66350005	3611.65059874	1.3128521626	3613.6550088010563	3610.028769117752	2640805233.74	2.20629147936
393938	393	84577.318357	3559.80799504	3559.31039381	1.57146165845	3562.5820641075347	3557.9696073604023	2650214405.15	2.24663585364
394851	394	84743.560941	3373.52548737	3373.44558353	1.40345257264	3376.3099010768215	3371.3561256034363	2698165438.77	2.26908872389
397199	395	85153.9842739	3464.44052463	3464.62098717	0.944132799911	3465.565211456856	3462.5818265838598	2766944402.96	2.21396975771
398082	397	85212.4251921	3270.1694671	3270.51361051	1.32909071657	3271.642869959106	3267.9621709651533	2849092564.67	2.21130140643
397618	396	85256.7247961	3933.56210042	3933.44350652	0.990483826554	3935.06780299461	3932.1796606600656	2891715259.57	2.17478010705
398662	398	85506.9816501	3774.80283875	3775.34621392	1.75099224211	3777.2749540946816	3772.1295222472845	2942886360.56	2.1792612991
399296	399	85618.9378331	3509.71202912	3508.9479412	1.95547295641	3512.9501279306096	3507.8777199919787	2796291968.12	2.25650807411
401360	400	86059.5251281	3554.88330334	3554.87331731	1.02247529033	3556.2278779732083	3553.2521679019633	2992831436.62	2.19727254148
406084	402	86334.177985	3639.66864883	3639.45964911	0.962102617518	3641.3696835452442	3638.2258156570942	3219826573.14	2.10601879159
