steps	episodes	elapsed	mean	median	stdev	max	min	average_value	average_entropy
31278	11	3148.24990296	1995.05073217	1995.65951336	4.03073715343	1999.223090052972	1986.9221582097325	nan	nan
30818	2	3157.31075215	1995.67753738	1996.61507447	3.97384841719	2000.0878785694786	1988.3948175308303	nan	nan
30891	4	3160.23909712	1995.03494126	1995.4393222	3.9012135353	1999.3803859990435	1987.8403283499883	nan	nan
31190	10	3162.54768705	1995.07849933	1996.17240897	4.47309767939	1999.6618989640394	1986.2350936991245	nan	nan
31042	6	3162.75094414	1994.37096039	1995.29210349	3.68853098127	1998.908352620974	1987.7887710630646	nan	nan
31095	7	3164.06875706	1995.22388147	1996.14452882	4.43441301994	1999.7214239234202	1986.3157316162271	nan	nan
31836	19	3164.50199795	1995.08685881	1996.27557157	4.07247347029	2000.1160353340774	1986.9149401112602	nan	nan
30837	3	3167.54317713	1995.32892945	1995.58008371	3.98096967807	1999.7109099032493	1987.9143018535528	nan	nan
30893	5	3169.53806305	1995.21612618	1996.43279436	3.77059483084	2000.1473282302384	1988.4553727736086	nan	nan
30782	1	3171.19030905	1995.12530905	1995.59814656	4.20409401802	2000.2880987790554	1987.804444123144	nan	nan
31111	8	3171.98544598	1994.99322506	1996.00097897	4.04115377531	2000.407807275449	1988.28535480636	nan	nan
31511	15	3172.52431607	1994.6744599	1995.90885859	3.80375269378	1999.601878579038	1987.406788142101	nan	nan
31863	20	3172.73293304	1995.1835478	1995.93225674	3.81239156464	1999.8814775790208	1987.302741730955	nan	nan
31125	9	3174.62078714	1994.95983922	1995.86756825	4.05533282546	1999.028082501112	1986.3432251840595	nan	nan
31896	22	3178.79709411	1994.90012418	1996.60238727	3.96035771054	1999.1977667621773	1988.1470535993487	nan	nan
31890	21	3178.88489103	1994.77599944	1996.85745506	4.42360868452	1998.546862720081	1985.999728886893	nan	nan
31933	25	3180.33147597	1995.5018297	1995.98234418	4.85338943439	2000.8543123785905	1986.8614487907817	nan	nan
31939	27	3184.14651203	1994.89225043	1996.35847665	4.46473864075	1999.5225560487456	1985.2243018878075	nan	nan
31778	18	3189.62459207	1995.29047752	1996.045913	3.68979628787	1999.2509813189868	1988.5960771133573	nan	nan
31465	13	3194.93205309	1995.00359519	1995.92289724	4.614881846	2001.2748177558033	1986.3910428854922	nan	nan
31372	12	3195.51884508	1995.85506302	1995.73152806	4.0303407787	2001.8719169861934	1988.8310775604434	nan	nan
31938	26	3197.61621499	1995.35817354	1995.74309411	4.41339334292	1999.8643968058377	1987.6713247375055	nan	nan
31948	28	3198.24437308	1995.13949255	1996.30423459	4.59331591844	1999.563769168077	1986.5201197297877	nan	nan
31757	17	3198.26223516	1994.97996694	1995.52511316	3.99680687765	1999.343289999356	1987.869077857754	nan	nan
31501	14	3199.91255212	1995.06607936	1995.66171713	3.93662535648	2000.1843184483535	1987.666410942412	nan	nan
31924	24	3201.91339707	1995.17425886	1995.96079666	4.01496891497	1999.5267405592735	1987.3350790855864	nan	nan
31561	16	3202.79949498	1994.83337253	1995.85249492	3.80384524425	1998.4073275636422	1986.9258914324773	nan	nan
32000	32	3204.210495	1994.82855326	1995.70874253	3.73379719869	1998.6405342134653	1987.3185580337274	nan	nan
31972	29	3212.52089405	1995.12526329	1995.915104	4.5311626804	1999.6585113375936	1984.8758255781663	nan	nan
31995	30	3216.53577995	1995.82003527	1996.47967209	4.18901307215	2000.5763449723822	1988.1318889277725	nan	nan
31996	31	3219.99035716	1994.62724805	1994.8814316	3.91768966662	1999.57666714792	1987.6063501021792	nan	nan
31910	23	3223.90065312	1994.97710208	1996.81943031	4.43542097698	1999.3739001025283	1985.326502387569	nan	nan
60954	34	6268.55096102	2002.16084069	2002.00373778	2.21207648795	2006.0884266837593	1999.3368058868848	nan	nan
60992	36	6271.08371496	2002.76464493	2003.42806386	2.29373933294	2006.03742265475	1998.7457051804993	nan	nan
61332	37	6272.20353413	2002.14608332	2002.87787603	1.83352842151	2004.15067802539	1999.1603333266617	nan	nan
60980	35	6278.99280715	2002.14138836	2002.26429288	1.99961644129	2004.6754880528952	1999.513247351513	nan	nan
61400	38	6279.49324799	2002.10780856	2001.87616408	1.48597967978	2004.4145732643779	2000.3749879952968	nan	nan
61966	44	6283.75337601	2002.31006585	2001.94760868	1.95575821783	2005.2798444166579	1999.003665451677	nan	nan
61861	41	6285.67916298	2002.70818098	2002.45713369	1.71974796656	2005.3038866176928	2000.1995360245653	nan	nan
61952	42	6295.26264715	2002.21398507	2002.86831353	1.79414370698	2004.1052023273385	1999.3441286292473	nan	nan
61955	43	6298.84739709	2002.1779645	2002.41204262	1.81075236401	2005.8313745910539	1999.2317875391186	nan	nan
60333	33	6303.14067411	2002.91763011	2002.82522608	1.1052203695	2004.7726355332613	2001.3414252855273	nan	nan
61854	40	6310.20960116	2002.35914037	2002.3134532	2.09625128894	2005.5215187117528	1999.6329930362601	nan	nan
63748	58	6329.55004597	2002.28233521	2002.65699767	1.65340193217	2004.3153664831386	1999.0284078627203	nan	nan
63592	52	6342.93854499	2002.4205516	2002.51440126	1.56942655372	2005.5609799328117	2000.0792929292297	nan	nan
63775	59	6348.20192313	2002.69803037	2002.39544499	1.70717740743	2005.3832735680298	1999.8969332032345	nan	nan
63653	56	6363.22383714	2002.12036537	2001.37708374	1.70032703475	2004.9696448000554	1999.4933023312142	nan	nan
61622	39	6396.96863008	2002.12439588	2002.26213222	1.46474956948	2003.7618914111777	1999.1539439469707	nan	nan
62149	45	6399.4041431	2001.82252885	2001.57143983	1.48675315323	2003.4828317858528	1999.541323251704	nan	nan
62348	46	6402.94882202	2001.90146278	2002.31429983	1.66832759615	2004.6071965678377	1999.0682720703453	nan	nan
62782	48	6405.64658713	2002.21833394	2002.82129947	2.22098549892	2004.601710630736	1998.6411249814112	nan	nan
63041	50	6410.03445101	2002.72502233	2003.11496555	2.05309998895	2005.7325522453652	2000.0054002934912	nan	nan
63231	51	6417.41844201	2002.49488799	2002.49214769	1.45697232674	2005.3382668637726	2000.603726964898	nan	nan
62852	49	6423.77795315	2001.73895418	2001.5552643	2.05121323108	2005.0201881117027	1998.2653899014208	nan	nan
63593	53	6433.75960803	2001.99276997	2002.28682889	1.9373884352	2004.2920443009214	1998.870552354118	nan	nan
62777	47	6434.89738798	2002.57046753	2002.14518197	1.83818821214	2006.7425998436536	2000.4922015310842	nan	nan
63650	55	6452.05169201	2001.97937103	2001.77127973	1.26661135764	2004.4599614101523	2000.4483321038992	nan	nan
63737	57	6456.69491601	2002.29930401	2002.57859228	1.66202031345	2004.4944377091294	1999.425908718523	nan	nan
63829	60	6463.14548707	2002.68325888	2002.12620237	2.23203453701	2005.7919253626571	1999.1773229087287	nan	nan
63931	61	6463.31706715	2002.38240201	2002.11494785	1.2846792692	2003.9006228613966	2000.292383429106	nan	nan
63619	54	6471.41350198	2002.26642666	2002.20826797	1.75613117295	2004.9602797232887	1998.759009257359	nan	nan
63958	62	6479.60071301	2002.0967195	2002.25530839	2.26926510207	2006.2223805199485	1998.752727309732	nan	nan
63995	63	6489.7195971	2002.45831058	2003.00486253	1.81899858265	2004.238836951174	1998.4707617070237	nan	nan
64000	64	6491.38611698	2002.20387599	2002.12731528	1.37602635377	2004.6781970588431	2000.1319250025433	nan	nan
84834	69	9402.60505009	2006.49546717	2006.80200059	1.42593778186	2008.6572275983954	2004.18670853544	nan	nan
84131	67	9404.12479305	2006.16114432	2006.06497704	1.48160297798	2008.5793633695025	2004.158973337132	nan	nan
84067	66	9404.53717113	2006.04677518	2006.02999771	1.40675848774	2008.2555759814138	2003.4279945842027	nan	nan
84818	68	9416.91721702	2005.8866959	2005.92170248	1.12115319877	2007.6701351525194	2004.2769347268927	nan	nan
83995	65	9419.95740199	2005.54977819	2005.96623552	1.60877967063	2007.4498763851836	2002.790559968872	nan	nan
85400	71	9432.52893496	2006.71407875	2006.36842277	1.69957723506	2009.8602794198305	2004.1772648785225	nan	nan
86501	73	9436.492383	2006.33414904	2006.3505213	1.40205070179	2007.9971864101383	2003.9356507070688	nan	nan
85349	70	9436.75444412	2005.75842341	2005.91876584	1.43741668897	2007.6271541688723	2003.673565048209	nan	nan
86301	72	9449.36173296	2006.45441575	2006.18605144	1.16020356716	2008.7048020969298	2005.1799121126264	nan	nan
86872	74	9450.95084	2005.69527295	2005.3675136	0.964019207251	2007.5423658176212	2004.6737617450526	nan	nan
88946	76	9473.26811099	2006.20388852	2006.37454322	1.17165053876	2007.892527055766	2004.2075766796895	nan	nan
87391	75	9476.48583913	2006.09621023	2006.02075292	1.4162822928	2009.0690444593113	2004.2432228832715	nan	nan
90130	77	9519.50094008	2005.98418048	2005.69073659	1.40037772651	2008.8609553831764	2004.0290363527572	nan	nan
90362	78	9531.65492916	2006.14559051	2006.03303327	1.16452975503	2008.2382728292735	2004.6189228434719	nan	nan
91064	79	9553.846843	2006.38992106	2005.82971376	1.63542075419	2009.1544639241845	2004.722570023777	nan	nan
93404	80	9634.99971008	2005.54624936	2005.74490673	1.341237957	2006.89643698523	2002.531465191869	nan	nan
93799	82	9637.64283514	2005.87619027	2005.77409409	1.21358305357	2007.686303177393	2004.214788962593	nan	nan
93876	83	9641.37643099	2005.80036373	2005.96150022	1.08480515026	2007.4254701228206	2003.4874919374793	nan	nan
93597	81	9642.93658614	2006.15320716	2006.38361819	1.50972543364	2007.7688462325273	2003.109208743689	nan	nan
93907	84	9647.41160607	2005.78020796	2005.52499195	1.74525222058	2008.967294747578	2003.4724173939946	nan	nan
94445	85	9654.95732307	2005.80949171	2005.87213773	1.1191135984	2007.3332202582267	2003.2880997986035	nan	nan
94685	86	9660.82857394	2006.00862676	2006.19229971	1.79762015101	2008.3533737361658	2002.8766733551108	nan	nan
94980	87	9670.04408693	2005.8876908	2006.27006943	1.32435047021	2007.2488607093794	2003.7046971951193	nan	nan
95021	88	9688.85917711	2006.73365785	2006.90792001	1.13896027029	2008.1682418937671	2004.7340213699456	nan	nan
95659	90	9706.78796315	2006.10760124	2006.25077842	1.18525564989	2008.0054183044524	2004.2312958793304	nan	nan
95479	89	9710.488873	2006.70041247	2006.87370097	1.39251805891	2008.6063336440511	2003.4301620423873	nan	nan
95724	91	9717.24634695	2005.79847683	2006.16052439	1.63967828163	2008.664595290743	2003.2622441595822	nan	nan
95728	92	9732.41932702	2006.31431204	2006.33060947	1.14640087102	2008.0187689845982	2004.553572573996	nan	nan
95868	93	9741.07010317	2005.2709359	2005.59909573	0.974437126503	2006.226945869348	2003.1447136996208	nan	nan
95988	95	9741.48681617	2006.19999161	2006.6947168	1.26557736993	2007.421307331585	2003.7867558963776	nan	nan
96000	96	9755.50042796	2006.0712952	2006.3295137	1.10128703546	2007.029891137392	2003.4254496800338	nan	nan
95964	94	9762.23771596	2005.76706422	2005.34223068	1.73888217005	2008.3117677590278	2003.3243519413106	nan	nan
109669	97	12533.0436401	2008.60221295	2008.55982705	0.715908088849	2009.813205772993	2007.2087761351138	nan	nan
109895	98	12540.013983	2007.94485004	2007.6232275	1.20757931668	2010.054896043313	2006.271662653787	nan	nan
109922	99	12542.3402221	2008.10454772	2007.97173183	0.998571191315	2009.6909305740066	2006.9508883439746	nan	nan
111321	101	12556.123641	2008.73680873	2008.66487248	1.39316527988	2010.5831433029625	2006.401443386144	nan	nan
111087	100	12558.9154789	2008.36675498	2007.87619427	1.99877559695	2011.9999682434163	2005.7008534985225	nan	nan
112431	104	12568.102947	2008.39072077	2008.62975163	1.48408188591	2010.1982173969282	2006.0482836629053	nan	nan
112256	103	12569.8803279	2008.30291112	2008.69792627	1.28052205176	2010.0107671787375	2005.4962836610773	nan	nan
112100	102	12584.071645	2008.26313681	2008.12125568	1.25941012127	2010.3110961804925	2006.772992840492	nan	nan
113234	106	12584.4590201	2008.15681016	2008.34116076	1.21946240737	2009.8257473351507	2006.0446503761607	nan	nan
113203	105	12588.879528	2008.07457956	2008.48236176	1.2162257441	2009.600961782722	2006.2801686200066	nan	nan
114838	107	12600.789248	2008.10405609	2008.42317859	1.30526968999	2009.4901989598636	2005.637864252213	nan	nan
114984	108	12639.6975071	2008.66516978	2008.52811719	0.898587477839	2010.0968781690906	2007.239264916508	nan	nan
118528	110	12684.752254	2008.30304754	2008.36311612	1.3379005703	2010.0807833365843	2005.1066293758392	nan	nan
117887	109	12690.4291351	2008.6405075	2008.89208896	1.02066529061	2009.9237105013958	2006.6868044445423	nan	nan
119764	111	12711.4944282	2008.54259346	2008.08552879	1.265885353	2011.7882093462686	2007.5084154001452	nan	nan
125085	114	12893.009918	2008.6875461	2008.61314088	0.877944008363	2010.1163067836223	2007.3148226217538	nan	nan
125000	113	12893.366818	2008.16589358	2008.27611832	1.02674663569	2009.4035378172462	2006.5575621442567	nan	nan
124666	112	12895.6399431	2008.28719208	2008.4117902	1.12982249807	2010.4061686718549	2006.8847744130803	nan	nan
125346	116	12899.6981401	2008.59140748	2008.64559536	1.01946160078	2010.180718764809	2006.6243737757557	nan	nan
125642	117	12902.270436	2007.88451242	2008.2279593	1.48806371167	2009.9242094838014	2005.6531107397427	nan	nan
125288	115	12904.0585291	2007.95481418	2007.93874794	1.19723078966	2009.5520777001025	2006.2470460818633	nan	nan
125830	118	12911.2696521	2008.66652615	2008.50852096	0.70276593875	2009.6951656569931	2007.6388525223872	nan	nan
126100	119	12937.151221	2007.88207072	2008.22315486	1.16174827037	2009.2859681609339	2005.5769674071087	nan	nan
126778	120	12965.668488	2008.41644355	2008.3241494	1.42262865882	2011.3000813041733	2006.2763547617255	nan	nan
127281	121	12974.29162	2008.59472852	2008.68050195	1.33273941496	2010.520967573142	2006.8487171542856	nan	nan
127331	122	12976.2753451	2009.00830364	2008.91159266	1.03832482345	2010.702023790817	2007.6964141952724	nan	nan
127476	123	13002.1674211	2008.42294444	2008.7792615	1.65358671246	2010.716703290565	2005.999807040726	nan	nan
127977	127	13004.5748541	2008.99464109	2009.04022811	1.65133588559	2011.770882385763	2006.610247413415	nan	nan
127792	124	13008.4185421	2008.57219742	2008.81281945	1.0037061024	2010.195359323412	2006.833939548941	nan	nan
127850	125	13012.4529941	2008.20029768	2008.05092813	0.999691198743	2009.9275059141798	2006.9281400771126	nan	nan
127904	126	13033.983516	2008.23597791	2007.89098707	1.05140894044	2010.565997632646	2007.2655963207403	nan	nan
128000	128	13047.5763831	2008.32981809	2008.19540457	0.970620649233	2010.0306241317928	2006.8199917166355	nan	nan
140039	130	15717.1720099	2010.63839215	2010.65937667	0.989777027964	2012.3632674216565	2009.4121387967173	nan	nan
140075	131	15723.7914701	2010.35318631	2010.43769209	1.15704324378	2012.1725574203294	2008.5476749985964	nan	nan
139983	129	15729.4776421	2010.58696188	2010.5150337	0.980111973993	2012.1483120334897	2009.1577303799804	nan	nan
140748	132	15749.3982902	2010.3640529	2010.35530897	1.00248623578	2012.4742235711824	2009.1500280016905	nan	nan
140899	133	15751.805604	2010.58682386	2010.31818613	1.35058918774	2012.8991259711793	2008.9604206201222	nan	nan
141246	135	15765.25122	2010.51407745	2010.68129519	0.997913309769	2012.2723706807622	2008.7965987767686	nan	nan
141586	137	15770.7442741	2010.09157098	2009.71308733	1.43092544639	2013.474397466322	2008.550727717497	nan	nan
141917	139	15776.192836	2010.30801591	2010.40048096	0.790749598181	2011.5144678814504	2008.721120857051	nan	nan
141110	134	15784.916388	2010.07842275	2009.67838237	1.12106244192	2011.9677300057783	2008.2987778592237	nan	nan
141655	138	15785.1811991	2010.26564044	2009.85224048	1.42329331532	2012.6402298390874	2008.0864341310944	nan	nan
141582	136	15788.503459	2009.96677131	2010.13530003	1.23644223471	2011.5776072366948	2007.9296159304538	nan	nan
143324	140	15846.517797	2010.69026987	2010.48178253	0.971263387998	2011.9533078338136	2008.874343482479	nan	nan
145408	142	15912.2648051	2010.50771106	2010.41411939	1.09698247393	2011.9253294414802	2008.4300669087397	nan	nan
145068	141	15917.2429051	2010.12680478	2009.92779151	1.05442659296	2011.813998943205	2008.4880473996448	nan	nan
146306	143	15928.1951389	2009.51689633	2009.53588094	0.95655914339	2011.0688103537539	2007.774964303645	nan	nan
156635	148	16094.0600901	2010.80326808	2010.99467337	1.44939146338	2012.6704354194871	2008.476892594614	nan	nan
156351	145	16096.3418791	2010.04509133	2010.06857042	1.54035640542	2013.0421237546059	2007.5318495168508	nan	nan
156389	146	16100.373889	2010.19116747	2010.37974405	1.17615637552	2011.8472194205658	2008.334573807936	nan	nan
156628	147	16103.2701871	2009.83274847	2009.78605542	1.02421936775	2011.7048577573782	2008.36692738492	nan	nan
156305	144	16105.882803	2010.11233941	2010.23116697	0.950223771578	2011.4123697583796	2008.192236315742	nan	nan
156845	149	16117.6698229	2010.68667826	2010.70907285	1.1173731792	2012.162433845292	2008.754290678665	nan	nan
157105	150	16119.699615	2009.77307842	2010.20843636	1.12996213687	2011.0184212815202	2007.7166763524283	nan	nan
157953	151	16151.9604721	2010.47234881	2010.60443271	0.800984545343	2011.3871774941153	2008.9644075935523	nan	nan
158843	152	16180.091727	2010.37974863	2010.1481971	1.23925675845	2012.5613600956235	2008.9029745131481	nan	nan
159168	153	16180.3289452	2010.63117901	2010.77266333	1.28752073357	2012.0321027745115	2008.2034203503588	nan	nan
159176	154	16212.397115	2010.67506601	2010.97760151	0.952595862393	2011.8212240770824	2009.11824124452	nan	nan
159705	156	16221.341336	2010.0023584	2010.28498063	1.49626234894	2012.0545115810337	2007.842590982122	nan	nan
159761	157	16229.558959	2010.5112522	2010.05562675	1.12146727855	2012.1998607408266	2009.0171523656445	nan	nan
159650	155	16243.4048791	2010.0214564	2010.15298314	0.730776845474	2011.089530788312	2008.7009922787886	nan	nan
159766	158	16253.6610081	2010.72276681	2010.55472411	1.61592552326	2013.2788523055485	2008.6030341421672	nan	nan
159961	159	16254.060483	2009.92785524	2009.82996568	1.4594722194	2013.1512899514673	2007.8233281553194	nan	nan
160000	160	16291.945509	2010.83079763	2010.59153197	1.18910492772	2013.7267085496765	2009.4028040703574	nan	nan
171158	161	18931.7738571	2011.09673398	2010.94491005	1.15042601637	2012.9508635756101	2009.573476674941	nan	nan
171388	163	18932.3264921	2011.8603253	2012.06365109	0.909242212082	2012.9889208634156	2010.1299412798032	nan	nan
171184	162	18948.754499	2011.23057247	2011.10047848	1.14225845373	2013.652217032067	2009.3742569003998	nan	nan
172323	164	18961.71105	2011.53177449	2011.83819561	1.09789204777	2012.703180915549	2009.110021405008	nan	nan
172335	165	18963.001704	2011.67482326	2011.88358627	0.890432542169	2012.7840441289393	2010.077347602951	nan	nan
172929	166	18982.709743	2011.66342687	2011.55101517	0.954438582707	2013.166775981454	2010.1966783551336	nan	nan
173000	167	18995.6886079	2011.75372405	2011.88444253	1.23918901447	2013.3912420368447	2009.8705773895729	nan	nan
173141	168	19000.628906	2012.00412395	2011.73250611	1.28409524102	2015.352833359496	2010.9128590409885	nan	nan
173411	169	19000.7572961	2012.09959846	2011.92083257	1.43596423867	2014.9996088841597	2009.7775218159545	nan	nan
173470	171	19009.179544	2011.90297163	2012.38930193	1.08771036562	2013.3333617670066	2010.0252610531911	nan	nan
173447	170	19026.8872581	2012.84467661	2013.04254296	0.6930910909	2013.6553206903172	2011.15859555297	nan	nan
175213	172	19093.2043099	2011.9524271	2012.26408291	0.980508507	2012.9417895701267	2010.0382106730774	nan	nan
177940	173	19158.5244551	2011.97991387	2011.92222001	0.836245740247	2013.89334414746	2010.5804015989177	nan	nan
178038	174	19169.8236392	2011.68674779	2011.85605304	1.20935367277	2014.1038038963254	2009.7629000711784	nan	nan
178423	175	19186.6018741	2012.0483402	2012.28354572	1.08889882615	2013.563343808011	2010.2633717037972	nan	nan
187968	179	19276.276794	2011.75003198	2011.93718057	1.23623722327	2013.498372685582	2010.2862647217926	nan	nan
187731	178	19279.4894991	2011.69302391	2011.67238495	0.891987135579	2013.1457970730266	2010.37942565246	nan	nan
188556	182	19283.1806951	2012.21884901	2011.95413786	0.534119831597	2013.1649742353477	2011.5759945005789	nan	nan
187978	180	19286.1802161	2011.51927468	2011.44788634	0.866203727452	2012.716445173827	2010.3606343636436	nan	nan
187450	176	19286.9927881	2011.65772977	2011.47838242	1.23427288727	2013.6709587260546	2009.456253918567	nan	nan
187464	177	19289.9699371	2012.38150102	2012.3913545	0.724700296542	2013.723439221672	2011.5014367573224	nan	nan
188445	181	19310.6343081	2012.51160935	2012.7496148	1.78591062889	2015.2572878409644	2009.4529696009622	nan	nan
189590	183	19336.668391	2011.71584231	2011.63812794	0.998074623209	2013.3882691656943	2010.3155031744395	nan	nan
190507	184	19372.5826271	2011.76054454	2011.76372156	1.18392056802	2013.9781326859302	2010.226863784838	nan	nan
190513	185	19384.254631	2011.58688497	2011.28987975	1.19527342229	2013.1064473298022	2010.1642551551324	nan	nan
191394	187	19397.3781121	2011.5937366	2011.6286102	1.24989235065	2013.690181303219	2009.9068290169334	nan	nan
191179	186	19400.132374	2012.01385781	2012.32611112	1.07152281561	2013.1968905351312	2009.2789520362012	nan	nan
191542	188	19426.111697	2011.57106916	2011.96331082	1.34250061625	2013.3563623345688	2009.519135640616	nan	nan
191731	189	19440.278657	2011.46579985	2011.15305534	0.809764917207	2013.2545769101278	2010.4790742325583	nan	nan
192000	192	19509.6535501	2012.17194045	2012.45059207	1.06443169099	2014.007168678793	2010.4859938936977	nan	nan
191885	191	19512.504164	2011.70236514	2011.71992579	1.07054509979	2013.5848986407066	2009.9624133460416	nan	nan
191867	190	19531.6818001	2011.51876058	2011.34203346	0.739991853491	2013.166364550893	2010.7952873348252	nan	nan
202252	194	22089.500838	2013.08290591	2013.18409562	1.11846770081	2014.5617072977566	2010.84550930653	nan	nan
202192	193	22093.0242682	2013.3165421	2013.22558812	1.75727747054	2015.630600825854	2010.1552772863522	nan	nan
202989	195	22095.8076451	2013.09175368	2013.01133081	1.74556611985	2015.995988638744	2010.5559694742983	nan	nan
203571	196	22111.061661	2013.11284114	2013.24986043	0.867029396453	2014.3461783207545	2011.8067299517525	nan	nan
203605	197	22113.7406411	2013.58510827	2013.39553878	1.07281742933	2015.1895143353522	2012.3693440820311	nan	nan
204329	198	22130.09076	2013.49555361	2013.0568656	0.883491621925	2015.2826093605975	2012.6883015760363	nan	nan
204701	199	22148.6747231	2013.32962085	2013.10480952	0.8057597808	2014.5564325379444	2011.7139720479904	nan	nan
205028	200	22156.036572	2012.53653275	2012.7200645	0.81722586346	2013.9743642632563	2010.9208681336431	nan	nan
205048	201	22160.1785071	2013.20250523	2013.18500858	0.992414086855	2014.4378486603016	2011.6925444462806	nan	nan
205374	202	22170.7948291	2013.22827798	2013.03650563	1.16286581336	2015.1273830054056	2011.5215107455817	nan	nan
208809	204	22256.6921771	2013.72311598	2013.29173783	1.07135024455	2015.7394986405861	2012.617937955044	nan	nan
206264	203	22268.530062	2012.64515057	2012.78951095	1.43208435256	2014.253020410783	2010.0948072420244	nan	nan
212248	205	22322.9530771	2012.94155748	2012.944771	1.07089041061	2014.5969169808473	2010.9243726523523	nan	nan
212951	206	22345.8546801	2013.20025013	2013.36009358	0.773560276701	2014.078864778302	2011.9816940762732	nan	nan
213729	207	22373.2258031	2013.00612385	2012.99931493	1.25887247098	2014.9090166496112	2010.6998233003367	nan	nan
218616	209	22517.1059179	2013.0803154	2013.14137765	0.68618345305	2013.9287308024761	2011.9966803893385	nan	nan
218583	208	22525.507628	2012.85797949	2012.88622189	0.836330256648	2014.2749201075826	2011.1032818601923	nan	nan
218925	211	22532.691977	2013.34853648	2013.33598377	0.804429067966	2014.8318721806147	2012.25299804219	nan	nan
218812	210	22533.6655121	2013.19287707	2013.04922798	1.12143755897	2015.2642465681056	2011.541674045463	nan	nan
219099	212	22542.392101	2013.37419718	2013.4345779	1.44561333871	2015.8949860840976	2011.4252653345052	nan	nan
219165	213	22543.969656	2013.44095583	2013.37394234	0.472472294642	2014.3689638772885	2012.7326642836326	nan	nan
219859	214	22571.0508521	2012.35695485	2012.25561978	1.40947826235	2014.6906743891361	2009.8017259408768	nan	nan
220828	215	22587.1983061	2013.41294361	2012.98638779	1.35990049419	2016.7307303076843	2011.8202909125937	nan	nan
222211	217	22639.0744891	2013.41140729	2013.54420411	1.20951499985	2014.7719602284358	2011.349789328	nan	nan
222005	216	22639.4409611	2012.97803023	2013.12072015	1.34620558431	2014.539978010548	2010.325238501769	nan	nan
222479	218	22647.3978031	2013.51255561	2013.79297203	1.23616425465	2015.486615891778	2011.0133768187106	nan	nan
222638	219	22670.9246349	2012.78129848	2013.03575284	1.1319009659	2014.147023985361	2010.5721000736746	nan	nan
223008	220	22704.592216	2013.07238794	2012.82465415	0.929639147962	2014.3678058788314	2011.9304381488698	nan	nan
224000	224	22727.2760031	2013.37762668	2013.43144433	0.842336462654	2014.4040284403065	2011.9245152680728	nan	nan
223238	221	22729.9088411	2013.18119981	2013.05066547	0.86869302858	2014.5735851989884	2011.4080721344167	nan	nan
223916	222	22794.6307161	2013.14673918	2013.41235096	1.2846480338	2015.238807956623	2010.7231101048535	nan	nan
223926	223	22803.4523251	2012.67355811	2012.49258927	1.18947374179	2014.3044212516195	2011.2703161571578	nan	nan
233722	225	25217.3139441	2013.7465799	2013.661416	0.927993423337	2015.1420306008927	2012.4311387287667	nan	nan
233967	226	25223.3326621	2014.33532711	2014.34593935	1.24847749563	2016.2749423424057	2011.860550422679	nan	nan
234050	227	25229.6753581	2014.33087093	2014.42847573	1.09173788592	2015.7058136715914	2012.7357254874944	nan	nan
234716	228	25234.9253709	2013.99253797	2013.91938621	1.23197433898	2015.8621003135916	2012.4612214270737	nan	nan
234842	229	25237.426748	2014.43270667	2014.67486107	1.60913765962	2016.5816693622173	2011.6083626929733	nan	nan
235370	230	25262.3666291	2014.23125744	2014.41795306	1.23543550854	2015.7393484040385	2012.3353191155302	nan	nan
235938	231	25273.720422	2014.23041542	2014.06381523	1.17594383673	2016.0851533447246	2011.9517774427416	nan	nan
236176	232	25296.315609	2013.68444049	2013.71734981	1.08988046312	2015.2150136021385	2011.4182828477033	nan	nan
236297	233	25302.6196051	2013.82589307	2013.93428701	1.14721200015	2015.7387696037242	2011.8464339456348	nan	nan
236477	234	25317.1096101	2014.33449643	2014.16262766	1.05928189874	2016.0122254980001	2012.578687013753	nan	nan
238266	235	25424.517767	2014.24628828	2014.31929391	0.598828740447	2015.4316820219492	2013.2135699627484	nan	nan
240621	237	25483.0316122	2014.34472103	2014.39681334	0.901621528751	2015.5666315303397	2013.0645001372452	nan	nan
241445	238	25495.6837649	2014.388737	2014.50548947	1.27862089006	2016.6059001179115	2012.3615482635005	nan	nan
239049	236	25514.1998839	2014.24948079	2014.4838213	0.656436236872	2014.8620310002855	2013.0143447256332	nan	nan
242317	239	25539.8802001	2014.6964842	2014.41971823	1.08773673184	2016.2953605784157	2013.5601578777982	nan	nan
249975	241	25779.312068	2014.07117922	2013.93009611	0.960807555634	2015.412377018525	2012.9905161155393	nan	nan
249592	240	25787.0903621	2014.03397057	2014.23870498	0.667584657895	2015.0868128017182	2012.7705026116748	nan	nan
250231	242	25789.8597431	2014.11087639	2014.20720127	0.89453780179	2015.1639706281608	2012.2605176572056	nan	nan
250539	243	25805.447535	2014.52791613	2014.38648439	0.609343705068	2015.3805723450857	2013.5451608757064	nan	nan
251001	245	25806.366302	2014.2892185	2014.08521339	0.811359457142	2015.5546007477697	2013.102990597457	nan	nan
250850	244	25808.286072	2014.4898634	2014.49387545	0.839300905144	2015.5253474155159	2012.7239992138104	nan	nan
251884	246	25846.0515251	2014.22001841	2013.90308014	0.79891665547	2015.5849412727105	2013.4974979745734	nan	nan
252485	247	25855.662673	2013.93314786	2014.00457444	0.699730208065	2015.1459000821953	2012.9072042926011	nan	nan
253915	248	25910.215225	2014.19046051	2014.22486064	0.860922111347	2015.2306686121817	2012.5126400972842	nan	nan
254036	249	25910.447485	2013.99482623	2014.03614855	1.30309062376	2015.7257894096226	2011.3327177713627	nan	nan
254137	250	25910.5969281	2014.34151719	2014.34898233	1.38662422096	2016.6440626630815	2012.5754436424493	nan	nan
255410	253	25912.9091291	2014.38258743	2014.08268807	1.03167574229	2016.6710474334432	2013.4450337866615	nan	nan
254661	251	25953.399863	2014.70765987	2014.80853838	1.01566075515	2016.7641558561816	2012.7782174331164	nan	nan
255209	252	25991.6213	2014.1469165	2013.8399465	1.20678843713	2016.5091590747866	2012.5601706326386	nan	nan
255531	254	26019.839467	2014.17000034	2013.99944176	0.919528301311	2015.9753837477053	2012.7746060071458	nan	nan
255972	255	26107.367337	2014.68152488	2014.41801578	1.31710612639	2017.1209762358699	2012.6823960351296	nan	nan
256000	256	26108.0017819	2014.58814746	2014.54916194	0.771939088466	2016.338686955346	2013.6380891263498	nan	nan
264960	257	28378.847023	2015.13449051	2015.12315585	1.29159637371	2017.071244195063	2013.4230054679467	nan	nan
265151	258	28397.0187891	2014.95401808	2014.79994515	1.16954447832	2017.3058415884657	2013.4052410370878	nan	nan
265661	260	28399.296927	2015.43591322	2015.3990466	1.01613763722	2016.6927347963958	2013.3882939047623	nan	nan
265851	261	28402.372071	2015.61823006	2015.49834114	1.07718483268	2017.7350156039479	2014.1239909942174	nan	nan
265482	259	28405.247906	2015.13617366	2014.87679965	1.20012959128	2017.077622271422	2013.7146864584004	nan	nan
266509	262	28417.7341001	2015.08865224	2014.83469133	0.930384220465	2016.4652495067774	2014.0638144058328	nan	nan
267498	264	28450.8059502	2015.63279474	2016.13261681	1.51653107422	2017.424493811176	2013.231999863302	nan	nan
266845	263	28454.5415061	2015.10616432	2014.99563802	1.20773087064	2017.0402753859391	2013.4628438535608	nan	nan
267755	265	28483.0950451	2015.53180246	2015.9365127	0.966074422492	2016.749420963332	2014.0168371211541	nan	nan
267944	266	28493.832314	2014.9449269	2015.05246981	0.864700187009	2016.004952440197	2013.0400239469866	nan	nan
269802	267	28615.1854601	2014.7657049	2014.8903022	1.45994479198	2017.256443224941	2012.3052662041835	nan	nan
270639	268	28684.397687	2015.35658885	2014.64611746	1.41617454435	2017.4485516958982	2013.968118678416	nan	nan
270820	269	28691.4328861	2015.11372918	2015.33491476	1.14929807753	2016.7662644500626	2012.6437555290659	nan	nan
271276	270	28712.322108	2015.11303839	2014.98290196	1.26010655248	2017.2327743655615	2013.3021089489234	nan	nan
271769	271	28748.905062	2015.35461155	2014.99079788	1.01741149534	2017.5956728780986	2014.4724542251558	nan	nan
281989	274	29003.3844252	2015.29376016	2015.59711919	1.33876066193	2017.2519678069357	2013.1175460446573	nan	nan
281406	272	29004.0864081	2014.83669134	2014.97424679	0.954985701765	2016.2439682900708	2013.3712305565007	nan	nan
281809	273	29016.617172	2015.52275373	2015.81427454	1.57154483957	2018.2915433792446	2012.737767124979	nan	nan
282757	277	29033.213629	2014.82645502	2015.12965566	0.86698304806	2015.8363550494716	2013.2950589367401	nan	nan
282625	275	29042.9326801	2015.3444753	2015.64791289	1.32988666141	2016.7753199084455	2012.8232755477304	nan	nan
282734	276	29043.2678621	2015.19035761	2015.16078931	1.11546873736	2016.5756340649148	2013.2983679648103	nan	nan
284021	278	29081.2538249	2014.91051111	2014.7335252	0.59528785415	2015.9919768834538	2014.1697911550216	nan	nan
284455	279	29083.1423972	2015.41719218	2015.43903255	0.776165115786	2016.5225582151802	2014.3144661504118	nan	nan
285944	283	29131.990967	2014.94189824	2014.84614976	0.830725887127	2016.3346927371906	2013.1895256462176	nan	nan
285587	280	29145.660429	2015.4538747	2015.33734361	1.00742468039	2016.776905096914	2013.9601495719548	nan	nan
285880	281	29147.0709391	2015.26825765	2015.39352343	1.01119694019	2016.662183336049	2013.794482368844	nan	nan
285939	282	29155.735707	2015.73887837	2015.97594701	0.806363311861	2016.8680904962196	2014.3705519199598	nan	nan
286625	284	29192.057421	2014.98860962	2014.89514189	1.28556633326	2016.8250415237433	2012.779024007333	nan	nan
287167	285	29243.789659	2014.92952346	2014.97871342	1.02892170161	2016.7626381843634	2013.27303392648	nan	nan
287430	286	29260.2790601	2015.31360469	2015.2879253	1.265812288	2017.985063771061	2013.6891985685809	nan	nan
288000	288	29368.1045461	2014.85398579	2014.9978604	1.01468914758	2016.2796504909336	2012.7426157425518	nan	nan
287999	287	29369.0178051	2015.44448344	2015.18049552	1.06276711542	2017.3264011387937	2014.095290581023	nan	nan
296576	289	31560.065654	2016.47283087	2016.42109622	1.26993350397	2018.4185756018933	2014.6374480035586	nan	nan
297102	290	31577.22317	2015.69846094	2015.78031496	0.734306962766	2016.7996319378208	2014.3004892354593	nan	nan
297354	292	31584.9024341	2015.98497859	2015.79291874	0.865024438325	2017.315310982895	2014.9616781418558	nan	nan
297343	291	31587.216738	2015.3718068	2015.35336219	1.10479976995	2017.8064641965527	2013.7994843937227	nan	nan
297459	293	31604.3105969	2015.81604174	2015.77698094	0.590592234014	2016.8435124495243	2014.676018456621	nan	nan
298570	295	31608.9735961	2015.87075099	2016.02814268	0.743634050809	2016.79602060198	2014.400437599232	nan	nan
297742	294	31611.0610991	2015.70151082	2015.85901818	1.16813302892	2017.1662596719002	2012.9492303069617	nan	nan
298785	296	31645.2594631	2016.23488181	2015.88126984	1.26806551454	2018.0464802390406	2014.6244315665704	nan	nan
299485	297	31684.9736559	2016.17875766	2015.99046494	1.26549004868	2018.579394025847	2014.6188008592612	nan	nan
299666	298	31689.5227602	2015.7407043	2015.92194309	0.870184772036	2017.3660400403212	2014.8130496263668	nan	nan
301730	299	31816.0132701	2015.75037451	2015.75671224	1.25552148666	2017.8219722090996	2013.0302337279975	nan	nan
302914	302	31865.842401	2016.2528759	2016.154881	1.06948255186	2017.8400172159597	2014.486108191977	nan	nan
302663	300	31908.0076151	2016.23596017	2016.04018323	0.632351905794	2017.3364951065732	2015.3530870351192	nan	nan
302734	301	31910.8288491	2016.41627139	2016.45064866	1.03755694723	2018.0567818819266	2014.4192401227735	nan	nan
303485	303	31965.5250261	2015.69901387	2015.57735871	1.17589434507	2017.5157606209896	2014.1824990731793	nan	nan
312959	305	32218.0200841	2016.267114	2016.35383855	0.870696451624	2017.7435136166387	2014.776578753624	nan	nan
312940	304	32221.7704461	2015.89067662	2015.64640226	1.05237404923	2017.2591367734178	2014.0453059474723	nan	nan
313474	306	32240.7056282	2016.7894522	2016.71434334	0.697187339821	2017.729106602155	2015.6751912682134	nan	nan
314154	307	32253.5069981	2015.98211758	2015.82373951	1.17211302411	2018.014728969909	2014.237584597639	nan	nan
314492	309	32264.4744751	2015.37259935	2015.42278509	0.596113399105	2016.0472791747466	2013.9753293608787	nan	nan
314478	308	32268.801507	2016.27374524	2016.33059298	1.25794843376	2018.0831702526048	2014.5948623034083	nan	nan
315618	310	32297.8285	2015.8715177	2015.75924142	1.23741626018	2017.8329139814655	2013.8097948928003	nan	nan
315659	311	32304.292901	2016.04602347	2016.00426645	0.630603426625	2017.1186807480194	2015.0864109884117	nan	nan
317156	312	32342.8366871	2016.09535704	2015.91830825	1.10622110162	2017.8179057126497	2014.4650316463262	nan	nan
317567	313	32364.9567041	2016.20312026	2016.41223176	0.937744513594	2017.3085323088592	2014.5023296597412	nan	nan
317687	314	32394.5543451	2016.16502481	2015.9713557	0.87260156211	2017.2671513236032	2014.5990319073055	nan	nan
317824	315	32396.63905	2016.41249823	2016.42059615	0.774051248744	2017.8815752345274	2014.9624097351107	nan	nan
318405	316	32422.605715	2015.82419692	2015.87806539	0.83684998498	2016.9749381496147	2014.5723412874943	nan	nan
319083	317	32485.723882	2016.25398634	2016.32478696	0.931109170377	2017.8772332429653	2015.1267731781236	nan	nan
319255	318	32501.6149111	2016.22118861	2016.17680767	0.769004502884	2017.572919002573	2014.8201501881863	nan	nan
320000	320	32631.099067	2015.45440194	2015.36253456	0.835285211296	2017.5197356417852	2014.478324662265	nan	nan
319995	319	32636.844075	2015.50516951	2015.86920495	0.700875500679	2016.267027767091	2014.1920736707038	nan	nan
328293	321	34743.485424	2016.64092338	2016.39092415	0.906191036089	2018.8241691968556	2015.738823856526	nan	nan
329683	325	34772.6968122	2016.73593667	2016.53901564	0.921241127247	2018.5518606199223	2015.3755359817226	nan	nan
328841	322	34773.018244	2016.96555049	2017.16247264	1.51314758254	2019.0137453854306	2013.9783035291769	nan	nan
329135	323	34782.9924371	2016.76151764	2016.50897897	0.895993671196	2018.1477213187777	2015.2428646307483	nan	nan
329193	324	34791.678606	2016.67786875	2016.68269979	0.892022505089	2017.886852792733	2014.5875309570092	nan	nan
329686	326	34802.163058	2017.20400631	2017.07287584	1.30900067401	2019.12934281277	2015.1284445777144	nan	nan
329806	327	34817.108562	2017.3541201	2017.13171278	1.1336438089	2019.9416718372895	2016.200469226677	nan	nan
330556	328	34845.8648551	2016.71539124	2016.66791426	0.781911044751	2018.031051500872	2015.5512683636273	nan	nan
331531	329	34893.1663129	2016.81597695	2016.42612369	1.17342757222	2019.438355009661	2015.5129657581479	nan	nan
331581	330	34899.865979	2017.46137738	2017.85138154	1.29585091409	2019.2236112688508	2015.159201310348	nan	nan
334310	332	35026.677511	2016.89491944	2016.89197459	0.899845046659	2018.6309344368121	2015.919861603691	nan	nan
333679	331	35037.7741671	2017.29946416	2017.31074381	0.793978039534	2018.1897203769033	2016.3981154660187	nan	nan
334768	333	35135.4870081	2017.20545294	2017.07984285	1.02802627143	2019.5657559368763	2016.2269935296993	nan	nan
334814	334	35144.3203211	2016.67886501	2016.73096343	0.702642033165	2017.9507692589752	2015.4396565826505	nan	nan
335395	335	35203.038723	2016.27965989	2015.78578758	1.10871519623	2018.818164075779	2015.2704802725839	nan	nan
344324	336	35415.4080741	2016.7696376	2016.74028474	0.894747513016	2018.2601738580704	2015.4123924544538	nan	nan
344430	337	35434.1810532	2016.88222006	2017.08966887	0.860139415503	2017.9002039599868	2014.8502987252814	nan	nan
345293	338	35453.973726	2017.24436819	2017.3108166	1.09140759041	2018.8390848155084	2015.034383065803	nan	nan
345703	339	35456.604933	2017.26368467	2016.97947868	1.33097809012	2019.8443421661484	2015.4517159814413	nan	nan
346168	340	35469.906383	2017.12880329	2017.13563222	0.700690377496	2018.0187731588883	2016.0728215315082	nan	nan
346315	341	35477.230274	2016.58425065	2016.68204267	1.56234180168	2019.4280298551453	2013.895913460912	nan	nan
347233	342	35502.8598959	2017.61539646	2017.37338899	0.749337702519	2018.7657869419113	2016.6863901593335	nan	nan
347376	343	35508.292892	2017.18087057	2017.05605705	1.16601218545	2018.8300698272465	2015.0411094383542	nan	nan
348269	344	35536.6364501	2016.84592814	2016.72937594	1.42765059023	2019.6830718651222	2014.5363859408408	nan	nan
348910	345	35575.156275	2016.82260076	2017.10371537	0.96675655623	2018.3649525255375	2015.4810632295214	nan	nan
349692	346	35622.5654001	2016.81689059	2016.82066145	1.10370782872	2018.4736273942679	2014.3501342178583	nan	nan
350122	348	35636.421397	2016.58439965	2016.43151212	0.513084131669	2017.6617149324545	2015.8689014084257	nan	nan
349796	347	35641.6024752	2017.38555206	2017.12079524	0.932048197262	2019.1035077186978	2016.155839814336	nan	nan
350964	349	35711.7440071	2017.09415497	2017.02791726	0.867582213986	2018.5166598623914	2015.9097653769772	nan	nan
351119	350	35725.1723881	2016.97019672	2016.80882203	1.30464129055	2019.0153887924428	2015.0056469818503	nan	nan
351964	351	35864.481066	2016.85377269	2016.82380419	0.6569338642	2018.265018511497	2016.0806479258058	nan	nan
352000	352	35886.531776	2016.8416413	2016.89130351	1.12093503546	2018.2545534566957	2014.80806983285	nan	nan
360646	354	37934.0672741	2017.25863691	2017.70264011	0.979339495357	2018.11506684138	2015.0579797544428	nan	nan
359752	353	37934.496321	2017.31312375	2017.33559979	0.902594290028	2018.5409042705387	2015.8138133664734	nan	nan
361075	356	37961.058409	2017.82932234	2017.87774222	1.21423901421	2020.005608825598	2016.091018357958	nan	nan
360902	355	37962.9482892	2017.99363672	2018.08796426	0.639868137634	2018.9260805789008	2016.531110670553	nan	nan
361373	357	37991.4975212	2017.53363629	2017.44402563	1.53886750643	2020.7032064350326	2015.1903760870434	nan	nan
361577	358	37994.3753421	2017.60287211	2017.76152764	0.723178111638	2018.467395002927	2016.2599250328506	nan	nan
361930	359	37996.3287702	2017.73605316	2017.67501484	1.29216527969	2019.34288168416	2015.382580484985	nan	nan
362388	360	38047.946743	2017.58624708	2017.211826	1.20221384617	2019.2810611756934	2015.9900889042694	nan	nan
363463	362	38092.644557	2016.89951696	2016.82832373	0.65595757949	2017.9576273833054	2016.088298515359	nan	nan
363350	361	38099.779774	2017.59999702	2017.32703981	1.04035026163	2019.4400430796127	2016.105974926991	nan	nan
365550	363	38199.88028	2017.64328539	2017.89567034	0.961724547976	2018.850323727875	2016.274434014849	nan	nan
365746	364	38239.4843709	2017.52706799	2017.54869453	0.782660673621	2019.1254771338708	2016.4031124248959	nan	nan
366861	365	38357.769542	2017.87432733	2017.73811697	1.27346887938	2019.9248850190384	2015.6793284901316	nan	nan
367003	366	38372.0160301	2016.48764429	2016.53958224	1.30245068383	2018.7096954462406	2014.317949057972	nan	nan
367982	367	38423.942035	2017.60290454	2017.7094558	1.01172521089	2019.1594735079047	2015.565954603127	nan	nan
375502	368	38624.515975	2017.10510202	2016.79289408	1.12124012652	2018.7174623700337	2015.7595118065074	nan	nan
376385	369	38654.3939869	2017.25972278	2017.19926741	0.778732259493	2018.24532689387	2016.266068460033	nan	nan
377511	371	38659.540787	2018.21995967	2018.092683	1.05424292994	2020.1134999215724	2016.68583153502	nan	nan
377462	370	38675.0372131	2017.72098228	2017.89862367	0.661107707382	2018.491958455557	2016.2697730252664	nan	nan
378169	373	38685.6394889	2017.13630861	2017.06444537	1.30988949941	2020.0798308172143	2015.2595845089097	nan	nan
377887	372	38692.653682	2017.56885877	2017.87975036	1.39620311414	2018.9628730474751	2014.2657189585502	nan	nan
378854	374	38730.7428939	2017.13284435	2017.55444076	1.14181740657	2018.3221827088491	2015.114590894451	nan	nan
378959	375	38735.9464591	2017.64420736	2017.29519526	1.57122637687	2019.988422668153	2015.2059188189592	nan	nan
379660	376	38753.6053991	2017.3517115	2017.10125686	1.29003515983	2018.9723124207171	2015.4192821646784	nan	nan
380465	377	38797.933845	2018.21370274	2018.36942305	1.47455011249	2020.7350950803097	2015.016425302457	nan	nan
381600	378	38857.23522	2017.23540055	2017.15031936	1.34870321374	2019.2738163943134	2015.167624260007	nan	nan
381838	379	38861.9000311	2017.95517235	2018.08590158	1.2179384368	2020.3186026010978	2016.0982806809272	nan	nan
381861	380	38870.6067941	2017.47016762	2017.43457465	1.44986169039	2020.7593374320916	2015.057774665976	nan	nan
382847	381	38939.278383	2017.6984592	2017.69314442	0.717284095398	2018.6844837338667	2016.2286510993213	nan	nan
383009	382	38966.9770939	2017.89437459	2018.16424731	0.747743186722	2018.6630116412375	2016.5785732617817	nan	nan
383918	383	39103.1353831	2017.96928184	2018.05641027	1.02551985256	2019.4457910942522	2016.220061154378	nan	nan
384000	384	39133.199697	2017.2732522	2016.96635734	1.49036603236	2019.5671291451379	2015.2284080248357	nan	nan
391749	385	41083.8354011	2017.91694302	2017.8607185	0.967526634776	2019.2805189084397	2016.0670196117255	nan	nan
391821	386	41102.236908	2017.90111926	2017.83846072	1.10193962522	2019.4198211273344	2016.2462226929933	nan	nan
392758	388	41127.232981	2017.35272335	2017.37345379	1.34366636731	2019.8433861325698	2015.158806797357	nan	nan
392691	387	41133.943701	2018.30918661	2018.24205999	0.944787873316	2020.172203168326	2016.7004643892542	nan	nan
393622	391	41163.852283	2018.16259536	2018.2756742	1.10010466815	2020.331336587778	2016.3504467247428	nan	nan
393428	389	41165.1453571	2018.53353838	2018.37657427	1.14186726559	2020.2570570506418	2016.9974947766298	nan	nan
393598	390	41179.7703021	2018.11935412	2018.39810528	1.08456587167	2019.9438936682773	2016.4640298685244	nan	nan
394495	392	41226.488081	2018.05558875	2017.88943612	1.01513393334	2020.0021929824504	2016.2232664945109	nan	nan
395297	393	41274.3530951	2017.88862237	2018.21135292	1.26149638743	2019.9275494355886	2016.095799619529	nan	nan
395427	394	41350.687129	2018.35318068	2018.72718659	1.24302077937	2020.1599988931346	2016.0208591898759	nan	nan
396986	395	41354.296144	2017.88260532	2018.26620978	1.31847293175	2019.2611013683522	2015.4663371239662	nan	nan
397526	396	41429.4954422	2018.22988192	2018.13760817	0.941474836214	2019.6486481867453	2016.9996097311746	nan	nan
398821	397	41545.5457551	2017.98209797	2018.01107482	0.926780832877	2019.420043889306	2016.0656448825687	nan	nan
399050	398	41575.1999111	2017.84214243	2017.59032838	1.198954588	2019.808829515782	2016.0226175727264	nan	nan
400206	399	41625.195137	2017.84392127	2017.77071554	0.730507981992	2019.2257869218422	2016.7946899666097	nan	nan
406947	400	41854.99968	2017.74781578	2017.83226867	0.806686813419	2019.495231954622	2016.4549148836218	nan	nan
408347	402	41887.409724	2018.10319282	2018.32740044	1.00903224661	2019.4102599306334	2016.515227059324	nan	nan
408193	401	41888.7124062	2018.27939809	2018.39502767	1.25801743877	2020.3068640855586	2015.7859299367096	nan	nan
409012	403	41924.9356611	2018.40998209	2018.04595674	0.914584463872	2020.594172681089	2017.4665159885974	nan	nan
409752	405	41933.079818	2017.68350975	2017.8932612	0.651936222605	2018.6459443493445	2016.723297950169	nan	nan
409437	404	41938.3429761	2018.10885412	2017.94281556	1.16991560361	2019.9285500140002	2016.774392950998	nan	nan
410816	406	41946.4915981	2018.12912396	2018.00643574	0.782552603324	2019.6385361577738	2017.0900316398368	nan	nan
411347	408	41979.7703671	2018.2002558	2018.26859422	0.781743760858	2019.2029705255277	2017.0115647001762	nan	nan
410979	407	41987.382385	2017.9302207	2017.66617858	1.03070862051	2019.240854792365	2016.5859217306722	nan	nan
412305	409	42041.217829	2017.67765098	2017.526246	1.34982236971	2019.244008409238	2015.0627309497797	nan	nan
413788	412	42064.102031	2018.03354418	2017.76743712	0.712074464122	2019.2200274893078	2017.1898546896196	nan	nan
413513	410	42110.6378891	2018.51963837	2018.24264513	1.07365748284	2019.9422704382148	2016.4973200719198	nan	nan
413637	411	42118.5658951	2018.81476174	2018.60619636	0.838025227821	2020.1418130005566	2017.3523113195224	nan	nan
414732	413	42211.572473	2017.98055065	2017.97431725	0.845863576568	2019.1796760473019	2016.8638723695599	nan	nan
414992	414	42223.1835551	2018.39899235	2018.47242411	0.952820284695	2020.2911105648084	2017.072905364693	nan	nan
415890	415	42374.4229391	2017.81367999	2017.70564896	1.85487216408	2021.168450740829	2015.2539807889614	nan	nan
416000	416	42416.451242	2018.20952299	2018.33116315	0.877346777128	2019.2879245581532	2016.9756591703153	nan	nan
422710	417	44215.002445	2018.71547399	2018.66246268	1.3799746673	2021.6614734562238	2016.9438432827453	nan	nan
423355	418	44279.87585	2018.79381727	2018.2591427	1.48656009368	2021.922978685824	2017.1536795821805	nan	nan
424103	419	44288.4800651	2019.08324584	2019.12510515	1.19490283384	2020.865561106809	2017.2294453012921	nan	nan
424337	420	44299.261997	2019.05071176	2019.18793867	1.34794671596	2020.8030300567389	2017.0658004757374	nan	nan
425221	422	44331.24054	2018.90793911	2019.08897376	0.991909468911	2020.3270992029234	2017.3903537329086	nan	nan
425103	421	44333.409981	2018.14758854	2018.37786453	0.870581733923	2019.557524464972	2016.297338181279	nan	nan
425414	423	44342.0402961	2018.9593864	2019.59035671	1.46315329127	2020.4762079754687	2016.3281019285312	nan	nan
426240	424	44415.3089051	2019.11150612	2018.90025578	0.63690585873	2020.2964571068799	2018.362604391056	nan	nan
426950	425	44458.2014041	2018.7343203	2018.74234077	0.957802465354	2021.0333621623138	2017.4754449017498	nan	nan
428320	426	44504.6765361	2018.72497562	2018.87606607	1.43216742559	2020.8166155753127	2015.7803358904187	nan	nan
429416	428	44614.841234	2018.57920608	2018.76472792	0.945731631916	2019.8549599690834	2016.3963430608665	nan	nan
428510	427	44620.7766821	2018.40058359	2018.50314024	0.949355959936	2019.9001124200424	2016.9245813507237	nan	nan
430624	429	44745.2346041	2019.04394631	2019.42712952	1.07173947498	2019.8259197120951	2016.3121301357812	nan	nan
430852	430	44778.9759591	2018.76247466	2018.68755967	1.0810013647	2021.4343070339412	2017.4167681148256	nan	nan
431380	431	44827.594491	2019.20563518	2019.22892205	1.29377931891	2021.2450818470902	2017.1351663154703	nan	nan
438747	432	45067.912972	2019.02366099	2019.272805	1.36735372322	2020.9894692577045	2016.6378053074848	nan	nan
440078	433	45090.469625	2019.13082639	2019.35508432	1.181436423	2020.5906497513533	2016.5519866969744	nan	nan
440334	434	45112.5861142	2018.84179392	2019.06485271	0.763981466429	2020.0684773853545	2017.5497493258997	nan	nan
441479	435	45154.7378662	2018.90481705	2019.1728934	1.14906745901	2019.8322519618923	2015.8869843203931	nan	nan
441781	436	45166.6133251	2018.86003673	2018.91798698	1.80731356633	2022.1869397118912	2016.5002247927796	nan	nan
442136	438	45168.0967522	2019.0362646	2018.88817285	1.1350892369	2020.8646184131287	2017.3005012585975	nan	nan
441993	437	45185.5571899	2018.63441377	2018.7038228	0.844828053824	2020.4319309368007	2017.2313214361084	nan	nan
443047	439	45211.4965711	2018.75980864	2019.01106581	1.22386722374	2021.0865696163592	2016.645205796369	nan	nan
443199	440	45233.201829	2018.58393159	2018.54543167	1.50798626263	2020.4569760914746	2016.4438402403994	nan	nan
444287	441	45276.4858181	2018.80690245	2018.57131306	0.83707695081	2020.667952924698	2017.769696695567	nan	nan
444565	442	45281.4057961	2018.48833393	2018.36120185	0.900642541493	2020.449380318175	2017.3361799235297	nan	nan
445393	443	45359.57604	2019.66742501	2019.68790717	1.06954052455	2021.6973704496847	2017.8243278352502	nan	nan
445526	444	45373.867007	2018.62089909	2018.67743775	1.40406639077	2021.6091212137333	2016.4946668008117	nan	nan
446860	446	45463.115243	2018.39404171	2018.26000079	0.921443996743	2020.6008949222846	2017.293602151755	nan	nan
446738	445	45466.4826021	2018.41007055	2018.61832942	1.249383761	2019.8488829465878	2015.6992059180234	nan	nan
447868	447	45640.3174441	2018.79426854	2018.65982246	1.18584993163	2021.1831078080083	2017.1505349357133	nan	nan
448000	448	45673.0924661	2019.06253358	2019.17206113	0.949264793796	2020.699488048344	2017.725537463185	nan	nan
455588	450	47417.020294	2019.02685429	2018.75677321	1.31079243973	2021.4669829133534	2016.7476316910945	nan	nan
455737	451	47419.9103401	2019.30264606	2019.09159253	1.13190533853	2021.189941098632	2017.9785986214333	nan	nan
455993	452	47435.3944321	2019.47112675	2019.25856877	0.853525887275	2021.083252153658	2018.4815162819536	nan	nan
453373	449	47442.9070601	2018.88840133	2019.1150862	1.2953085065	2020.4943942178306	2016.9185858167011	nan	nan
456687	453	47465.028398	2019.24304103	2018.88004309	1.48253722747	2021.6929005877066	2017.3817218237157	nan	nan
456714	454	47474.7827051	2019.4833022	2019.34803198	1.27231860693	2021.4829901354453	2016.4993328574947	nan	nan
456911	455	47494.069942	2019.3736441	2019.93444767	1.25100925762	2020.7446126844256	2016.5588273397748	nan	nan
458211	456	47565.1787012	2019.02221288	2019.22058116	1.06441299341	2020.7190104325946	2017.3375119490656	nan	nan
458751	457	47598.512569	2019.11676891	2018.69492286	1.48942486358	2022.0163535296565	2017.3164124869188	nan	nan
459376	458	47618.2037551	2019.12933676	2019.30720314	0.905773992835	2020.276845893749	2017.6680486832518	nan	nan
461245	459	47782.6407251	2019.24495307	2019.40295335	0.962028446812	2020.5681336384723	2018.0047062272117	nan	nan
462610	461	47904.402622	2019.46458837	2019.62803345	1.54085225008	2021.9350989510563	2016.662894440032	nan	nan
461462	460	47913.640312	2018.8868291	2018.97894049	0.910693535644	2020.106324678313	2017.3690345687264	nan	nan
462832	462	47946.4990911	2019.17346163	2019.14651089	1.1318315217	2021.168196792776	2017.5010037853922	nan	nan
463237	463	48007.7069201	2019.32463152	2019.18963877	1.06157395441	2021.424408113105	2017.4486410520026	nan	nan
470678	465	48252.146939	2019.06137651	2018.93166832	1.14854824423	2021.1406854871748	2017.3897230314476	nan	nan
470104	464	48292.622709	2019.40578441	2019.14611956	0.86145545089	2020.747967522231	2018.0416001778876	nan	nan
471704	466	48344.3365149	2019.27702357	2019.30282755	0.89785642186	2020.7603109884337	2017.5925691886423	nan	nan
473450	468	48408.2178941	2019.28720271	2019.27977597	0.985227787973	2020.7493708887391	2017.8073694602788	nan	nan
473128	467	48411.3711751	2019.4603841	2019.44525559	1.00662918026	2020.9986196141601	2017.671244599808	nan	nan
473513	469	48415.8327341	2019.83038008	2019.31410383	1.39259577816	2022.4594521724546	2018.4157278204825	nan	nan
473987	470	48422.8602262	2019.65083519	2019.58379796	0.777696100839	2020.7295651920667	2018.182801421189	nan	nan
474722	471	48442.9384661	2019.24393472	2018.92715058	0.69952062522	2020.6792185860388	2018.6936729362717	nan	nan
476185	474	48489.451292	2018.91133736	2019.29862761	1.48093122249	2020.8736078032834	2016.1473484480262	nan	nan
475300	472	48493.46874	2019.58002182	2019.80368002	0.868877174038	2020.7013538176313	2018.2510517524936	nan	nan
476124	473	48532.930486	2019.62489093	2019.80087357	1.12934918413	2021.1382369982214	2017.6975446995973	nan	nan
477486	476	48619.440969	2018.82769161	2019.15618993	1.18642361184	2020.0192231694023	2016.298324029843	nan	nan
477340	475	48619.5211611	2018.7988646	2018.9291002	0.793884394306	2019.939566974904	2017.2485036973528	nan	nan
478725	478	48723.2750711	2019.69523199	2019.17590325	1.58970524212	2022.3333000595978	2017.9501269752093	nan	nan
478719	477	48731.2567329	2019.38967114	2019.61910801	0.789157338392	2020.378712649553	2018.1827489539924	nan	nan
479890	479	48898.9467521	2020.0588066	2019.80376673	1.22077669087	2021.9187618584576	2018.458942172318	nan	nan
480000	480	48939.6866751	2019.20791255	2018.82742954	1.1856370383	2021.3708433544816	2017.6259382842416	nan	nan
487463	481	50601.8707991	2019.46151052	2019.46271228	0.620574680091	2020.8397048547452	2018.656682502245	nan	nan
487545	482	50613.459542	2019.71056068	2019.65977354	0.767716224874	2021.1877312769434	2018.8166247117622	nan	nan
487882	483	50626.718286	2020.1945001	2020.3683363	0.992447427523	2021.5231651487065	2018.2084934508046	nan	nan
488144	484	50631.314353	2020.0039026	2019.68662157	0.889560845344	2021.4042084838195	2019.1076043799048	nan	nan
488576	485	50661.71541	2019.54120115	2019.82631364	0.835821046579	2020.2596889621354	2017.54114422222	nan	nan
488734	486	50662.9260161	2020.00028393	2019.81320739	0.926824129887	2021.6675071281154	2018.9254741310199	nan	nan
488977	487	50697.6459131	2019.7936864	2019.68420622	1.37430460439	2022.4396845842023	2017.7183923103319	nan	nan
489960	488	50778.8899791	2019.94609919	2019.95065854	1.11868875642	2021.2960943362998	2018.0088568415404	nan	nan
490447	490	50783.7104151	2019.91855647	2020.18901981	1.32346359692	2021.6667967458425	2017.76581568799	nan	nan
490324	489	50816.4784989	2019.98683331	2020.15541968	0.812105205044	2021.2048929265775	2018.8441590121563	nan	nan
492846	491	51003.907717	2020.03869916	2019.92321999	0.941133002661	2021.3105541141479	2018.6446029660694	nan	nan
494501	492	51131.529218	2019.76114811	2020.18560893	1.5773631411	2021.6061900834086	2017.4369341209135	nan	nan
494558	493	51132.9293971	2019.33920344	2019.52820391	0.862623555096	2020.658367087097	2018.184176285114	nan	nan
494792	494	51177.3955741	2019.4759705	2019.4925379	0.96572940581	2021.1140320121594	2017.8985451055619	nan	nan
495229	495	51235.9965491	2019.73954812	2019.39991673	1.10053827968	2021.4817821213492	2018.5695422103843	nan	nan
500139	496	51455.1491911	2019.35639665	2019.09397417	1.25859719237	2021.7870215317434	2017.4650648339411	nan	nan
501595	497	51501.8867931	2019.37871484	2019.30144569	1.35925517437	2021.6980559596436	2017.099823435651	nan	nan
503195	498	51546.744839	2019.61229497	2020.49577808	1.73203042727	2021.1364846580382	2015.8760068533747	nan	nan
505521	501	51598.8706541	2019.46320839	2019.09721602	1.36444550525	2022.2109877711152	2017.6830212131301	nan	nan
505378	499	51620.3426871	2020.12723604	2020.00260886	1.35980607164	2022.538485655533	2017.5367757429399	nan	nan
505457	500	51626.8303721	2019.96304875	2020.23544955	0.880044928396	2020.9665490021596	2018.522868888964	nan	nan
505821	502	51636.831656	2019.99661763	2019.63296353	1.574487088	2022.3478470379425	2017.7825094237687	nan	nan
506272	503	51663.4990921	2019.6109377	2019.68718361	0.873792990552	2021.404284260711	2018.0621763213699	nan	nan
507425	504	51713.62604	2019.56489554	2019.00388968	1.35622775647	2022.0467278168965	2018.3000513656543	nan	nan
507459	505	51726.2484109	2020.94696918	2021.63772962	1.28328565144	2022.3428025698577	2018.9399444968356	nan	nan
508129	506	51743.6571469	2019.77734806	2019.34111981	1.54891499255	2023.02663828927	2018.1366803264937	nan	nan
509330	507	51845.028851	2019.64691376	2019.45195888	1.00461215729	2021.3636006971951	2018.3306757638034	nan	nan
509362	508	51845.3513751	2019.62519228	2019.52986971	1.58839354397	2022.4613428663235	2016.4686514863427	nan	nan
510667	509	51955.971786	2019.49909634	2019.54733115	1.03253508064	2021.3787267010562	2017.4388861681598	nan	nan
510725	510	51964.044636	2020.02173439	2020.05208862	1.46390322618	2022.2945820022637	2017.5624601628517	nan	nan
511861	511	52145.7664351	2019.90986142	2019.7851109	1.14510542883	2022.060296750995	2018.381089877105	nan	nan
512000	512	52186.524729	2020.06114948	2020.45427978	0.815452538548	2021.0226343658373	2019.0096675135233	nan	nan
519849	516	53784.4030931	2020.53062858	2020.44507574	1.43947417663	2023.1614624556253	2018.4097126576235	nan	nan
519115	513	53785.4857039	2020.60966581	2020.88347462	0.947963111396	2021.5159921220577	2019.3102503968514	nan	nan
519404	514	53795.4791021	2020.7255729	2020.66852764	0.792849794086	2022.1094073663394	2019.7260948835958	nan	nan
519841	515	53811.446317	2020.30472642	2020.18518901	1.6206262357	2023.4678110872474	2017.7528382605472	nan	nan
520591	518	53850.954242	2020.52073668	2020.89212105	1.17708640674	2021.6709529002062	2017.4704655564315	nan	nan
520543	517	53851.3211381	2019.8188905	2019.85961675	0.8092055832	2020.9660581706667	2018.2796004183378	nan	nan
521059	519	53880.7989721	2020.79039219	2020.60799469	1.05987529807	2022.208742177986	2018.9014475758806	nan	nan
522121	521	53941.846267	2020.17980299	2019.97686489	1.14209365766	2022.5256398091003	2018.4856210023643	nan	nan
522093	520	53980.232578	2020.50078838	2020.6812361	0.692883329473	2021.6236253183204	2019.418096065864	nan	nan
522363	522	54015.912852	2020.24046997	2020.83102401	1.26525846674	2021.705817387288	2018.2765070258708	nan	nan
524722	523	54221.9454911	2020.22601174	2020.04279293	0.814677897294	2021.60018638466	2019.268206399424	nan	nan
526475	524	54357.020061	2020.58073716	2020.9895684	1.44993410868	2022.3239600174225	2018.4265579309697	nan	nan
526518	525	54359.382329	2020.83543059	2020.84255111	0.57553511442	2021.8745504107392	2019.8323382983633	nan	nan
526864	526	54408.15347	2020.54937484	2020.20729619	0.753255912841	2021.7462972525082	2019.42797630361	nan	nan
527404	527	54473.857306	2020.23706055	2020.36109867	0.902127054086	2021.5254129186849	2018.4745975784308	nan	nan
531691	528	54653.3018491	2020.22352769	2020.13468208	0.815252754582	2021.5925591075354	2018.8939742226016	nan	nan
533350	529	54704.4414361	2020.34118337	2020.414087	0.951741836919	2021.6573168087687	2018.3689213731648	nan	nan
534759	530	54762.8604071	2020.12787149	2020.15268723	0.943455537323	2021.342047009807	2018.5292743757288	nan	nan
536397	531	54784.5758262	2020.61683026	2020.48715359	1.24923610316	2022.5906095719772	2018.162800695144	nan	nan
537172	532	54821.145313	2020.96846457	2021.10726472	0.838018615939	2022.0655919550484	2019.3652373700354	nan	nan
537403	533	54835.315305	2020.56771646	2020.51322184	0.801555947697	2021.8915357347755	2019.3737059258472	nan	nan
537644	534	54854.00685	2020.73122105	2021.0026977	0.892740070139	2022.0643261870848	2019.1603621150118	nan	nan
538149	535	54883.0929501	2020.04903517	2019.88267874	1.05739757332	2022.0233136095337	2018.9742103609692	nan	nan
539276	536	54919.643353	2020.13257407	2019.93676563	1.64864397803	2022.2218058862077	2017.7011891500817	nan	nan
539827	538	54951.8567951	2020.14532255	2019.77955248	1.19408188294	2022.574775405171	2018.841065327473	nan	nan
539643	537	54963.50021	2020.25383693	2020.23918358	0.627635123318	2021.2052027112798	2019.3931495712504	nan	nan
541245	540	55069.3676651	2020.79201222	2020.71358193	0.93741423524	2022.6758680281703	2019.3864804198117	nan	nan
541220	539	55069.5565801	2020.06153123	2020.00999398	1.18355645334	2021.6079050185801	2018.453791082659	nan	nan
542627	542	55187.2003469	2020.08760415	2020.28178723	1.04740954697	2021.20622665438	2017.8426431482449	nan	nan
542566	541	55189.651706	2020.43666689	2020.27328205	0.71027731498	2021.6194564436194	2019.5331906667807	nan	nan
543861	543	55383.7883101	2020.50653507	2020.56132126	0.978867478655	2022.5271029772591	2018.717162776477	nan	nan
544000	544	55419.2078462	2019.95437151	2020.31917341	1.47671112154	2021.6391803912072	2017.3708060689814	nan	nan
551029	545	56919.209836	2021.11480479	2021.34972826	0.871132871984	2022.2092478058812	2018.938061571933	nan	nan
551062	546	56945.465445	2020.37069788	2020.30605036	1.25341190917	2022.1690920832436	2018.3088631389026	nan	nan
551415	547	56954.802402	2020.71192678	2020.206121	1.13806536525	2022.6666814491696	2019.3051032218839	nan	nan
551802	548	56981.1381731	2021.13126694	2021.18149069	0.853589369131	2022.7582111508436	2019.8224480546965	nan	nan
552580	549	57011.68838	2020.25586617	2020.607602	1.07649854925	2021.6561348699706	2017.7992406994545	nan	nan
552588	550	57023.1066751	2021.30244965	2021.82897069	1.06486547917	2022.37136881776	2019.1502217971267	nan	nan
553001	551	57037.6092072	2021.116233	2021.05846219	1.17742697919	2022.8044264428404	2019.079859410213	nan	nan
553664	552	57096.644902	2020.69855133	2020.82719913	0.43818495232	2021.206366600648	2019.6990895074184	nan	nan
554059	553	57162.6171751	2020.09345642	2020.15983694	1.05214024413	2021.7212795260648	2018.369226118472	nan	nan
554320	554	57234.782172	2020.25337811	2020.08216296	0.761961014687	2021.298147461453	2018.849977096458	nan	nan
556602	555	57388.3194091	2021.16828552	2021.15603494	0.841807249007	2022.416347829156	2019.802554883712	nan	nan
558407	556	57558.9290881	2020.56962956	2020.7586187	0.891200607338	2021.799850638805	2019.1228721671653	nan	nan
558960	558	57613.312417	2020.86470026	2020.99932286	1.36091918048	2022.9401706878245	2018.8006705502776	nan	nan
558534	557	57640.3156061	2021.02710653	2021.22151459	1.26035486098	2022.3332861858426	2018.2260010138116	nan	nan
559634	559	57672.474829	2020.56461376	2020.60168525	0.542631800395	2021.4408593506432	2019.701050756239	nan	nan
563488	560	57827.656944	2020.48478228	2020.4791729	0.97138044585	2022.320842870211	2019.1556639094756	nan	nan
565149	561	57941.626199	2020.83848514	2020.65941838	1.04391095922	2022.4562074923597	2019.433885182041	nan	nan
567474	563	57997.2141471	2020.59757848	2019.99637729	1.24452577568	2022.4507884412874	2019.2198130685588	nan	nan
566912	562	57998.952467	2021.33763612	2021.22916256	0.77699243446	2022.818013427101	2020.2122207412415	nan	nan
568680	564	58073.507437	2020.43869094	2020.67798957	0.89835008667	2021.4065916993416	2018.6110336619265	nan	nan
569043	565	58094.3364182	2021.58143679	2021.20172087	0.980899796558	2023.5662482432456	2020.080278172364	nan	nan
569492	566	58110.25705	2020.74972352	2020.68868804	0.974011139141	2022.0845896077265	2018.752575263069	nan	nan
570145	567	58139.3119531	2021.38601247	2021.22784631	1.33087531429	2023.9408054749144	2018.8478997242935	nan	nan
571843	570	58163.5838311	2020.90554284	2020.79051134	1.13943887409	2023.0200403830336	2019.356334529327	nan	nan
570850	568	58170.9827051	2021.04868092	2021.42871205	1.17038955701	2022.6574139580407	2018.6470681516967	nan	nan
571565	569	58201.0492911	2020.41398346	2020.68958158	1.22146053322	2021.83873305829	2018.3589367592197	nan	nan
573205	571	58324.302705	2020.38983838	2020.48402863	1.31604533653	2022.5444672833387	2017.942034379119	nan	nan
573215	572	58330.151041	2021.15930601	2021.15629115	0.93535289593	2023.1553168197315	2019.5307682989667	nan	nan
574557	574	58446.7103081	2020.52557865	2020.60848449	1.38542766978	2022.4810508808102	2017.2501406727968	nan	nan
574525	573	58454.5386062	2020.72975697	2021.11929489	0.973994182032	2021.8517913009061	2019.031076889452	nan	nan
575901	575	58657.044744	2020.99579183	2021.17424525	1.4070698162	2022.8336979467415	2018.400376806475	nan	nan
576000	576	58701.1594679	2020.51205354	2020.71316574	0.714148105048	2021.6287634295347	2019.0554730447511	nan	nan
582010	577	60077.2278631	2021.26276149	2021.20300748	0.826127497133	2022.2769700728372	2020.0182475074246	nan	nan
582723	578	60129.2134771	2021.7033506	2021.60634707	1.28913960006	2023.8231911834075	2019.6728391611143	nan	nan
582960	579	60134.248332	2021.31573519	2021.16045499	1.42213568528	2023.9663673066425	2018.7949197831097	nan	nan
583649	580	60156.0548291	2021.2005439	2021.28985113	0.843711465668	2022.3989412125154	2019.9800929320618	nan	nan
584269	581	60192.6747041	2021.17162932	2021.01668735	0.863448135939	2022.4825558850475	2019.942993523488	nan	nan
584674	583	60215.4623082	2021.59442234	2021.51716201	1.40497732729	2023.6658217864526	2019.2837175903164	nan	nan
584446	582	60216.2674739	2020.83909614	2020.79196804	1.08346076008	2022.6359587144561	2019.4160198293735	nan	nan
585254	584	60259.1655819	2021.59519465	2021.62338865	0.696796152699	2022.6718254158598	2020.505920860949	nan	nan
585982	585	60355.2475371	2021.49254061	2021.55989348	0.867233469921	2022.6454333216016	2020.1777503793628	nan	nan
586491	586	60429.3208201	2021.75303331	2021.80463496	1.21172776217	2023.5781205920032	2019.8470526765057	nan	nan
587834	587	60595.758044	2021.06951564	2021.37523144	1.03679610339	2022.1436436382492	2019.1532341419513	nan	nan
590279	588	60788.879127	2021.46346125	2021.64084587	1.04422596545	2023.2257251770475	2019.6151561845875	nan	nan
590998	589	60851.7829862	2020.98220369	2021.40799894	1.08910034669	2022.3142733452307	2019.6382369970524	nan	nan
591300	590	60889.258357	2021.46400883	2021.37236202	1.11993144361	2023.49933195727	2020.120753928564	nan	nan
591598	591	60897.48931	2020.94732469	2021.09957177	0.659799359972	2021.8906869778111	2020.0338718159194	nan	nan
593761	592	61019.754298	2021.55494203	2021.49117251	0.752682778376	2022.6405006367233	2020.3067145455962	nan	nan
597014	593	61154.1898501	2021.93670235	2022.31758471	0.948768768971	2022.9136310742501	2019.895385541806	nan	nan
598595	594	61175.537859	2021.01485014	2021.36980771	1.09384835694	2022.5379756433053	2019.2805431033805	nan	nan
598806	595	61222.183929	2021.35286356	2021.38716664	0.770539737347	2022.7904746846564	2020.386901048991	nan	nan
600807	596	61295.2999899	2021.42102844	2021.51452604	1.12761626753	2023.2613555856915	2018.9090342474162	nan	nan
601403	597	61311.2545052	2021.56883759	2021.61117395	1.25689673324	2023.4806443910113	2019.012644947678	nan	nan
601692	598	61328.9269171	2020.9670703	2020.9424186	1.13954922003	2022.8405155238327	2019.0988105539939	nan	nan
602366	599	61379.143085	2021.54819194	2021.6938377	1.19568365109	2023.7475472079886	2019.4230974369714	nan	nan
602972	601	61389.84407	2021.21920287	2021.22045663	0.724633501471	2022.1735134972107	2020.045147578227	nan	nan
602877	600	61400.4359372	2021.74542256	2021.48202507	1.83525404563	2025.1365721582797	2019.7404564549229	nan	nan
603494	602	61435.4451702	2021.91680612	2021.55925235	1.11856209703	2023.6654780313534	2020.5964842199658	nan	nan
605113	603	61552.183898	2021.2966973	2021.02312415	1.26495891842	2023.6379013695218	2019.9952338370963	nan	nan
605201	604	61568.2701399	2021.21502342	2021.24439681	1.20934839696	2022.609674541125	2018.992795408168	nan	nan
606478	606	61684.5141351	2021.21484976	2021.04133396	1.16494782897	2023.0561311411575	2019.8630656067396	nan	nan
606405	605	61691.6290832	2021.27770213	2021.39857184	1.48472230924	2023.7009268028437	2018.0856171541582	nan	nan
607859	607	61908.5360041	2021.39850707	2021.17104745	1.04038752711	2022.8712682586022	2019.844648120056	nan	nan
608000	608	61962.9837971	2020.76949348	2020.75690763	0.979198422073	2022.290679761866	2019.3041647887874	nan	nan
613642	609	63235.2367551	2022.32250865	2022.47481443	0.894047971906	2023.7023144926486	2020.6088874945788	nan	nan
614953	611	63310.210099	2022.12737453	2022.25106987	0.890056718373	2023.3517962308085	2020.3095273939427	nan	nan
614856	610	63310.28701	2021.55910516	2021.32049185	0.927418884572	2023.4412505369935	2020.204214392982	nan	nan
615478	612	63331.770968	2021.3718903	2021.60442846	0.752803840027	2022.545220681716	2020.1603539047626	nan	nan
616191	613	63372.3629541	2022.02049465	2021.82773661	0.907412101093	2023.232718259671	2020.8207930049905	nan	nan
616618	614	63404.326107	2021.68046359	2021.80350233	1.20546383517	2023.5975027595687	2019.2392313659657	nan	nan
616644	615	63408.8709371	2022.10049749	2021.85306529	1.10497038139	2023.8733815317116	2020.5683714019035	nan	nan
617075	616	63432.8210421	2021.68592347	2021.68226691	1.1464980375	2023.1643823667462	2019.6868385241485	nan	nan
617952	617	63550.5324931	2021.87390488	2021.90996067	1.30490530027	2024.021979153353	2019.7028385838273	nan	nan
618427	618	63626.956084	2021.37550798	2021.33864357	1.31577329028	2023.1738031423686	2018.9056860553217	nan	nan
619492	619	63810.725379	2021.64831389	2021.56392931	1.14888901107	2023.1977683814812	2019.7149272586908	nan	nan
622282	620	64012.1469359	2021.8216469	2021.98101371	1.11668500215	2023.2061522291522	2019.420384848237	nan	nan
623095	621	64061.3041461	2021.83213006	2021.62408086	1.43138055228	2024.6028350421143	2019.881019593365	nan	nan
623775	623	64125.7244442	2021.42433069	2021.34918864	0.941631217456	2023.1461827137894	2020.1371864058474	nan	nan
623756	622	64129.923501	2021.73005667	2021.34256454	1.06348904432	2023.3336517040043	2020.5549407371282	nan	nan
625430	624	64226.582124	2021.25724732	2020.98348801	0.9095005598	2023.2398948003724	2020.3308239927665	nan	nan
629393	626	64348.343878	2021.57457487	2021.30322717	1.13643335094	2023.3331441809212	2020.1902844015904	nan	nan
628798	625	64365.531431	2022.02562141	2021.92024666	0.858266361537	2023.4392431007166	2020.60209268006	nan	nan
630785	627	64435.2965741	2022.29913555	2022.27826435	0.857120108694	2023.373714752214	2020.7617041950418	nan	nan
632636	628	64514.426898	2021.55846001	2021.45119905	1.37570124034	2023.561529237542	2019.4936715341223	nan	nan
632962	629	64524.063695	2021.9706613	2022.09175865	0.732723029029	2022.8364931820124	2020.3859401349887	nan	nan
633429	630	64531.931535	2021.55860762	2021.45771641	0.889071828841	2023.1116814286154	2020.2950997187845	nan	nan
634431	631	64590.226449	2022.2687358	2022.52398136	0.908124469714	2023.841846732659	2021.1535456936315	nan	nan
634638	632	64593.3671241	2021.84813517	2021.70714542	1.06681068009	2023.7278802881071	2020.585412997789	nan	nan
634873	633	64629.1895771	2021.54449904	2021.64281256	0.753838159223	2022.6468556193752	2020.4317524903254	nan	nan
635473	634	64638.0618331	2021.74938732	2021.64795637	1.19737373097	2023.461551024077	2020.0224693988112	nan	nan
637028	635	64776.8108881	2021.94686642	2022.30228281	0.742323556276	2022.5689268018677	2020.4014674923174	nan	nan
637199	636	64781.1956911	2021.39961293	2021.03430719	1.25832585224	2024.2112683551131	2019.851654218509	nan	nan
638274	637	64908.1698132	2021.5406036	2021.7343003	1.02225412373	2023.2893787387145	2019.5147492660594	nan	nan
638368	638	64922.0602291	2022.09848577	2022.18858107	1.0744083398	2023.7274583705785	2020.1023881036892	nan	nan
639831	639	65136.5760441	2022.05019949	2022.18365896	0.753515344825	2023.268719315473	2020.7405351352386	nan	nan
640000	640	65201.1226501	2021.48868865	2021.4421875	1.11149162418	2023.2497676025712	2019.9780816179748	nan	nan
644875	641	66429.669734	2022.51157145	2022.73539127	0.96626957912	2023.6108376215134	2020.172755813539	nan	nan
646879	643	66507.345547	2022.28621675	2022.75691579	1.30450872364	2023.683195489185	2020.2236230459137	nan	nan
646865	642	66507.358017	2022.07770108	2022.17399764	1.13071799948	2023.8375599444403	2020.1861525968363	nan	nan
647314	644	66528.2128201	2021.63245008	2021.68280463	1.08892269575	2023.3340552409468	2020.1367995694166	nan	nan
648087	645	66575.284374	2022.33222982	2022.11962657	0.852681588704	2023.9025737732406	2021.4096964190535	nan	nan
648928	648	66604.699487	2022.51409443	2022.44741619	0.668480425618	2023.6806286063397	2021.336422757742	nan	nan
648629	646	66608.5408549	2022.16705676	2022.29860429	1.30618010133	2023.8503937050666	2019.6148694709393	nan	nan
648713	647	66620.034837	2021.74204494	2021.57934151	1.05757211702	2023.9245559528508	2019.883677753117	nan	nan
649858	649	66764.1893961	2022.17612682	2022.11565897	0.736561838984	2023.3373157136743	2021.3621698343607	nan	nan
650385	650	66837.4326031	2021.93996793	2022.28067146	1.36768203092	2023.4153552473028	2019.358836896434	nan	nan
651441	651	67025.7151701	2022.46649905	2022.05713643	0.940920398572	2024.3021470669876	2021.402019002595	nan	nan
654342	652	67246.7750421	2021.74487853	2022.103652	1.53528660226	2024.1532379693876	2019.2093361719133	nan	nan
655024	653	67309.0134292	2022.95397301	2023.23053446	0.955445366252	2024.1424841730282	2021.225526624179	nan	nan
656188	655	67346.6150551	2022.13326327	2022.08979739	1.06394558912	2023.7987309026648	2020.6191730566	nan	nan
656105	654	67366.398977	2022.07388635	2022.09489435	1.00665875616	2023.3793528165604	2020.278736661776	nan	nan
657466	656	67434.6430771	2022.97864548	2022.94748261	1.27661707347	2025.0990864185485	2020.6186042469974	nan	nan
660197	657	67532.368659	2022.46847822	2022.35768	0.777615993941	2023.7902060672118	2021.59660418654	nan	nan
660815	658	67557.899595	2022.0831393	2021.97642677	1.1706052336	2023.752369902622	2020.1533102990713	nan	nan
662773	659	67624.260947	2022.37007742	2022.54886115	1.29299738298	2024.5427101283428	2020.257227101295	nan	nan
664994	661	67704.1672451	2022.00433785	2021.97323366	0.989437993133	2023.405999608613	2020.0493774134432	nan	nan
664775	660	67706.937068	2022.10934293	2022.26099835	1.05832507911	2023.7655286012753	2020.122439284686	nan	nan
665222	662	67726.5639939	2022.1251764	2022.27879441	1.1380532519	2023.3525047417245	2020.2504763373408	nan	nan
666449	664	67797.4757349	2022.27742085	2022.40366146	1.19299176165	2024.5585885215003	2019.9106821781365	nan	nan
666371	663	67799.6526141	2022.30265807	2022.04324589	1.47208959516	2024.7824390254564	2020.4013395842626	nan	nan
667101	665	67836.6799741	2022.19030583	2021.99186053	1.13604245959	2023.7776143633657	2020.9041927886515	nan	nan
667219	666	67868.9998701	2021.39535362	2021.43814299	1.31951953361	2023.079069088216	2019.506839601613	nan	nan
669075	668	67986.6048319	2021.4074508	2021.34048903	0.891638635445	2022.5877266035463	2019.5168206648095	nan	nan
669025	667	67991.106822	2021.741693	2022.13456643	0.992287756157	2023.0156009245786	2019.9388179531077	nan	nan
670165	669	68121.7575591	2022.09783045	2022.27553712	0.751375069518	2023.375583299023	2020.9019107178751	nan	nan
670309	670	68135.476337	2022.50824612	2022.27448687	0.910015968419	2024.3476096486254	2021.2404509644437	nan	nan
671786	671	68379.599601	2022.22577689	2022.27682477	1.07270955136	2024.276160553239	2020.166911285349	nan	nan
672000	672	68443.170413	2021.31643373	2021.08504848	1.08592453299	2023.1773255827347	2019.6448064372103	nan	nan
676855	673	69624.1826131	2022.91264233	2023.02744336	1.41303914243	2024.7959515852265	2020.4550199620066	nan	nan
678800	675	69689.506768	2022.81508632	2022.94599571	1.32213243457	2024.4529505944333	2020.3521539560224	nan	nan
679183	676	69709.394217	2022.53137385	2022.30362506	1.38583804652	2025.0946846081158	2020.7711265664248	nan	nan
678778	674	69711.437418	2022.78366961	2022.7367168	1.08387649522	2025.4457789102557	2021.564228218816	nan	nan
680627	678	69768.1069191	2022.40941172	2022.56215281	1.14811155593	2023.9096073288138	2020.5999143925035	nan	nan
680095	677	69772.045248	2022.69080498	2022.21355844	1.22856768374	2025.3817041027783	2021.3779401437423	nan	nan
680668	679	69821.42085	2023.35664268	2023.42423287	0.904948122857	2024.5342697027445	2021.9523112794984	nan	nan
680784	680	69828.6224911	2022.17948627	2022.13755088	1.20784259729	2024.5449797109818	2020.4422288868175	nan	nan
681889	681	69978.292752	2022.20540814	2022.18759061	0.779551723084	2023.5196049983897	2020.7972754789607	nan	nan
682375	682	70029.002327	2022.48556507	2022.44592927	0.842652231402	2023.864856388936	2021.2026320199666	nan	nan
683309	683	70238.990356	2021.8140795	2021.66191769	0.753508224159	2023.3587472703553	2020.9085446239785	nan	nan
686435	684	70474.16752	2021.98204337	2022.07205157	1.54628212956	2025.7349777356937	2020.0968647780724	nan	nan
687665	685	70523.664257	2023.24583328	2023.55906531	1.22105022442	2024.5533496046119	2021.3905965272045	nan	nan
688352	686	70584.077919	2022.56493949	2022.92734181	1.34738730987	2024.9696271154226	2019.99674039169	nan	nan
688742	687	70586.2205911	2022.03084467	2022.00442568	1.3071633255	2023.5198307524697	2019.5215256977328	nan	nan
689840	688	70634.1179252	2022.71902762	2022.53022129	0.640934211452	2024.3614173100984	2022.2267235300137	nan	nan
691936	689	70735.677047	2023.05453057	2022.75915159	1.42850337984	2025.6065704664227	2021.5438168226424	nan	nan
692617	690	70752.873965	2022.82290011	2022.6851798	0.668971489114	2023.872715483581	2021.8894326459492	nan	nan
694369	691	70839.9328041	2022.24731257	2022.43500032	1.29719909497	2023.8352506695114	2020.0076043307636	nan	nan
696409	693	70922.3690071	2022.70246503	2022.7509835	0.849826256046	2024.0580848909726	2021.228864301766	nan	nan
696343	692	70925.363622	2022.49774509	2022.31512545	1.10633103665	2024.8345580059627	2020.9792839787895	nan	nan
696893	694	70947.0502791	2022.76549273	2022.70885491	1.36008519342	2024.8729142036184	2020.6310179287982	nan	nan
698313	695	71000.012116	2022.49242297	2022.58312503	0.713287226849	2023.456396399943	2021.3750363468148	nan	nan
698404	696	71030.226485	2022.43473597	2022.91938614	0.896194796348	2023.2793836944018	2020.9665999396195	nan	nan
698951	697	71051.3654871	2022.71709056	2022.97524016	0.845657641018	2023.7052504278715	2020.9449003835846	nan	nan
699495	698	71106.910414	2022.30690643	2022.5223041	0.835853365554	2023.2935327430118	2021.0135513336425	nan	nan
701081	700	71202.935601	2022.91918995	2022.9080652	0.506200647721	2023.8434159517867	2022.263392941187	nan	nan
701059	699	71215.795192	2022.79451494	2022.76800953	0.805026346559	2024.069998329043	2021.3773282129143	nan	nan
702071	701	71343.3244491	2022.5471082	2022.33977708	0.986866959316	2023.98085922282	2021.0950838226063	nan	nan
702176	702	71364.9048181	2022.23380878	2021.98043306	0.892832738295	2023.7040768980955	2021.058350237939	nan	nan
703786	703	71628.6603041	2022.77913459	2022.68038753	1.41511271969	2025.0572583044025	2020.8256193370366	nan	nan
704000	704	71693.723515	2023.09367211	2023.51669412	1.46343033023	2024.5499592028823	2020.383580351708	nan	nan
708762	705	72778.2658091	2022.77976689	2022.59826353	0.819375746522	2024.6217502721795	2021.7427297024633	nan	nan
710377	706	72883.0741601	2022.9502455	2023.06535859	0.789302904561	2024.139092455277	2021.7150965524884	nan	nan
710915	708	72897.927223	2022.7047212	2022.59851926	1.56262672923	2024.8752584116169	2020.2174308298138	nan	nan
710902	707	72902.0164909	2023.61722595	2023.59217654	1.2435440466	2025.972258247213	2021.3486762012876	nan	nan
711967	709	72942.208282	2023.42132663	2023.40330905	0.803645851594	2024.5631155888268	2022.1574089561368	nan	nan
712084	710	72960.869612	2022.96789701	2023.21038426	1.03822180839	2024.0629575225062	2020.849688981457	nan	nan
712723	711	73006.8893139	2022.66402177	2023.11387637	1.11676130353	2023.7071960501391	2020.236048870876	nan	nan
712809	712	73024.1583362	2022.92064256	2022.71222986	1.17189484687	2025.3495180167622	2021.103711128571	nan	nan
713984	713	73169.7836301	2023.02837131	2023.32120937	1.16840685208	2024.3167284687197	2020.9323394531525	nan	nan
714282	714	73209.410419	2022.83771968	2022.9934389	1.11116012207	2024.5381255910838	2020.5886060645216	nan	nan
715222	715	73441.8703341	2022.93015545	2023.19952461	1.26722165275	2024.8138396164331	2020.6760197467584	nan	nan
718707	716	73691.5094211	2022.57867972	2022.44237746	0.788436165657	2024.0109450237383	2021.43649198894	nan	nan
719723	717	73743.3960471	2022.82682106	2022.64757829	0.87257778631	2024.79591033584	2021.5166695279775	nan	nan
720975	719	73808.4353499	2022.92246851	2023.13978268	1.14401455407	2024.8014940910948	2021.4625848694986	nan	nan
720942	718	73831.4408951	2022.98441694	2023.10940712	0.787555802473	2024.046786357844	2021.6774648011356	nan	nan
721585	720	73838.5570881	2022.81989735	2022.62376819	1.04664622883	2024.7256268860394	2021.5226321961836	nan	nan
723721	721	73925.4102221	2022.70807509	2022.51563278	1.06173216454	2024.8959215674988	2021.340869542001	nan	nan
724110	722	73963.189249	2023.3378864	2023.17320188	0.756696508459	2024.4141165844612	2022.1224291989786	nan	nan
726299	723	74067.542711	2022.19804545	2022.08809838	0.844109740745	2024.1161768550523	2021.0243903571502	nan	nan
728282	724	74139.9116361	2022.76978484	2022.50154538	1.44016729784	2025.0783946070876	2020.7463741025592	nan	nan
728352	725	74146.327909	2022.6449485	2022.5763585	0.756929648773	2023.7979240564987	2021.1869820437396	nan	nan
728817	726	74171.0545311	2023.07253835	2022.8804337	0.950367458965	2025.0930676572157	2021.9398127199695	nan	nan
729938	727	74235.8962522	2022.2193049	2022.26987541	0.517063991501	2023.0371289353766	2021.4505139416808	nan	nan
730457	728	74245.851563	2022.48565502	2022.74615884	1.47532740405	2024.2172242741663	2019.4991008463392	nan	nan
730759	729	74260.2134361	2022.69113376	2022.87568159	0.980230529189	2023.7974541661295	2020.7232359822542	nan	nan
731636	730	74327.1787221	2023.34826227	2023.37710286	1.03656226185	2024.8513069662781	2021.6260736149386	nan	nan
732943	731	74425.181262	2022.97513327	2022.69238857	1.22522357184	2025.6729962908876	2021.6926806031415	nan	nan
733065	732	74446.9930561	2022.48090316	2022.54063203	1.22126151084	2025.0516371195502	2020.661683924261	nan	nan
733964	733	74572.568619	2022.66824009	2022.49662622	1.11618282768	2024.4098562442764	2021.046461337289	nan	nan
734133	734	74590.4533401	2022.76798414	2022.46264596	1.11596370882	2025.133228431463	2021.6141295580508	nan	nan
735786	735	74862.1943281	2022.86262378	2022.86140606	1.35263560972	2024.4959611676795	2020.1678318850304	nan	nan
736000	736	74932.1347802	2023.7624316	2023.88863151	0.962572538536	2025.5368389711086	2021.9533053549512	nan	nan
740071	737	75951.344847	2023.42169089	2023.4595035	0.94640582864	2024.8208088663746	2021.5714230034596	nan	nan
742512	738	76082.4955649	2023.70861539	2023.6170517	1.21870007455	2025.4765539351356	2021.9645412504656	nan	nan
742868	739	76092.278573	2023.48176834	2023.56277887	0.900733172145	2024.619767924508	2021.5328359789128	nan	nan
743025	740	76101.5645871	2023.54180785	2023.54690879	0.948647720329	2025.1389568927152	2022.0169221182618	nan	nan
743752	741	76108.9715581	2023.71558791	2023.50315822	1.17651580927	2025.8265122421299	2022.1115223052038	nan	nan
744026	742	76137.9929531	2022.95453738	2022.76257412	0.930971412233	2024.256581593417	2021.5904503629374	nan	nan
744701	743	76207.454653	2023.65618716	2023.39950277	1.06545729376	2025.070652018601	2022.0354451993614	nan	nan
744872	744	76236.9051809	2022.74001766	2022.97250009	1.37053457941	2024.9925186413816	2020.2294307541842	nan	nan
745961	745	76390.6403351	2023.6918041	2023.56986129	1.05713745656	2025.4207410606095	2022.009301741563	nan	nan
746216	746	76392.9039462	2023.12959509	2023.3214866	0.986078694752	2024.486747686155	2021.573899301014	nan	nan
747161	747	76662.963743	2022.75358072	2022.96490273	0.985153087282	2024.7669678866632	2021.252233211947	nan	nan
750739	748	76921.705014	2022.9960169	2023.02175443	1.0288661588	2024.6014161983894	2021.3614819612837	nan	nan
751802	749	76984.0223281	2023.332824	2022.9110829	1.22709745538	2025.0874168227806	2021.846518493085	nan	nan
752938	750	77041.2949271	2022.80074481	2022.59029773	0.89575058976	2024.203017210991	2021.6058958638025	nan	nan
753443	751	77047.6857431	2024.02091179	2023.88607029	1.0408103017	2025.3178172560138	2022.7458902471747	nan	nan
753474	752	77061.959285	2023.49827196	2023.53389078	0.754419738063	2024.5203378367978	2022.6050419856965	nan	nan
755159	753	77134.9370279	2023.35275741	2023.46953336	1.11634790649	2024.806106729071	2021.4846023840357	nan	nan
755914	754	77156.716711	2023.75297553	2023.97859544	1.49202750487	2026.738158791472	2021.7107651789001	nan	nan
758500	755	77279.6550891	2022.94466795	2023.0393037	0.842449421318	2024.2413950289986	2021.0715353722617	nan	nan
760275	757	77342.468564	2023.02749982	2023.1086476	1.36347160259	2025.4445016316681	2020.2459572873947	nan	nan
760133	756	77362.0935981	2023.42937693	2023.2839023	1.02073375769	2025.0070752536128	2021.9535276129047	nan	nan
760908	758	77395.4021261	2023.2064349	2023.39710218	0.780764427503	2024.0884847680525	2021.5721931471803	nan	nan
762216	759	77432.1289151	2023.22192575	2023.09251375	1.18011860491	2025.2332735638108	2021.5607614382186	nan	nan
762555	761	77462.224097	2023.09662785	2022.24092908	1.74078486382	2026.4025968085034	2021.4976045859237	nan	nan
762350	760	77470.116389	2023.38352507	2023.09660575	0.900714550975	2025.3383042742805	2022.6309624821004	nan	nan
763589	762	77568.7576981	2023.97896677	2024.02415961	1.05084530208	2025.6008952663085	2022.033021640676	nan	nan
764882	763	77639.387651	2023.25308327	2022.92115345	1.44164596089	2026.218851028947	2021.4414391259795	nan	nan
765093	764	77663.2211201	2022.98740001	2022.89446868	0.965772326823	2025.2591258734858	2022.1232004175204	nan	nan
765963	765	77795.5288432	2023.05349188	2023.01340815	0.7972367331	2024.0662479360446	2021.4762972158533	nan	nan
766097	766	77815.059622	2023.04263378	2023.16294277	1.1380323021	2024.8922739312652	2021.5362629740957	nan	nan
767763	767	78088.1815519	2023.49110304	2023.46253333	0.770750638764	2024.6903465274481	2022.2877176189509	nan	nan
768000	768	78161.5685351	2022.89482753	2022.89481902	0.683401518391	2024.0738621766882	2021.4456303324575	nan	nan
771541	769	79106.9029481	2023.33770043	2023.24783483	0.882274606113	2025.0885226326532	2021.4862983814642	nan	nan
774687	770	79262.5755181	2023.59757651	2023.63908184	0.75748970357	2024.7563756828959	2022.2603241443749	nan	nan
775149	773	79272.1371601	2023.2260784	2023.08600098	1.00674520659	2024.9723499587099	2021.4666053556832	nan	nan
774853	771	79279.8654201	2023.458447	2023.4547549	1.12999183266	2025.333740779012	2021.504064625157	nan	nan
775057	772	79291.1827171	2023.63540494	2023.5687292	0.715637082422	2024.5768590855755	2022.4249253946234	nan	nan
775695	774	79332.688251	2023.92667465	2023.26099725	1.33324681493	2026.1263656605615	2022.677883910832	nan	nan
776652	775	79411.945441	2023.88745802	2023.80835302	0.862499546372	2025.0178333151994	2022.3763365776051	nan	nan
776957	776	79445.7812111	2023.50956152	2023.56732999	1.03002183048	2024.8155392931496	2021.4648445026874	nan	nan
778097	778	79586.4565291	2023.94810797	2023.72212372	0.988116496107	2025.489449654703	2022.73098032211	nan	nan
778069	777	79587.3160131	2023.77408075	2023.61913382	0.961874971374	2025.6068723166916	2022.0865631581669	nan	nan
779115	779	79881.4237721	2022.86591907	2022.88587025	0.813203019846	2024.150852934569	2021.4857403583978	nan	nan
783042	780	80149.2870409	2023.53590057	2023.53395356	1.07063575761	2024.8602798929007	2021.520722578257	nan	nan
784259	781	80213.8545101	2023.87927642	2024.12359482	1.30289453324	2025.562636270897	2021.1761999322887	nan	nan
785475	783	80262.049993	2023.23323468	2023.28602764	1.12618963094	2024.9658001793598	2021.587947782801	nan	nan
785440	782	80271.7733982	2023.75715904	2023.16903282	1.31192523305	2025.7487525882839	2021.9881867101735	nan	nan
785765	784	80300.498451	2024.0161304	2024.3179455	0.961699550253	2024.9638007040046	2021.8493829782778	nan	nan
787054	785	80340.2588789	2023.50328515	2023.4247859	1.19518074483	2025.0898964790945	2021.270302085324	nan	nan
787546	786	80357.6058869	2023.64954265	2023.76196746	1.31945308252	2026.2846737620798	2021.8760264818998	nan	nan
790321	787	80477.8922591	2023.42866879	2023.77691726	1.06280261738	2025.0174364657503	2021.938777881049	nan	nan
791892	788	80548.8921189	2023.86200375	2023.80533211	0.66218860971	2025.2874145753726	2022.8143814096366	nan	nan
792301	789	80580.9675541	2023.27251615	2023.06668094	0.893657367137	2024.6295824234408	2022.0889773677816	nan	nan
793039	790	80595.516964	2023.49211734	2023.25900402	1.05646390543	2025.1498137998233	2021.8854639111823	nan	nan
793802	791	80631.885937	2023.85511358	2024.00743644	1.26039869495	2025.8584948376842	2021.2720535334333	nan	nan
794353	792	80684.383384	2023.47463638	2023.72238376	1.34589229025	2024.9568146766762	2020.4905267928295	nan	nan
794408	793	80686.7287621	2023.10251365	2023.16547587	0.640659601118	2024.016451824132	2022.1716100312715	nan	nan
795896	794	80798.6280951	2023.64858843	2023.71187405	0.705723312672	2024.67296772555	2022.0920844658142	nan	nan
796784	795	80866.1854651	2023.58642216	2023.91348726	0.934505593418	2024.854252635608	2021.9522727969083	nan	nan
797036	796	80884.3149121	2023.25050015	2023.26283073	0.526118112188	2024.006373785272	2022.2531983842598	nan	nan
797949	797	81021.31078	2023.44339085	2023.32627388	1.09876140278	2025.3998366414453	2022.294323676532	nan	nan
798086	798	81035.907795	2023.82510825	2023.61513651	1.20561612823	2025.9712653911247	2022.0543561666	nan	nan
799750	799	81321.755713	2023.10563801	2023.4094163	1.18718501889	2024.6787526718279	2020.7285730296423	nan	nan
800000	800	81400.655654	2023.87002256	2023.63135333	1.2674710957	2025.9728255928885	2021.8902985771174	nan	nan
802899	801	82277.9247591	2023.76667453	2023.57258217	1.17268370728	2025.617901050078	2022.0333291622635	nan	nan
806645	803	82440.1023312	2024.24374039	2024.52857745	1.19245114033	2025.643345680285	2021.7849326312391	nan	nan
806421	802	82457.152252	2023.4013992	2023.36735785	0.739697963434	2024.544910230925	2022.0309843282164	nan	nan
806739	804	82461.635092	2023.4807204	2023.32199636	1.0370522441	2025.3235577011183	2021.6738239032488	nan	nan
806991	805	82490.8019722	2023.94048347	2024.30410426	1.6876482515	2025.8287151272546	2021.0452163939592	nan	nan
807639	806	82526.1388071	2023.97334086	2023.46481922	1.20691075118	2026.4978452420282	2022.9665979037504	nan	nan
808716	807	82612.536202	2024.21322065	2024.22759888	0.84902298562	2025.547924526702	2022.9187725139	nan	nan
809039	808	82640.9478722	2024.27989317	2024.0210032	1.50300960191	2027.651882991038	2022.426389588583	nan	nan
809984	809	82772.783953	2023.77951674	2023.48530424	1.13451972813	2026.5308535619663	2022.7223416548773	nan	nan
810012	810	82792.5929561	2024.02139195	2024.36883353	1.21844174881	2025.3276060558064	2020.9892703113574	nan	nan
811098	811	83095.987448	2024.16414577	2023.97218848	1.15177019811	2026.037973188199	2022.3881325884688	nan	nan
815189	812	83368.9706562	2023.99056352	2024.28072508	1.13997731222	2025.6888744838316	2021.9449484751908	nan	nan
816595	813	83423.4984491	2023.9103988	2024.0831395	1.08283316474	2025.4418280646903	2021.889034172881	nan	nan
817587	814	83460.4050801	2023.86428245	2024.07609249	0.823270573105	2024.6368880598923	2021.793162509973	nan	nan
817835	815	83487.517766	2023.83065137	2024.42942374	1.32646475341	2025.226284147825	2021.215979884663	nan	nan
818322	816	83546.2436872	2024.44164157	2024.58678288	1.27986419231	2026.1077855523959	2021.7325238720978	nan	nan
819446	818	83568.6384339	2024.24549564	2024.44024955	1.1301533135	2026.0600088406236	2022.6748493841342	nan	nan
819071	817	83572.0121191	2023.84786144	2024.00333223	1.09616899247	2025.0086105205646	2021.465421434809	nan	nan
822110	819	83703.1710382	2024.0384616	2023.99604081	0.593763271582	2025.022219315192	2023.0003389135263	nan	nan
823654	820	83779.0680861	2023.91547949	2023.89465858	0.815377603386	2025.4164868818295	2022.8100417220533	nan	nan
824383	821	83820.087693	2023.89517911	2023.84674912	1.15936345065	2025.5501102033995	2021.9028033761033	nan	nan
824730	822	83832.2672281	2024.43884726	2024.23104566	1.18224401669	2026.8876580487417	2023.0029440181124	nan	nan
825451	823	83863.0290902	2023.49072753	2023.68020204	0.639445262811	2024.2020019096428	2022.2454447141013	nan	nan
826326	824	83916.4889309	2023.88653224	2023.79613393	1.19756965514	2026.1274502165106	2021.3107998576072	nan	nan
826350	825	83924.9958889	2023.76519446	2023.92693675	0.774919795677	2024.738139660539	2022.7418203190932	nan	nan
827975	826	84010.466013	2023.57059399	2023.65557484	1.25076552652	2025.3290254750282	2021.5937922833798	nan	nan
828844	827	84109.833895	2024.36147545	2024.48103568	1.04834598097	2026.2321734262018	2022.5316195544704	nan	nan
829046	828	84147.6666801	2023.6969991	2023.61678672	1.04685127296	2025.1639512608806	2021.8775212371793	nan	nan
829955	829	84271.916167	2023.42933363	2023.42954681	1.09326317375	2025.0925731916136	2021.1571945800656	nan	nan
830045	830	84302.029727	2023.98023797	2024.29282967	0.894248905437	2024.9978377314112	2022.474287597546	nan	nan
831726	831	84597.5566301	2024.00328728	2024.14909291	0.913923042922	2025.2362869615708	2022.6335634012246	nan	nan
832000	832	84686.027441	2024.1996737	2023.94753122	1.37204433163	2027.657149467434	2022.613395163747	nan	nan
834598	833	85520.481144	2024.12591151	2024.36581658	1.3375698863	2025.7132335788003	2021.663453923652	nan	nan
838080	834	85537.2518711	2024.36598498	2024.53354035	1.46425528804	2026.5699272781094	2021.5308255394082	nan	nan
838547	836	85579.3608851	2024.04209428	2024.22227459	0.999880109223	2025.6343440521166	2022.5538510096574	nan	nan
838477	835	85589.466651	2024.74704606	2024.75332021	1.0012612533	2026.3122755881864	2023.3743573275706	nan	nan
839000	837	85609.3553841	2023.74405159	2023.33741305	1.39306584792	2026.659459924002	2022.322091454726	nan	nan
839551	838	85659.3141141	2024.73836544	2024.66540868	1.04505494428	2026.4633237689327	2023.4404889800007	nan	nan
840743	839	85750.903384	2024.28464003	2024.10212618	1.10978496518	2027.1012384560352	2022.905600556363	nan	nan
841012	840	85768.9999821	2024.69082333	2024.56330104	1.28286727298	2027.4792834543337	2023.507267972411	nan	nan
841925	841	85905.9394281	2024.71666868	2024.62379112	0.630658927094	2025.606408238564	2023.9625189955552	nan	nan
842000	842	85938.6503711	2024.49684542	2024.67894839	1.12193854111	2025.9288954139915	2022.356447529223	nan	nan
843054	843	86259.457382	2024.61155336	2024.65464767	0.959626276981	2026.0213308203531	2023.2994638206349	nan	nan
